GEOID,DISTRICT
080050831002012,1
080050806003007,1
080050819004005,1
080050863001004,1
080050854001023,1
080059800001004,1
080739617003022,1
080050831003011,1
080050839002001,1
080399612044029,1
080050819003004,1
080399612042008,1
080050857001012,1
080050833001009,1
080050822003001,1
080050820003001,1
080050809002011,1
080050808002005,1
080050834002016,1
080050858001004,1
080050071103039,1
080739617002083,1
080050071101015,1
080050833002015,1
080050075001011,1
080050071102043,1
080050858001012,1
080050814004014,1
080050814001004,1
080050835002003,1
080050851003001,1
080050073024007,1
080050854001020,1
080739618002431,1
080050835005007,1
080050074002001,1
080050071111028,1
080050854001022,1
080050815001001,1
080050841002011,1
080050851003008,1
080050071121037,1
080050074001006,1
080050837002031,1
080050808001008,1
080050867001019,1
080739617003021,1
080050846004001,1
080050842001001,1
080050071102028,1
080050826003006,1
080739617002006,1
080050857003007,1
080050811012001,1
080050071013055,1
080050845001007,1
080050071013044,1
080050071121019,1
080739617003037,1
080050839002003,1
080050071132045,1
080050071102035,1
080050071102027,1
080050074002009,1
080399612044008,1
080050817002002,1
080050071062023,1
080739617002074,1
080050843002009,1
080050812001001,1
080050861001001,1
080050845002002,1
080050859001026,1
080050806001004,1
080050851001007,1
080050071102024,1
080050852001000,1
080050831002032,1
080050828001004,1
080050071082025,1
080050817001009,1
080050071103078,1
080739617001074,1
080050071014022,1
080050071091029,1
080050806003000,1
080050071012004,1
080050810021001,1
080050866001002,1
080050071102021,1
080050822003007,1
080050826002003,1
080050071013030,1
080050809002028,1
080050816003010,1
080050071121036,1
080399612042024,1
080050832013012,1
080050860021007,1
080050071012000,1
080739618002036,1
080050848001006,1
080050828001010,1
080050830002007,1
080050071014005,1
080050837001026,1
080399612091020,1
080050807001007,1
080050804003005,1
080050855002001,1
080050850001001,1
080050813001011,1
080050823002005,1
080050844001016,1
080050071082048,1
080739617003047,1
080739617001119,1
080050863001009,1
080050831002005,1
080050830001014,1
080050814001000,1
080050810011005,1
080739617002018,1
080050071011089,1
080739617001035,1
080050071012030,1
080050859001014,1
080050071012031,1
080050816002009,1
080739618002085,1
080050865002022,1
080050837002027,1
080050071132042,1
080050850001015,1
080050860011004,1
080050812002002,1
080050071013066,1
080050071103075,1
080050071061055,1
080050849002004,1
080050861003013,1
080050071061027,1
080050811022009,1
080050846001001,1
080050071011042,1
080050805001013,1
080050863002003,1
080050071013068,1
080050071013023,1
080050828002004,1
080739618002099,1
080050845001002,1
080050823003007,1
080050814001006,1
080050815001000,1
080739617001098,1
080050074001012,1
080050823002006,1
080739617001117,1
080050852002012,1
080050818002002,1
080050822001014,1
080050856001002,1
080050857001004,1
080050077022003,1
080050857003005,1
080050848001019,1
080050866001012,1
080050071011092,1
080050859001028,1
080050814004013,1
080050822004010,1
080050838002000,1
080399612091015,1
080050829001017,1
080050071081002,1
080050071091017,1
080050071013061,1
080050071081017,1
080399612051023,1
080739618002096,1
080399612051034,1
080399612043008,1
080050071103085,1
080050071062053,1
080050867001025,1
080050075001016,1
080050071132033,1
080050851001002,1
080050866001011,1
080050071132021,1
080050862002013,1
080050071122008,1
080739617001027,1
080050071012041,1
080050074002000,1
080050851002017,1
080050814001005,1
080050857001010,1
080050071011053,1
080050804002003,1
080050815002003,1
080050071132001,1
080739617002070,1
080050865002015,1
080399612041006,1
080050830002020,1
080050071121046,1
080050073012005,1
080050071101019,1
080050071091024,1
080050071122010,1
080050848001013,1
080050855001010,1
080050812003001,1
080050845002000,1
080050071061019,1
080050831002049,1
080050811011003,1
080050827001010,1
080050831002026,1
080050811013004,1
080050815001004,1
080050811012007,1
080050823003004,1
080050071103063,1
080050827001004,1
080050821002002,1
080739618002031,1
080050073012013,1
080050071014061,1
080050835003000,1
080050821001008,1
080050831002004,1
080050809001022,1
080050847002008,1
080050833002007,1
080050074002008,1
080050071014000,1
080050071061007,1
080050809002001,1
080050814003005,1
080739618002033,1
080050853001004,1
080050836002010,1
080050843001000,1
080050822001008,1
080050071101003,1
080050848002003,1
080050071014039,1
080050071132013,1
080050831001001,1
080050071121023,1
080050850001006,1
080050823003003,1
080050862001009,1
080739618002430,1
080050819002010,1
080050807001008,1
080050071132005,1
080050847004002,1
080050825002007,1
080050071011091,1
080739618002018,1
080050848002008,1
080050833003017,1
080050866001019,1
080050071013034,1
080739618002017,1
080050847003003,1
080050862003000,1
080739618002428,1
080050071012017,1
080739618002135,1
080050853001023,1
080050828001007,1
080050816004009,1
080050816002004,1
080399611001042,1
080050837001000,1
080050805002004,1
080050811021004,1
080050830001010,1
080050076004001,1
080050857001007,1
080050071132047,1
080050860012009,1
080050852001002,1
080050846001002,1
080399612091011,1
080739617002084,1
080050071011009,1
080050816003011,1
080050859002008,1
080050813001004,1
080050866002033,1
080739618002441,1
080050071011022,1
080399612041004,1
080050864001000,1
080050864001014,1
080050835002006,1
080050071122000,1
080050071091032,1
080050806001000,1
080050854001007,1
080050800002001,1
080050071111011,1
080050848001000,1
080050843001014,1
080050832021014,1
080050861001000,1
080050829002009,1
080050846003002,1
080050809001005,1
080050071011002,1
080050850001029,1
080050071121042,1
080050071081018,1
080050831002008,1
080050077021013,1
080399612041017,1
080050863001005,1
080050818002009,1
080050833003009,1
080050829003002,1
080739618002088,1
080050845002005,1
080050071062032,1
080739617001051,1
080050843002008,1
080050865003007,1
080050071082012,1
080399612042027,1
080050854001002,1
080050809002012,1
080739617001112,1
080050858001001,1
080050851002007,1
080739618002442,1
080050071101021,1
080050833002002,1
080050809001007,1
080050837002029,1
080050841002012,1
080050819004007,1
080739617001099,1
080050854001008,1
080050860021029,1
080050812002000,1
080050071014066,1
080050068541009,1
080050846004011,1
080050841003019,1
080050071012028,1
080050849002014,1
080050071101023,1
080399612051029,1
080399612042012,1
080050073021003,1
080050816004003,1
080050849001002,1
080050817002009,1
080050076003007,1
080050071132003,1
080050809001021,1
080050859002012,1
080050855002010,1
080050071061028,1
080050077031008,1
080739617001047,1
080050071111049,1
080399611001050,1
080050071132007,1
080050818002019,1
080050071101002,1
080399611001000,1
080050071014076,1
080050832012009,1
080050821001000,1
080050071111000,1
080050866002018,1
080050826004002,1
080050071091007,1
080050071081031,1
080050832021012,1
080050822001007,1
080399612072009,1
080050071013056,1
080050829002004,1
080050811011010,1
080050071101029,1
080050863001008,1
080050071082020,1
080050813001001,1
080050855001003,1
080050814004001,1
080399611001033,1
080059800001013,1
080050833003003,1
080050812003000,1
080050867002032,1
080050866002010,1
080050071011061,1
080050866001014,1
080050822001016,1
080050830002027,1
080050801003002,1
080050834002017,1
080050845001003,1
080050071091002,1
080050821002010,1
080050822001013,1
080050826001008,1
080050071121025,1
080050825001002,1
080050852002001,1
080739618002060,1
080050818003014,1
080050814002006,1
080050832021016,1
080050077023009,1
080050820002010,1
080050076001001,1
080739617001111,1
080050071111010,1
080050859001021,1
080050842002008,1
080050824001015,1
080050866001016,1
080050860021030,1
080050071012051,1
080050862003023,1
080050811021002,1
080050073012004,1
080739617002063,1
080050071013040,1
080050071062000,1
080739617001118,1
080050816003001,1
080050071111061,1
080050071081004,1
080739618002413,1
080050844002007,1
080050818001005,1
080050829001008,1
080739618002050,1
080399612041012,1
080050832021007,1
080050074001010,1
080050814002005,1
080050071012006,1
080050817001020,1
080050073021002,1
080050068541005,1
080050820001006,1
080050071103040,1
080050071122016,1
080050851002010,1
080050847001000,1
080050071012019,1
080050829002007,1
080050831003013,1
080050071111013,1
080739618002120,1
080050828001015,1
080050831001007,1
080739617002036,1
080050071011051,1
080050850001035,1
080050074001007,1
080050807001014,1
080050867001008,1
080399612051031,1
080050816003004,1
080050814001018,1
080050071082019,1
080050833001000,1
080050866003007,1
080050071012045,1
080050071014063,1
080050073011003,1
080050857002008,1
080050071011067,1
080739618002047,1
080050809002002,1
080050808001004,1
080050805001012,1
080050077031016,1
080050071014040,1
080050073011011,1
080050071014054,1
080050071014081,1
080050837001017,1
080050836003007,1
080050848001012,1
080050071111048,1
080050846002011,1
080050071121021,1
080050071111052,1
080050844002012,1
080050809002021,1
080739618002039,1
080050849002006,1
080050813002009,1
080050842003000,1
080050841001010,1
080050836002012,1
080399611001021,1
080050077022000,1
080739617003000,1
080050852002013,1
080739617003029,1
080050838002010,1
080050866003006,1
080050809002005,1
080739617002003,1
080050865001002,1
080739617002066,1
080050071132035,1
080050861002004,1
080050835002005,1
080050857004008,1
080050073012017,1
080050833002021,1
080050858001020,1
080050862002007,1
080050810021005,1
080050844002014,1
080050834002021,1
080739618002032,1
080050835001003,1
080050840002008,1
080050071013046,1
080050855002003,1
080739617003012,1
080050844001020,1
080739617002004,1
080050837001004,1
080050865003005,1
080050858001016,1
080050819002016,1
080050071132015,1
080050858001009,1
080739617003024,1
080399612051027,1
080050859001009,1
080050826001005,1
080050843001002,1
080739617003002,1
080050838002003,1
080399611001078,1
080050071121004,1
080050071103083,1
080050866002034,1
080399612091010,1
080050830002000,1
080050852002007,1
080050074003012,1
080050859001015,1
080050077021008,1
080050073024006,1
080050859002017,1
080050834001000,1
080399611001064,1
080050840003006,1
080050071013039,1
080050825001011,1
080050824002002,1
080050832012022,1
080739617002042,1
080050075001015,1
080050071012005,1
080050071062018,1
080050071082038,1
080399611001069,1
080050849002000,1
080050859002025,1
080050071014094,1
080739617002077,1
080050833002000,1
080050071101035,1
080050842002000,1
080050808001010,1
080050866002025,1
080050830002016,1
080050853001012,1
080739617002035,1
080050834002018,1
080050819002005,1
080050866001004,1
080399612091005,1
080050826001011,1
080050818002013,1
080050822002000,1
080050815003001,1
080050801003010,1
080399612051035,1
080050821002011,1
080399612044001,1
080739617003033,1
080050808001003,1
080050816004011,1
080050810022001,1
080050844001009,1
080399611001015,1
080050817001014,1
080050812001012,1
080050809001010,1
080050807001000,1
080050071091053,1
080739617001058,1
080050818002011,1
080050071014059,1
080050808001007,1
080050811022002,1
080050854001010,1
080050833003016,1
080050835004009,1
080050071062045,1
080050864001007,1
080050832013011,1
080050838003001,1
080050836003008,1
080050832021021,1
080050859001040,1
080399612041000,1
080050860021019,1
080050860011015,1
080050815001006,1
080050859001055,1
080050851001011,1
080739618002098,1
080739618002084,1
080739618002006,1
080050830002001,1
080050822003008,1
080050071103057,1
080050071031014,1
080050841001004,1
080050071103016,1
080050071103015,1
080050806002001,1
080050071103067,1
080739617003001,1
080050856001001,1
080050843001010,1
080050071082024,1
080050831003004,1
080739617002044,1
080399612044019,1
080739617001130,1
080050843001001,1
080050822003005,1
080050071111054,1
080050833003002,1
080050859001002,1
080050867001026,1
080050842001000,1
080050854003007,1
080050851001008,1
080050077031012,1
080050860021020,1
080050816002006,1
080050829001004,1
080050071011031,1
080050071082007,1
080050808002000,1
080050071014027,1
080050815003000,1
080739617001053,1
080050071031009,1
080050071012014,1
080050075002001,1
080050077023005,1
080050071132046,1
080050071062054,1
080739617001133,1
080050811012005,1
080050814002015,1
080050832011011,1
080399612044005,1
080050071062004,1
080050824002001,1
080050841002005,1
080050850001022,1
080050832021002,1
080050829002001,1
080050830001012,1
080050810011010,1
080050867002026,1
080050831002003,1
080050835001004,1
080050071082014,1
080050848001005,1
080050847001004,1
080050826004008,1
080050865001010,1
080050077023004,1
080050077021000,1
080050860021012,1
080050071014017,1
080050819004001,1
080739617002051,1
080050834002019,1
080050865002005,1
080050863002007,1
080050822001005,1
080739617002050,1
080050824001001,1
080050831003006,1
080050812001006,1
080050821002007,1
080050807001016,1
080050829003006,1
080399612042015,1
080050071081022,1
080050831002013,1
080050844001003,1
080050809002007,1
080050800002018,1
080050849002003,1
080399612042041,1
080050077022007,1
080050071081001,1
080050843001003,1
080050071011068,1
080050864001013,1
080050859002006,1
080050800002002,1
080050075001006,1
080050814001013,1
080050071102010,1
080050814003010,1
080050867001007,1
080050819003005,1
080050832012026,1
080050831003003,1
080050843001015,1
080399612072008,1
080739618002055,1
080050831002031,1
080050826003001,1
080050829002008,1
080050835005002,1
080050071103059,1
080050864001019,1
080399612072010,1
080050864002002,1
080050071082004,1
080050841003014,1
080050830002026,1
080050859001050,1
080050800002007,1
080050866002036,1
080050833003012,1
080050841003015,1
080050071014051,1
080050861001002,1
080739617001108,1
080050804003001,1
080050071101025,1
080050809002016,1
080050829003004,1
080050071111046,1
080050073011006,1
080050076001002,1
080050860021015,1
080050071011012,1
080050813001013,1
080739617001041,1
080050071031026,1
080050859002022,1
080050846003010,1
080050841001006,1
080050825001003,1
080050864001003,1
080739617002026,1
080050830002014,1
080050807001012,1
080739617002067,1
080050071091012,1
080050071031016,1
080050853001000,1
080050071061003,1
080050071103045,1
080050833001010,1
080050860012001,1
080050077031014,1
080050809002019,1
080050813002003,1
080050862002001,1
080050071082001,1
080050828003007,1
080739618002116,1
080050837002003,1
080050071012040,1
080050077023008,1
080050832021018,1
080050848002011,1
080050076002007,1
080050071132002,1
080050071011045,1
080050828003010,1
080739617001094,1
080050817001007,1
080050833002009,1
080050071061059,1
080050816001001,1
080050071031010,1
080050805001006,1
080050857001005,1
080399612042016,1
080050828002000,1
080399612051028,1
080050071061033,1
080739617001110,1
080050823002009,1
080050823001006,1
080739618002065,1
080050857004005,1
080050832011014,1
080050810022008,1
080050826002005,1
080050071091049,1
080050071014029,1
080050863001007,1
080050809002030,1
080050834001008,1
080050830001008,1
080050077023012,1
080050821001001,1
080050835004006,1
080050809002024,1
080050071061005,1
080050855003000,1
080050866003009,1
080050863001000,1
080050848001018,1
080050073012009,1
080050073021004,1
080050816004001,1
080050834001016,1
080050071031011,1
080399611001076,1
080050813002008,1
080050859001012,1
080050851002004,1
080050071102026,1
080050805002003,1
080050823001007,1
080739617001138,1
080050071101005,1
080050817001015,1
080050071102011,1
080050861001003,1
080050835004000,1
080050071062043,1
080739617003039,1
080050071011060,1
080050845001001,1
080050865002023,1
080050855003004,1
080050071103032,1
080050834003002,1
080739618002107,1
080050071062013,1
080050822002013,1
080050836003001,1
080050077041003,1
080050834001015,1
080050077022015,1
080050073024009,1
080050071062036,1
080739618002416,1
080739617002052,1
080050866001005,1
080050071012001,1
080050866003013,1
080050844001000,1
080050073011009,1
080050865002011,1
080050071102041,1
080050822004000,1
080050071103033,1
080050819004009,1
080739617002033,1
080050862003019,1
080050852001005,1
080399612051038,1
080739617001059,1
080050807001009,1
080050076004003,1
080050856001003,1
080050862003005,1
080050073011000,1
080399612041005,1
080050862003012,1
080050859002020,1
080050805001005,1
080739617001129,1
080050851002016,1
080050834001009,1
080050845002003,1
080050807001004,1
080050071013090,1
080050071011056,1
080050832012008,1
080050832012031,1
080050073011001,1
080739618002420,1
080050829001009,1
080050071132000,1
080050809002018,1
080050859002005,1
080050071013005,1
080050071014068,1
080050861003007,1
080050071013013,1
080050071122001,1
080050832021005,1
080050849001003,1
080050859001018,1
080050071131016,1
080399611001026,1
080050850001030,1
080050071131007,1
080399611001056,1
080050071103021,1
080050814001002,1
080050834002025,1
080050071061010,1
080050071014021,1
080399612042009,1
080050852002005,1
080050832012015,1
080050809002017,1
080050071061041,1
080050829001016,1
080739617002059,1
080739618002049,1
080399612051005,1
080050818001010,1
080399612052001,1
080050821001002,1
080050075001001,1
080050832013007,1
080050073024000,1
080050846004014,1
080050833002011,1
080050863002004,1
080050074001019,1
080050814001008,1
080739617001003,1
080050831003014,1
080050071101033,1
080050814003009,1
080050071102042,1
080050835004004,1
080050867002009,1
080399611001023,1
080050833001012,1
080050071014078,1
080050832011012,1
080050851003007,1
080050832011002,1
080050077031015,1
080050854003005,1
080050071122004,1
080050071132018,1
080050071082000,1
080050818002007,1
080050839002004,1
080050071062033,1
080050811022010,1
080050833003015,1
080050816004013,1
080050859001059,1
080050071061050,1
080050867002028,1
080050854003003,1
080050814002013,1
080050071014012,1
080050075002007,1
080050822003002,1
080050073021005,1
080050860012007,1
080050822002001,1
080050835004010,1
080050800002011,1
080050071013012,1
080050807003007,1
080050865002019,1
080050846004005,1
080050853001003,1
080050863001016,1
080050071091048,1
080050076001003,1
080050071132037,1
080050071131017,1
080050825002009,1
080050071013091,1
080050838003003,1
080050071011005,1
080050838002001,1
080050071131004,1
080050077023003,1
080050855003003,1
080050811012012,1
080050854001017,1
080050071013016,1
080050831002001,1
080050816004007,1
080050071103011,1
080050845002009,1
080050859002004,1
080739617003043,1
080050846004017,1
080050801003007,1
080739617003005,1
080050833002010,1
080050819002013,1
080050853001007,1
080050071082044,1
080050833003007,1
080050071103082,1
080050831002040,1
080050071103050,1
080050823003002,1
080050828003011,1
080050860012004,1
080050071013088,1
080050835002007,1
080050071011065,1
080739617002078,1
080050840002006,1
080050071011006,1
080050074002007,1
080050859002026,1
080050071103096,1
080050829001000,1
080050816004000,1
080050071012054,1
080050843001009,1
080050828004006,1
080050860012010,1
080050859001004,1
080399611001048,1
080050835005009,1
080050832012000,1
080050071062010,1
080050800002005,1
080399611001079,1
080739617001007,1
080050828001008,1
080050857004004,1
080739617001020,1
080050071062014,1
080050071012048,1
080739618002040,1
080050829003018,1
080050071061023,1
080050071031001,1
080050071011030,1
080050826004003,1
080050073012001,1
080050846002005,1
080050071014034,1
080050818002001,1
080050865002004,1
080050836003006,1
080739617001033,1
080050826002009,1
080050855001001,1
080050859002029,1
080050836001007,1
080050809002026,1
080739617001096,1
080050829003005,1
080050820001003,1
080050071014032,1
080050071031015,1
080050857003006,1
080050830002021,1
080050073021010,1
080050808002010,1
080050819004010,1
080050830002005,1
080050845002007,1
080050852001022,1
080050071062017,1
080050824001011,1
080050805001014,1
080050071014002,1
080050071014077,1
080050071131024,1
080050834003000,1
080050840001006,1
080050860011014,1
080050831002035,1
080050835003004,1
080399612072007,1
080050068542008,1
080050818003003,1
080050804003008,1
080050075001010,1
080399612051024,1
080739618002021,1
080399612041020,1
080050857001017,1
080050847003007,1
080050857001002,1
080050806003003,1
080399612041003,1
080050841003012,1
080399611001060,1
080050865002016,1
080050833003010,1
080050071102030,1
080050071111059,1
080739618002001,1
080399612072012,1
080050866002007,1
080050817001008,1
080050071014069,1
080050847002006,1
080050821002008,1
080050813001005,1
080050861003002,1
080050074001023,1
080050845001000,1
080050071121055,1
080739617001056,1
080050814004007,1
080050867002023,1
080050071061046,1
080050860021026,1
080050856002001,1
080050851003004,1
080399611001073,1
080399612072013,1
080050834003009,1
080050073021008,1
080050071013079,1
080050826001010,1
080050071103076,1
080050841003004,1
080050071091009,1
080399611001013,1
080050814004005,1
080050846004016,1
080050809001006,1
080739617002027,1
080050862001004,1
080050864001009,1
080050811021005,1
080050810011011,1
080050816004014,1
080050851003005,1
080050071102015,1
080050076002002,1
080050843001022,1
080739617001054,1
080050854001005,1
080739617002092,1
080050854001016,1
080050071014060,1
080050071101026,1
080050071061034,1
080739618002023,1
080050860011001,1
080050833003008,1
080050816003008,1
080050851001012,1
080050071121048,1
080050853001028,1
080050849001005,1
080050811011002,1
080050827001007,1
080050818003008,1
080050071132049,1
080050866003008,1
080050861001013,1
080050071031002,1
080050853001013,1
080399611001031,1
080399612043004,1
080050847004001,1
080050077042002,1
080050819001001,1
080050071101024,1
080050077042001,1
080050844001011,1
080050837002025,1
080050071091060,1
080050826004006,1
080739617002090,1
080050839001007,1
080739618002427,1
080050844002005,1
080739617002010,1
080050071013002,1
080050071011007,1
080050862003010,1
080050814002011,1
080050071132008,1
080050832021019,1
080050071111032,1
080050850001025,1
080050836002013,1
080050814001016,1
080050828003012,1
080050851002014,1
080050865002020,1
080050823001004,1
080050851003012,1
080050817002001,1
080050823003000,1
080050071061054,1
080050071121022,1
080050854003010,1
080739617001016,1
080739617001068,1
080050071011026,1
080050841002008,1
080050864002014,1
080050836003002,1
080050071014024,1
080050071061009,1
080050071082033,1
080050849002010,1
080739617002001,1
080050806001005,1
080050811012016,1
080050071081024,1
080050841003016,1
080739617001123,1
080050829002013,1
080050071031005,1
080739618002412,1
080050073012007,1
080739617002057,1
080050817001016,1
080050810011004,1
080050077022014,1
080050840001004,1
080050819001000,1
080050819002000,1
080050840002010,1
080050071131009,1
080050852002000,1
080050814004012,1
080050865002026,1
080050071103087,1
080050857001011,1
080050848002005,1
080050831002023,1
080050071101018,1
080050840003000,1
080050071061060,1
080399612044000,1
080739617001034,1
080050832012006,1
080050844001014,1
080050071062016,1
080739618002045,1
080050807002003,1
080050846004012,1
080050855002009,1
080050817001004,1
080050864001002,1
080050862003007,1
080050071081032,1
080050071111007,1
080050859001069,1
080050851002008,1
080050071132051,1
080050075002011,1
080050805001000,1
080050077031013,1
080050832011005,1
080050071061032,1
080739618002042,1
080050809001020,1
080050847003004,1
080739617001076,1
080050834001006,1
080050817001019,1
080050845002001,1
080050820002008,1
080399612041019,1
080050841002009,1
080050809002015,1
080050861002023,1
080399612052003,1
080050071061002,1
080050834002013,1
080050818001006,1
080050071121044,1
080050077041001,1
080050827001003,1
080050862003001,1
080050855002011,1
080739617003006,1
080050838001007,1
080739617001032,1
080050859002028,1
080050819003001,1
080050803002006,1
080050831003015,1
080050861003005,1
080050071111055,1
080739618002092,1
080050811012003,1
080399612043000,1
080050068622015,1
080050071082035,1
080050071091047,1
080050816004016,1
080050071111044,1
080050811022004,1
080399612042021,1
080050807001011,1
080050805001022,1
080050834001014,1
080050822001006,1
080050800002014,1
080050839001003,1
080050854003004,1
080050853001008,1
080050071103014,1
080050071013077,1
080050831003016,1
080050807004002,1
080399611001057,1
080050077031010,1
080050071011046,1
080050071011032,1
080739618002111,1
080050850001033,1
080399612041011,1
080050071082045,1
080050801003009,1
080050813002000,1
080050071011075,1
080050071012046,1
080050837002007,1
080050814002009,1
080050073012018,1
080050819002002,1
080050852001004,1
080050835005006,1
080050834002023,1
080050822001011,1
080050077022005,1
080050853001019,1
080399612051041,1
080399612043007,1
080050841003000,1
080050831003002,1
080050071101031,1
080050833003020,1
080050071014046,1
080739617001143,1
080050818003001,1
080050071011085,1
080050071082013,1
080050834001017,1
080399612051014,1
080050855001007,1
080050071062038,1
080050812002005,1
080399611001070,1
080050071011083,1
080399612051026,1
080050829001018,1
080050820003000,1
080050841002015,1
080059800001015,1
080050814003002,1
080050071082040,1
080050821001009,1
080050847003006,1
080050825001009,1
080050077043001,1
080050857001000,1
080050866002029,1
080050071014015,1
080050817002006,1
080050071091013,1
080050841002013,1
080050074002005,1
080050071121006,1
080050851002009,1
080739617001036,1
080050818003007,1
080050814002014,1
080050859001008,1
080399611001044,1
080050071013014,1
080399611001007,1
080050849002002,1
080739618002108,1
080050862002005,1
080050829003001,1
080050833002024,1
080050851002006,1
080050847004007,1
080050847004004,1
080050833003000,1
080050841002000,1
080050071111009,1
080050071014030,1
080050860012002,1
080050814002001,1
080050071061029,1
080050835005008,1
080050846004020,1
080050841001005,1
080739617001023,1
080050819002008,1
080050831002017,1
080050835004008,1
080050817001003,1
080050861002015,1
080050860021017,1
080050071103041,1
080050855002013,1
080050071111017,1
080050865002021,1
080050857004012,1
080050071082017,1
080050841002003,1
080050071014088,1
080050068622032,1
080050836001010,1
080739617002089,1
080050071013067,1
080050810011002,1
080050071082027,1
080050804002006,1
080050071111022,1
080050068542000,1
080050854001015,1
080050865002024,1
080059800001021,1
080050841003002,1
080050077021005,1
080050837001009,1
080050805002006,1
080050826004005,1
080050844002015,1
080050813002002,1
080050847004009,1
080050858001010,1
080050806001001,1
080050864001018,1
080050809002000,1
080050860022002,1
080050866002019,1
080050857003001,1
080050074001000,1
080050071102005,1
080050071011027,1
080050864001022,1
080050843001017,1
080050863001022,1
080050826002001,1
080050857001013,1
080050815001003,1
080050832012001,1
080739617003013,1
080399611001001,1
080050071102003,1
080739618002052,1
080050859001073,1
080050824003002,1
080050862003015,1
080050075001004,1
080050822001004,1
080050825002004,1
080739618002068,1
080050071011039,1
080739617002094,1
080050807001002,1
080050071091055,1
080050811022003,1
080050071131003,1
080050071111004,1
080050848001010,1
080050071101032,1
080050814002002,1
080050822004009,1
080050071091072,1
080050832013006,1
080059800001016,1
080050810021000,1
080739618002070,1
080399611001014,1
080050071131023,1
080739617002040,1
080050839002002,1
080050808002007,1
080050071031024,1
080050071061026,1
080050816003007,1
080050077023011,1
080050071082056,1
080050071031018,1
080050831002041,1
080050838002006,1
080050866002022,1
080050867002007,1
080050854001006,1
080050806003002,1
080050832012018,1
080050846003006,1
080050814002018,1
080050071013043,1
080050811021001,1
080050850001013,1
080050825002011,1
080050820001000,1
080050859002002,1
080739618002419,1
080050071091023,1
080050838003004,1
080399611001074,1
080050861001011,1
080050071101016,1
080050828003004,1
080050071103023,1
080050855001004,1
080050859002027,1
080050077022006,1
080399611001012,1
080050071091026,1
080050852001017,1
080050859002024,1
080050832012028,1
080050071091044,1
080050809001015,1
080050846004013,1
080050813001015,1
080050836001011,1
080050859002009,1
080739618002062,1
080050860012013,1
080739618002058,1
080050866002026,1
080050071091041,1
080050850001003,1
080739617002093,1
080050071011038,1
080050071091033,1
080050848002006,1
080399612051032,1
080050837002033,1
080050071013041,1
080050867002018,1
080050071102019,1
080050823003005,1
080050814004004,1
080050851003019,1
080050861002018,1
080050831002024,1
080050071131010,1
080050830001001,1
080399612051016,1
080050077022001,1
080050816003002,1
080050835005000,1
080739617003020,1
080050822004002,1
080050844001006,1
080050071091064,1
080050807003005,1
080050077043004,1
080050823002011,1
080050071011011,1
080050837002009,1
080050835004011,1
080050829001011,1
080739618002053,1
080050076004005,1
080050844001018,1
080050834001018,1
080050852002004,1
080050836001012,1
080050073024010,1
080050071061053,1
080050845002004,1
080050805002002,1
080050851001006,1
080050828001003,1
080739618002438,1
080050855001005,1
080050848001014,1
080050812002003,1
080050817002005,1
080050865002017,1
080050822001012,1
080050076003003,1
080050813001002,1
080050843002012,1
080050830002009,1
080050071013087,1
080050846002009,1
080050075001017,1
080059800001027,1
080050809002010,1
080050844001019,1
080050073011010,1
080050071013006,1
080050867002019,1
080050071111012,1
080050071062021,1
080050071011090,1
080050861002002,1
080050851001003,1
080050848002012,1
080050827001001,1
080050841002014,1
080050811012015,1
080050834003011,1
080050851003010,1
080399612051047,1
080739617001037,1
080050853001024,1
080050837002034,1
080050075002006,1
080050071103004,1
080050864001012,1
080050857001006,1
080050071103081,1
080050863001002,1
080050074004008,1
080050815003003,1
080059800001000,1
080050834003005,1
080050826004007,1
080050068541007,1
080050844001004,1
080050852002009,1
080050832013010,1
080050827002001,1
080050847002009,1
080739617002046,1
080050851001009,1
080050843001011,1
080050821001005,1
080050854002005,1
080050814003008,1
080050830002008,1
080050851003009,1
080050841003009,1
080739618002439,1
080050842001004,1
080050815002005,1
080050862003002,1
080050073012020,1
080739617001089,1
080050857004011,1
080050822002004,1
080050071103093,1
080050817001013,1
080739617002071,1
080050859001062,1
080050834001002,1
080050847001002,1
080050811012009,1
080050071012056,1
080050071014085,1
080050818003012,1
080050071061040,1
080050071013052,1
080050834001004,1
080050071014008,1
080050829002012,1
080050071062041,1
080050071013010,1
080050832022000,1
080050859001063,1
080050071014083,1
080050855003001,1
080050859001020,1
080050825001007,1
080050846003011,1
080050074001017,1
080050075002009,1
080050831001005,1
080050861003003,1
080050828001001,1
080399612051042,1
080739617001080,1
080739617001125,1
080050071103005,1
080050835002000,1
080050805001019,1
080739617001005,1
080739617003019,1
080739618002136,1
080399612044028,1
080399611001140,1
080399612051037,1
080050866003011,1
080050820002009,1
080399612091007,1
080050862001018,1
080050071013000,1
080050071103060,1
080739617001019,1
080050859001001,1
080050071121038,1
080050833002017,1
080739618002048,1
080050830001020,1
080059800001018,1
080050845001004,1
080050071061004,1
080739617001104,1
080050077022012,1
080739618002010,1
080050836002001,1
080050071014019,1
080050074001001,1
080050830002029,1
080050071132028,1
080050809001014,1
080050805001015,1
080050077042003,1
080399611001052,1
080050845001006,1
080050071013053,1
080050826004004,1
080050076004008,1
080050826002000,1
080050073012010,1
080050832022004,1
080050866001017,1
080050073011002,1
080050071121009,1
080050811012017,1
080050833001004,1
080050814004009,1
080739617002025,1
080050811012011,1
080050071082053,1
080050827002003,1
080050830002006,1
080050865001004,1
080050810011008,1
080050837002022,1
080050863001024,1
080050071012026,1
080050854001014,1
080050841001008,1
080739617002000,1
080739617003031,1
080050844001012,1
080050862001008,1
080050804002005,1
080739617002072,1
080050074002010,1
080050071121007,1
080050071061013,1
080050861002012,1
080739618002076,1
080050832012029,1
080050816004012,1
080050815002006,1
080050071061051,1
080050071013075,1
080739618002015,1
080050831002019,1
080050833003001,1
080050816002003,1
080050812002008,1
080050860021008,1
080050803004000,1
080050860012015,1
080050071014028,1
080739617001115,1
080399612042038,1
080050071014087,1
080050071131000,1
080050071062027,1
080050816002007,1
080050861002011,1
080050071082002,1
080050867002029,1
080050865001006,1
080050836001000,1
080050831003001,1
080050071011049,1
080050854001018,1
080050822003004,1
080050861002009,1
080050071014026,1
080050071012037,1
080050836002006,1
080050866002004,1
080739618002078,1
080050825001008,1
080050865003006,1
080050860021006,1
080050813002013,1
080050071103054,1
080050071132031,1
080050850001004,1
080050847002001,1
080050846002008,1
080050818001007,1
080050819004011,1
080050823001002,1
080050813001008,1
080050071061011,1
080050861003001,1
080739617003017,1
080050808001005,1
080059800001007,1
080050071014035,1
080050071013001,1
080050071132053,1
080050834002004,1
080739618002061,1
080050071091005,1
080050843001020,1
080050840003002,1
080050071061058,1
080050823001005,1
080050071013029,1
080399612044007,1
080050071062044,1
080050071111025,1
080050811012004,1
080050825001001,1
080050837001008,1
080050073011007,1
080050821001010,1
080050853001020,1
080050821001006,1
080050816002001,1
080399612051000,1
080050077023013,1
080050071102032,1
080050836001002,1
080050862002012,1
080739617001137,1
080050831002002,1
080050852001008,1
080050071102020,1
080050823001000,1
080050071013036,1
080050076002006,1
080050071132010,1
080050071013069,1
080050809002004,1
080739617001107,1
080050805001004,1
080050842002004,1
080050071111041,1
080050852001021,1
080050831003005,1
080050071013027,1
080050828004005,1
080050834002026,1
080050866001021,1
080050071091030,1
080050071013009,1
080739618002411,1
080050819002011,1
080739617001002,1
080050071111053,1
080739617002045,1
080050071014042,1
080050836002015,1
080399612042043,1
080050837001012,1
080050842001002,1
080050071091027,1
080050071082005,1
080050071062049,1
080050846003000,1
080050855001000,1
080739618002030,1
080050829002003,1
080739617001046,1
080050865002010,1
080050859001005,1
080050071011048,1
080050866002027,1
080050827001002,1
080050825002008,1
080050836002002,1
080050837002008,1
080050071011074,1
080050071102029,1
080399612042040,1
080050071061000,1
080050860021031,1
080050852002015,1
080399611001065,1
080050071103090,1
080050071082015,1
080050849001000,1
080399612072004,1
080050837002004,1
080050068541011,1
080050077023001,1
080050071091042,1
080739618002038,1
080050865002007,1
080399612051036,1
080050071013071,1
080050829002015,1
080739617002014,1
080050071091019,1
080050859001032,1
080739617001132,1
080050833003018,1
080050071081025,1
080050071011064,1
080050071013022,1
080050071013015,1
080050847003000,1
080050853001015,1
080050071062011,1
080050071103091,1
080050817001017,1
080050829002000,1
080050805001017,1
080050831002020,1
080050071101037,1
080050855002014,1
080050828001017,1
080050851003020,1
080050071091052,1
080050071091025,1
080050818003015,1
080050071111026,1
080399612051044,1
080050850001005,1
080739617003046,1
080050862003029,1
080050071013024,1
080050071082039,1
080050800002004,1
080050867001000,1
080050831002037,1
080399612042036,1
080739617002023,1
080050071012025,1
080050077021007,1
080050866002030,1
080050804003004,1
080050071062039,1
080399611001141,1
080050846004003,1
080050860021000,1
080050859002021,1
080739617002007,1
080050071062048,1
080050832022008,1
080050849002016,1
080050821002013,1
080050846001007,1
080050846003001,1
080050071062001,1
080050077031002,1
080050848001021,1
080050071131021,1
080050832012003,1
080050071013011,1
080050831002016,1
080399612051004,1
080050071111024,1
080050807001001,1
080050842001015,1
080050843001005,1
080050071111001,1
080399612043001,1
080050826002007,1
080050819001002,1
080050866001018,1
080050842002002,1
080050075001013,1
080050835004005,1
080050865003000,1
080050832022001,1
080050867002006,1
080050866002021,1
080399612044014,1
080050071013060,1
080050833003013,1
080050820002003,1
080050860021021,1
080050865003001,1
080050846004021,1
080050825002002,1
080050806002004,1
080050814002017,1
080050816004005,1
080050837001019,1
080050071091051,1
080050814003006,1
080050832013003,1
080050071091050,1
080050071111019,1
080050831002044,1
080050807001010,1
080050832012013,1
080399611001059,1
080739618002073,1
080050071132038,1
080050862003004,1
080050825001015,1
080399612044004,1
080050834001011,1
080050862002008,1
080050828001006,1
080050071011034,1
080050836002008,1
080050807001013,1
080050862002004,1
080739618002028,1
080050862001019,1
080050846004009,1
080050859001070,1
080050071013070,1
080050804003000,1
080739618002041,1
080050810022000,1
080739618002144,1
080050858001006,1
080050810022006,1
080050819003002,1
080050824003004,1
080050867001011,1
080050832021025,1
080050834001024,1
080050809002027,1
080399612072011,1
080050071122003,1
080050861003014,1
080050818003004,1
080739617001022,1
080050820002000,1
080050076004009,1
080050071111005,1
080050866001000,1
080050073011008,1
080050071091059,1
080050819002014,1
080050832012012,1
080050073012019,1
080050862003027,1
080050831002034,1
080050071121035,1
080050854003011,1
080050850001034,1
080050831002025,1
080050075001012,1
080050839002008,1
080739617001064,1
080050817002000,1
080739618002087,1
080739617002043,1
080050826001003,1
080050825001013,1
080399612044002,1
080050866001001,1
080050818003010,1
080050843001006,1
080050831002006,1
080050831002029,1
080050831003021,1
080050860012003,1
080050854003009,1
080050820002005,1
080050856001000,1
080050814004000,1
080050071012032,1
080399611001054,1
080050071091006,1
080050822002010,1
080050822004006,1
080050071131018,1
080050075001014,1
080050833002004,1
080050071062020,1
080050855002006,1
080399612051007,1
080050846002013,1
080050071101027,1
080050071031022,1
080050845001012,1
080050826001014,1
080399612043002,1
080050812002001,1
080050076004000,1
080050071102039,1
080050837001014,1
080050071062005,1
080050854002003,1
080050848002013,1
080050848001002,1
080050828003017,1
080050071013018,1
080050846004006,1
080050809002008,1
080050071011057,1
080050858001003,1
080050809001023,1
080050818002003,1
080050860021013,1
080050071012011,1
080739617001131,1
080050814004011,1
080050843002000,1
080050846004007,1
080050840001005,1
080050071091061,1
080399612041015,1
080050071132014,1
080739618002090,1
080050809002022,1
080050833002003,1
080050071081003,1
080050811011007,1
080050073021001,1
080050867002003,1
080050864001016,1
080050077021012,1
080050805001008,1
080050071103043,1
080050843001008,1
080050863001025,1
080050832022010,1
080739617002009,1
080050835003009,1
080050858001011,1
080050077021006,1
080050071012047,1
080399612091008,1
080050836001013,1
080050848003003,1
080050071011024,1
080050859001017,1
080050861002006,1
080050814001007,1
080050866002016,1
080050818002018,1
080050848001007,1
080050816004002,1
080739617001105,1
080050071121017,1
080050071031021,1
080050071014072,1
080050814003001,1
080050077023014,1
080050071091021,1
080050074003002,1
080050860011016,1
080050861002020,1
080050071062026,1
080050071101004,1
080050813001012,1
080399612051040,1
080050840003005,1
080050852001010,1
080050071103008,1
080050071012022,1
080050867001023,1
080050847004006,1
080399611001058,1
080050071062007,1
080050865001008,1
080050822002008,1
080050848002014,1
080050073012016,1
080050846001015,1
080050071012020,1
080050071131020,1
080050800002006,1
080050829003014,1
080050071101008,1
080050071082008,1
080050071121008,1
080050823002010,1
080050830001004,1
080050071062042,1
080050856001012,1
080399612044016,1
080050071011086,1
080050071121011,1
080050830001002,1
080050071014038,1
080050820003002,1
080050818001004,1
080050864002003,1
080050071111016,1
080050839002007,1
080050852001009,1
080399612042042,1
080059800001005,1
080050071111042,1
080050844001015,1
080050075002000,1
080050854003013,1
080050853001018,1
080050807003012,1
080050816004018,1
080050867001016,1
080050817002003,1
080050850001008,1
080399611001055,1
080050076002008,1
080050071103018,1
080050071131006,1
080050834002005,1
080050071082009,1
080050865002025,1
080050809001011,1
080050830001011,1
080050837002002,1
080050071013082,1
080050864002000,1
080050830002024,1
080050829001001,1
080050076002003,1
080050071111014,1
080050866003005,1
080050074001011,1
080050820001002,1
080739618002421,1
080050862002000,1
080739617003036,1
080399612051009,1
080050071062035,1
080050866003004,1
080739617001042,1
080050852001007,1
080050848001001,1
080739618002433,1
080050837001023,1
080050866001010,1
080050071103029,1
080050071091022,1
080050073012000,1
080050862002003,1
080399612041007,1
080050825001006,1
080050836003005,1
080050867002010,1
080050807003010,1
080050071011078,1
080050843001012,1
080050831002018,1
080050844001002,1
080739617002039,1
080050833001003,1
080050071082054,1
080399611001027,1
080050852001024,1
080050851003000,1
080050068541006,1
080050071014080,1
080050859001024,1
080399612091017,1
080050804002002,1
080050071122002,1
080050849002007,1
080050071013083,1
080050819003003,1
080050811012008,1
080050071031007,1
080059800001014,1
080050068622012,1
080050071011069,1
080050071013035,1
080739618002138,1
080050831002022,1
080399612042032,1
080050827002002,1
080050858001017,1
080050837001006,1
080050071102025,1
080399611001089,1
080050851002003,1
080050071082055,1
080050851003014,1
080050071011028,1
080050071103026,1
080050818001013,1
080739618002002,1
080050817002004,1
080050832022006,1
080050805001021,1
080050076003000,1
080050834001005,1
080050834002001,1
080050831001004,1
080050075001003,1
080050831004004,1
080050071103006,1
080050071111030,1
080050819003000,1
080050846004000,1
080739617002062,1
080399611001032,1
080050811011011,1
080050865001011,1
080050830001013,1
080050071061015,1
080050865001012,1
080050855001006,1
080050830001005,1
080050835005001,1
080050075002010,1
080050844002013,1
080050851001014,1
080050824002005,1
080050822002003,1
080050071132023,1
080059800001024,1
080050071014073,1
080050862001005,1
080050071062015,1
080050860021001,1
080050842003002,1
080050855002008,1
080050866003000,1
080050834002014,1
080050827002006,1
080050859001061,1
080739618002414,1
080050814002003,1
080739617001113,1
080050861003011,1
080050822004001,1
080050840001001,1
080399612051043,1
080050849002017,1
080050071061024,1
080050073024004,1
080739618002422,1
080050850001014,1
080739617001040,1
080050071121051,1
080399612052004,1
080050843002006,1
080050818002014,1
080050846001006,1
080050846004018,1
080050837002014,1
080050829001003,1
080050848001017,1
080050833002023,1
080050867002002,1
080050854003008,1
080050857001014,1
080050071012007,1
080050817001000,1
080050851002011,1
080050071061035,1
080050071061042,1
080399612042018,1
080050071014058,1
080399611001047,1
080050832012004,1
080050810011006,1
080050866003017,1
080050856002003,1
080050815002000,1
080739618002110,1
080050819003007,1
080050071082016,1
080050809001003,1
080050849002009,1
080050832011016,1
080050071014020,1
080050851002012,1
080050074001004,1
080050859002023,1
080050071102023,1
080050814001012,1
080050823002002,1
080050833003021,1
080739617001001,1
080050071014031,1
080050832021006,1
080050851003018,1
080050071014065,1
080050071101011,1
080050826002002,1
080050071121032,1
080050830001021,1
080050071091057,1
080050837002001,1
080399612091016,1
080050844002010,1
080050821002006,1
080050851002013,1
080050857002000,1
080050817001021,1
080050068542007,1
080050071103099,1
080050822002006,1
080739618002410,1
080050832011008,1
080050808002003,1
080739617001014,1
080050071132039,1
080050071081030,1
080739617001006,1
080050845001011,1
080050851002002,1
080050837001007,1
080050818003011,1
080050071061021,1
080050833002018,1
080739617002029,1
080050071103072,1
080050867002020,1
080050860021009,1
080050859002016,1
080050071014016,1
080739617003011,1
080050805001002,1
080050068622021,1
080050824002008,1
080050071014064,1
080050071111064,1
080050855001012,1
080050841003013,1
080399612042019,1
080050808002002,1
080050837001011,1
080050857001001,1
080050071103007,1
080050817001018,1
080050071014007,1
080050834001026,1
080050862001017,1
080050850001032,1
080050831003026,1
080399611001063,1
080050827001009,1
080050851003017,1
080050077022013,1
080050829001012,1
080050865002013,1
080050071121027,1
080739617001102,1
080050071013085,1
080739617001103,1
080050865003003,1
080050071061048,1
080050857001009,1
080050801003008,1
080739617001045,1
080050824001007,1
080050835003003,1
080050071062006,1
080050844002016,1
080050833002016,1
080399611001041,1
080050866003010,1
080050071012009,1
080739617001021,1
080050861001008,1
080050071013025,1
080050071014071,1
080050859001027,1
080050071132050,1
080050832021010,1
080050842001013,1
080050835003008,1
080050828003003,1
080050071014041,1
080050071061014,1
080050846002006,1
080050851001005,1
080050071013051,1
080050851001022,1
080050071082028,1
080050810021002,1
080050847002011,1
080050071103070,1
080050071013045,1
080050808002008,1
080050827002000,1
080050809001017,1
080050811022000,1
080050077031000,1
080050856001006,1
080050836001001,1
080050817002007,1
080050853001001,1
080050071011036,1
080739618002012,1
080050808001000,1
080050838001004,1
080050846002000,1
080050071132016,1
080050865002014,1
080050071102017,1
080050818001001,1
080399611001066,1
080399612043003,1
080050071111006,1
080739617003041,1
080050071014057,1
080050834001013,1
080050807003002,1
080050808001001,1
080050076003005,1
080050811012006,1
080050819002017,1
080050844001005,1
080050071111056,1
080050071091031,1
080050837002010,1
080050841003011,1
080050847002004,1
080050828004002,1
080050859001035,1
080739618002069,1
080050071082010,1
080050071011008,1
080050071132032,1
080050834003001,1
080050816004017,1
080050852001003,1
080050818001002,1
080050847004003,1
080050844002006,1
080050071011023,1
080050867001010,1
080399611001067,1
080050863004000,1
080050832012017,1
080050809002020,1
080050867001003,1
080050071031004,1
080050075001008,1
080050852001001,1
080050074001008,1
080050848002002,1
080739617002049,1
080050074001022,1
080050071111050,1
080050071082034,1
080050805001016,1
080050841003008,1
080050857002009,1
080050832012010,1
080050071012027,1
080050071011052,1
080739617001026,1
080050071011084,1
080050071011066,1
080050819001004,1
080050834003004,1
080050843002001,1
080399612044009,1
080050867002024,1
080050836003004,1
080050071014082,1
080050863001015,1
080739618002014,1
080050071014037,1
080050866002011,1
080050071012015,1
080050822002002,1
080739618002418,1
080050856002000,1
080050826001007,1
080399612051045,1
080050829001010,1
080050858001021,1
080050071062029,1
080399611001068,1
080739618002051,1
080050852001019,1
080050826003007,1
080050818002020,1
080050812002006,1
080050854002010,1
080739617001092,1
080050851002000,1
080050860021003,1
080050857002006,1
080050824002007,1
080050071101007,1
080050818003005,1
080050866003014,1
080050864002001,1
080050815002004,1
080050846004010,1
080050805001003,1
080739618002034,1
080050811013003,1
080050861001009,1
080050071132022,1
080050071014048,1
080050833003024,1
080050807002004,1
080050833003022,1
080050803002007,1
080059800001003,1
080050866002013,1
080050832011010,1
080050860011008,1
080050866003016,1
080739617002085,1
080050076003008,1
080739617003009,1
080050834001020,1
080050862003021,1
080050862003003,1
080739617001122,1
080739618002443,1
080050831001009,1
080399612051012,1
080050071013064,1
080050818002010,1
080050846001004,1
080739618002016,1
080050846001013,1
080739617001011,1
080050831002046,1
080050068622014,1
080050832012011,1
080050859001057,1
080050813002010,1
080059800001001,1
080050821002001,1
080050071082022,1
080050071014004,1
080050071103020,1
080050071111033,1
080050826002008,1
080050862003011,1
080050800002008,1
080050857002003,1
080050859002010,1
080050829003013,1
080050071011000,1
080050866001020,1
080050818002008,1
080739617001084,1
080739618002426,1
080050863001012,1
080050867002004,1
080050852002002,1
080739617002068,1
080050829003011,1
080050852001014,1
080050071132017,1
080050810011003,1
080050850001021,1
080050816002008,1
080050851001018,1
080050819004008,1
080050854002008,1
080050832012030,1
080050832013014,1
080050831002033,1
080050864001020,1
080399611001006,1
080050816003006,1
080050860011005,1
080050071013059,1
080050841001007,1
080050852001016,1
080050838003005,1
080050856001010,1
080050071012008,1
080739617001017,1
080050849002012,1
080050839001011,1
080050074001020,1
080050832013001,1
080050076002005,1
080050837002019,1
080050071014047,1
080050844001017,1
080050071111023,1
080050071014003,1
080050829003009,1
080050077041004,1
080050068622013,1
080050834002012,1
080059800001009,1
080050865002012,1
080050833003023,1
080050835001007,1
080050807004003,1
080739617001009,1
080399611001008,1
080050071103038,1
080050867001018,1
080050806002003,1
080399611001034,1
080739617002061,1
080050819002012,1
080739618002019,1
080399612051039,1
080050859001036,1
080050811022001,1
080050856002010,1
080050866001003,1
080050068622006,1
080050809001009,1
080050834002020,1
080050809002029,1
080050835003007,1
080739617002038,1
080050071014070,1
080050838003006,1
080739617003032,1
080050071014067,1
080739617002065,1
080050818002004,1
080050840001008,1
080050830001000,1
080739618002027,1
080050851001017,1
080050837002032,1
080050837001022,1
080050071103013,1
080739617002053,1
080050831003024,1
080050071011062,1
080050865002009,1
080050071012024,1
080050867001017,1
080050855002004,1
080050071102014,1
080050867002005,1
080050866001007,1
080050862003028,1
080050867002008,1
080050839001005,1
080050071031012,1
080050859001053,1
080739617002008,1
080050071091028,1
080050077031003,1
080050860012016,1
080050071111066,1
080050077023017,1
080050075002008,1
080050077031011,1
080050832013016,1
080050828001009,1
080050071011021,1
080050075002012,1
080050818002006,1
080050805002005,1
080050818001000,1
080050829003012,1
080739617001095,1
080050852002016,1
080050811013002,1
080050077022002,1
080050859002013,1
080050810011000,1
080050824001009,1
080739617002002,1
080050815001002,1
080050847003005,1
080050835005003,1
080739617002076,1
080050842001012,1
080050074001002,1
080050836001009,1
080050838003002,1
080050071013028,1
080050071101012,1
080050071081006,1
080739617001144,1
080739617003038,1
080739617001025,1
080050801003005,1
080050865001001,1
080739617003023,1
080050859001022,1
080050071111021,1
080050071082042,1
080050071081010,1
080050857002002,1
080050071062025,1
080050071102009,1
080050828003014,1
080050830002030,1
080050832021001,1
080050867002014,1
080050071091011,1
080050071103086,1
080050844002004,1
080050071132026,1
080399612041001,1
080050830002022,1
080050827001006,1
080050823002007,1
080050071081014,1
080050077043002,1
080050824002003,1
080050839002009,1
080050834001003,1
080399612044006,1
080739617001086,1
080050819002006,1
080050071031017,1
080050860021023,1
080050822003009,1
080050832012020,1
080050860022003,1
080050811012000,1
080050071103047,1
080050864001005,1
080050865001005,1
080050071081009,1
080050071013021,1
080050812002007,1
080050866002032,1
080050807003000,1
080739617001135,1
080050071012018,1
080050846001005,1
080050860021014,1
080050860021004,1
080050866002012,1
080050819002007,1
080050832013005,1
080050071132025,1
080050807002000,1
080399611001017,1
080050840002001,1
080050824001004,1
080399611001061,1
080739618002063,1
080050071091037,1
080050831003022,1
080050845001014,1
080050832021011,1
080050071132052,1
080050847002013,1
080050841003018,1
080050071011019,1
080050809002025,1
080050840003003,1
080050071091003,1
080050811022005,1
080050859001010,1
080050835005004,1
080050071081013,1
080050826004001,1
080050853001021,1
080050071091039,1
080050071132029,1
080050071121031,1
080050845001013,1
080050076003002,1
080050071121012,1
080050866002031,1
080050844001008,1
080050831003012,1
080050806001008,1
080050073024002,1
080050817001010,1
080050071131015,1
080050860011010,1
080739618002095,1
080739618002434,1
080050818002017,1
080050836002016,1
080050812003003,1
080050071031019,1
080050810022003,1
080050829001014,1
080050812001007,1
080399612051015,1
080050071081026,1
080050818002015,1
080050076002009,1
080050071103080,1
080050837002011,1
080050809001018,1
080050071103092,1
080050837001016,1
080050867002013,1
080050860012006,1
080050071061031,1
080050834002022,1
080050071013078,1
080050865002003,1
080050819004002,1
080050825001000,1
080739618002011,1
080050831002047,1
080050809002009,1
080050860021032,1
080050826001013,1
080050071031008,1
080399612051021,1
080050859001056,1
080050071121020,1
080739617001083,1
080050848002010,1
080050071061057,1
080399612051017,1
080399611001003,1
080050071091065,1
080050859002000,1
080399612051011,1
080739617001140,1
080050850001010,1
080050071111040,1
080050071103098,1
080050829001013,1
080050844001007,1
080050840002002,1
080050077023007,1
080050856002006,1
080050848002009,1
080050071091000,1
080050827002007,1
080050804002001,1
080050813002001,1
080050071091018,1
080050866003002,1
080050071011080,1
080399612052000,1
080050071103064,1
080050866002000,1
080050860012000,1
080050071102013,1
080050856001008,1
080050073012012,1
080050833002008,1
080050852001025,1
080050867001012,1
080050821002012,1
080050859001023,1
080050814002012,1
080739617001065,1
080050833002012,1
080050844002011,1
080050847002000,1
080050827002009,1
080050071014044,1
080399611001051,1
080050071102038,1
080050077022010,1
080050846001012,1
080050071121041,1
080050071103037,1
080739618002105,1
080050071013072,1
080050817002012,1
080050832021017,1
080050850001000,1
080050071014095,1
080050862003006,1
080050807001003,1
080050851003006,1
080050071121010,1
080050071011055,1
080050848002004,1
080050071103031,1
080739617001078,1
080050071012016,1
080050071131005,1
080050857004000,1
080050865002001,1
080050835003006,1
080050814004008,1
080050864001001,1
080050071011054,1
080050814003003,1
080050865002008,1
080399611001139,1
080050854003000,1
080050071101014,1
080050852001018,1
080050822001002,1
080050851003002,1
080050841001001,1
080050820001005,1
080050861003000,1
080050825002010,1
080739617002012,1
080050821003002,1
080050073021007,1
080050821003000,1
080739617003027,1
080050857001008,1
080050820001001,1
080739618002071,1
080050813001003,1
080050861002017,1
080050077021009,1
080399612042031,1
080739617002079,1
080050071012042,1
080739617001072,1
080050068542011,1
080050804003009,1
080050867001006,1
080739617002016,1
080050854001011,1
080739617001134,1
080050859002019,1
080050822002012,1
080050812001002,1
080050832021004,1
080059800001012,1
080050836002007,1
080050867002033,1
080050071062037,1
080050860021002,1
080050832011006,1
080050814001017,1
080739617001136,1
080050839001012,1
080050861001006,1
080050839001006,1
080050832022003,1
080050834002002,1
080050812001011,1
080050837001024,1
080050847004010,1
080050071082026,1
080050850001028,1
080739617001101,1
080050854002007,1
080050071131001,1
080050071091020,1
080050867001009,1
080050808002004,1
080050810022007,1
080050071121050,1
080050846003009,1
080050829003000,1
080050835002004,1
080050807003013,1
080050831002011,1
080050859002007,1
080050863001021,1
080050842002005,1
080050074001009,1
080050831003009,1
080050834003006,1
080059800001011,1
080050071014090,1
080050846002004,1
080050843001007,1
080399612051002,1
080050807003001,1
080050840003001,1
080050812001010,1
080050846002012,1
080050862003017,1
080050076002004,1
080739617001081,1
080739617002037,1
080050807003008,1
080050077043005,1
080050819004000,1
080050867002016,1
080050833002005,1
080739617001116,1
080739617001018,1
080050838001005,1
080050814002010,1
080739618002425,1
080050071102031,1
080050071061056,1
080050842001005,1
080050849002011,1
080050071011070,1
080050840003004,1
080399611001142,1
080050071102002,1
080050819002003,1
080050854002004,1
080050841003007,1
080050860012005,1
080050864002004,1
080050818003006,1
080050071111027,1
080050825002006,1
080050814001010,1
080050071111039,1
080050865001009,1
080050831001008,1
080399611001030,1
080050071031006,1
080050867002027,1
080050071031003,1
080050804002004,1
080050849001004,1
080050818003000,1
080739617001114,1
080050819002015,1
080050071031025,1
080050866002023,1
080050814004002,1
080050077022004,1
080050854003001,1
080399612042002,1
080050855002016,1
080050800002019,1
080050814001014,1
080050857004009,1
080050867001002,1
080050071013073,1
080050071062009,1
080050860012012,1
080050835005005,1
080050822002014,1
080050846001014,1
080059800001002,1
080050857004002,1
080050811013001,1
080050071131011,1
080050801003006,1
080050071121028,1
080050816001002,1
080050833003004,1
080739617001031,1
080050805001018,1
080050077021014,1
080050821002005,1
080050831003000,1
080050853001026,1
080050856002004,1
080050800002010,1
080050835004002,1
080050850001023,1
080050832012007,1
080050822002016,1
080399612072014,1
080399612041002,1
080050846004004,1
080050830001009,1
080050071111058,1
080050832012027,1
080050839001008,1
080050829001006,1
080739617002058,1
080399612042005,1
080050077022008,1
080739618002020,1
080050836003009,1
080050862001000,1
080399612091018,1
080050846001008,1
080739617003014,1
080739618002106,1
080050806003006,1
080050859001043,1
080050077031005,1
080050844002001,1
080050810021006,1
080050075002005,1
080739618002121,1
080050844001001,1
080050071011015,1
080050867001022,1
080050832022007,1
080050860011000,1
080050851001004,1
080050071061043,1
080050071103052,1
080050071012034,1
080050071062030,1
080050071012052,1
080050812001003,1
080050828002005,1
080050813002006,1
080050857001003,1
080050857004010,1
080399611001039,1
080050846003007,1
080399612051048,1
080050834003007,1
080399611001077,1
080050816004006,1
080050845001008,1
080050076004006,1
080050833001011,1
080739618002083,1
080399612051003,1
080050834002000,1
080739617002087,1
080050074003011,1
080050835005011,1
080050071012010,1
080050851001021,1
080059800001006,1
080050867001015,1
080050834001012,1
080050833002014,1
080050807001015,1
080050835002002,1
080739618002429,1
080050838001003,1
080050867002035,1
080739617001070,1
080739618002064,1
080050071091010,1
080050831002027,1
080050077023015,1
080739617001075,1
080050812001009,1
080050810022009,1
080050823001001,1
080050819001007,1
080050848003001,1
080050814002000,1
080050851001020,1
080050832013015,1
080739618002043,1
080059800001023,1
080050857001016,1
080050828004001,1
080050071101013,1
080050828002001,1
080050817002014,1
080050854001003,1
080050846001000,1
080050859001016,1
080399611001005,1
080050071103089,1
080739618002137,1
080050806003005,1
080050837002013,1
080739617002013,1
080050071102012,1
080050826001002,1
080050862003008,1
080050861001010,1
080050809001024,1
080050850001017,1
080050865001000,1
080050845001015,1
080739617001127,1
080050840002009,1
080050854001000,1
080050073012002,1
080739617003016,1
080050834001028,1
080739618002005,1
080050071103084,1
080050866001008,1
080050853001005,1
080050077042007,1
080739617001067,1
080050835005012,1
080050849002018,1
080739618002059,1
080050819004006,1
080050842003004,1
080399612042026,1
080050828003006,1
080050071013081,1
080050829001002,1
080050071132030,1
080050074001024,1
080050836002009,1
080050811011009,1
080050071013086,1
080050852001023,1
080050843002010,1
080050074003001,1
080050842001010,1
080050826001001,1
080739617002091,1
080050836001006,1
080050071011082,1
080050071061001,1
080739618002026,1
080050071014056,1
080050816003013,1
080399612044003,1
080050825001004,1
080050832013017,1
080050071091045,1
080050848001004,1
080050816004004,1
080050861002000,1
080050831001006,1
080050071014023,1
080739617002041,1
080050831001003,1
080050846001010,1
080050862001015,1
080050867001004,1
080399612044013,1
080050071102000,1
080050863001026,1
080399611001024,1
080050824002004,1
080050850001018,1
080050867001020,1
080399612051033,1
080050068541008,1
080050071103010,1
080050857003002,1
080050844002002,1
080050071103042,1
080050071111047,1
080050071121047,1
080050811011005,1
080050077023006,1
080050806001003,1
080050806001006,1
080050073012008,1
080739618002091,1
080050859001006,1
080050074001005,1
080050816002000,1
080050071101009,1
080050071011063,1
080050071014036,1
080050859001007,1
080050842003001,1
080739617001141,1
080050863002000,1
080050077023018,1
080050071102006,1
080050862003013,1
080050071121003,1
080399612041014,1
080050827001008,1
080050814001011,1
080050831002048,1
080739617001100,1
080050861002021,1
080050863001001,1
080050071102016,1
080050832011013,1
080050830002002,1
080050824001006,1
080050071082050,1
080050071011033,1
080399612044010,1
080050832012023,1
080050071012012,1
080050860021022,1
080739617001077,1
080739617002005,1
080739617002055,1
080050863001019,1
080050854002000,1
080050071014093,1
080050820001004,1
080050834003003,1
080739617001062,1
080050077043000,1
080050817002013,1
080050071061036,1
080050867001001,1
080050075002004,1
080050842001008,1
080050856001004,1
080050834001010,1
080050826003005,1
080050837001025,1
080050818002005,1
080050835003005,1
080050856002002,1
080050844002000,1
080050858001018,1
080050861003006,1
080050071011020,1
080050866002020,1
080050831002010,1
080059800001028,1
080399612044021,1
080050822001009,1
080050071103073,1
080050071103034,1
080050076003004,1
080739618002102,1
080739617003034,1
080050071121014,1
080050809002003,1
080050071014011,1
080050071011003,1
080050846004019,1
080050071103088,1
080399612042001,1
080050812001008,1
080050833002013,1
080050821001003,1
080050831002042,1
080050841002001,1
080050071122009,1
080050829001015,1
080050073024005,1
080399612091009,1
080050821001012,1
080050800002003,1
080050861002005,1
080050863001014,1
080399612042035,1
080050837002018,1
080050857003004,1
080050818002016,1
080050071014074,1
080739618002066,1
080050809002013,1
080050837002030,1
080050862002010,1
080050071091071,1
080050822001017,1
080739618002003,1
080050840001000,1
080050851001023,1
080050841003003,1
080050825002003,1
080050843002011,1
080050807003006,1
080050071014055,1
080050865002006,1
080050838002002,1
080739617001039,1
080050806002000,1
080050071121052,1
080050077042006,1
080050822004004,1
080050826002004,1
080739618002009,1
080050817001012,1
080050860012014,1
080050074001021,1
080050850001011,1
080739617001043,1
080739617001079,1
080050071101001,1
080050866002008,1
080050832021023,1
080050835001005,1
080739617001073,1
080739617001069,1
080050851003003,1
080050817002010,1
080050836003003,1
080050846001003,1
080050807003011,1
080739618002022,1
080050071014033,1
080050830002012,1
080050840001003,1
080739617001106,1
080050807001006,1
080050071103094,1
080050832021015,1
080050855003002,1
080050075001002,1
080739618002000,1
080050860011009,1
080050820002007,1
080050821001004,1
080050068541002,1
080050838001002,1
080739617001126,1
080050822001015,1
080050071132011,1
080050841001011,1
080050813002005,1
080050841002006,1
080739617003004,1
080050071091043,1
080050817001006,1
080050830002004,1
080050859001047,1
080050077041000,1
080050071102040,1
080739617003042,1
080050077031004,1
080050812001005,1
080050828003002,1
080050818003013,1
080050810022004,1
080050071111020,1
080050844001010,1
080739618002097,1
080050817001002,1
080050828001016,1
080050823001009,1
080050860011007,1
080050832012025,1
080050861002019,1
080050821003003,1
080739617002073,1
080050862001007,1
080050071091015,1
080050833001008,1
080050833002001,1
080050071012038,1
080050819002009,1
080050861002016,1
080050071081008,1
080050832011000,1
080050818001015,1
080050840001002,1
080050860021024,1
080050805001010,1
080050854003014,1
080050814001001,1
080050804002000,1
080050805002007,1
080050071014084,1
080050866002017,1
080050071062050,1
080050071011041,1
080050832013004,1
080050071101010,1
080050071012039,1
080050071131022,1
080399612042004,1
080050862001002,1
080050851002018,1
080050071014086,1
080399612041010,1
080050810021004,1
080050807002002,1
080050835005013,1
080050071101022,1
080050857004003,1
080739618002044,1
080050835001002,1
080050071082041,1
080050836002000,1
080050830002019,1
080050862001011,1
080050071081027,1
080050855002000,1
080050814003004,1
080050823001008,1
080050859002015,1
080050853001025,1
080050843001021,1
080050832011007,1
080739617001139,1
080050842003003,1
080050866002006,1
080050071011025,1
080050833001002,1
080050071082049,1
080050071091008,1
080050847001001,1
080050834001027,1
080399612044015,1
080050819001010,1
080399612091006,1
080050077042008,1
080050071061020,1
080050071121001,1
080050071103024,1
080050825001014,1
080050819001009,1
080399612041008,1
080050852002003,1
080050071103049,1
080739618002056,1
080050849002005,1
080050842001003,1
080050822001010,1
080050856001007,1
080050828003001,1
080050850001027,1
080399611001028,1
080050841002007,1
080050071062008,1
080050822003000,1
080050076004010,1
080050804003006,1
080050827002005,1
080050804003010,1
080050071081028,1
080050074001016,1
080739617003045,1
080050863002002,1
080050071061038,1
080050073021000,1
080050867001013,1
080739618002100,1
080050075001007,1
080050804002007,1
080050071091054,1
080050860012011,1
080050851002001,1
080050071082029,1
080399612051010,1
080050830002025,1
080050830001018,1
080739617002034,1
080739617003028,1
080050071082052,1
080050866001006,1
080050071121016,1
080050071122015,1
080050071131013,1
080050860021005,1
080050071091068,1
080050817002008,1
080050837002023,1
080050071103065,1
080399612051001,1
080050071121026,1
080050071012050,1
080050840002000,1
080050068622000,1
080050071011071,1
080050843002005,1
080050865002000,1
080050851001019,1
080739617003040,1
080050852001013,1
080739618002077,1
080050857002007,1
080050858001007,1
080050811022007,1
080050833001001,1
080739618002057,1
080399612042000,1
080050865001003,1
080050862003030,1
080739618002101,1
080050816003003,1
080050077041002,1
080050851001000,1
080050830002015,1
080050860021034,1
080050819001011,1
080399612072015,1
080739617002011,1
080050071102022,1
080050071031023,1
080399611001062,1
080050823001010,1
080050814004006,1
080050816003012,1
080050818001011,1
080050857003003,1
080050823002004,1
080050858001013,1
080050071091058,1
080050811022008,1
080050860012008,1
080050847004005,1
080050068541001,1
080050071121015,1
080050854001013,1
080739617003015,1
080050851003013,1
080739617001030,1
080050071111057,1
080050071101034,1
080050071081020,1
080050837002015,1
080050855003006,1
080739618002080,1
080050071103079,1
080050073024011,1
080050073024001,1
080050074003000,1
080050850001020,1
080050071103048,1
080050862003018,1
080050830002003,1
080050859001060,1
080050864001006,1
080050071122011,1
080050849002001,1
080050071013017,1
080050811012002,1
080050071103025,1
080050812002004,1
080050847004000,1
080739618002054,1
080739617002060,1
080050803002015,1
080050838002008,1
080050852002011,1
080050837002006,1
080050071102045,1
080050071062040,1
080050867002012,1
080050824003001,1
080739617001090,1
080050822004008,1
080050828002003,1
080050074001013,1
080050861001007,1
080050077021002,1
080050071111062,1
080050804003003,1
080050073012011,1
080739618002417,1
080050810011001,1
080050832021008,1
080050071011004,1
080050832021013,1
080050863001013,1
080050828001002,1
080050864001017,1
080050075002003,1
080050832011004,1
080739618002104,1
080050801003001,1
080050866003012,1
080050833003006,1
080050835004003,1
080050846003005,1
080050851002005,1
080050077021016,1
080050832012021,1
080050835001009,1
080050857001015,1
080050807003009,1
080050853001017,1
080050859001034,1
080050071121039,1
080050071061030,1
080050805001001,1
080739617003025,1
080399611001046,1
080050864002013,1
080050844002008,1
080050861002007,1
080399612042017,1
080050074002012,1
080050837002017,1
080399612042025,1
080050071081011,1
080050071103074,1
080050071014025,1
080050859001067,1
080050837001015,1
080050862002011,1
080050071132024,1
080739617001024,1
080050836001004,1
080050071013004,1
080050847002005,1
080050859001046,1
080050834002003,1
080050071011072,1
080050071091036,1
080739618002109,1
080050841003001,1
080050833002020,1
080050818001014,1
080050847004008,1
080050811012014,1
080050071081005,1
080050831003019,1
080050071082018,1
080050863002006,1
080050859001025,1
080050837002000,1
080399612042029,1
080050848001020,1
080050831003007,1
080050831003010,1
080050865003004,1
080050837001003,1
080050807001017,1
080050071011010,1
080050813001014,1
080050832012016,1
080050828004000,1
080399611001019,1
080050854002001,1
080050077021015,1
080050811011004,1
080050831001002,1
080050855001008,1
080050857004007,1
080050834001025,1
080050861003012,1
080050866001009,1
080050071102037,1
080050852002010,1
080050071102001,1
080050071101017,1
080050800002015,1
080050822004007,1
080050862001020,1
080050859001072,1
080739617002048,1
080050071011001,1
080739617001000,1
080050809001012,1
080050861001004,1
080739617003007,1
080050843002002,1
080050866003015,1
080050817001005,1
080050824003005,1
080050857003008,1
080050804003002,1
080050862001003,1
080050839002005,1
080050071061047,1
080050071103055,1
080050814001003,1
080399612043006,1
080050814002008,1
080050854003002,1
080050837001002,1
080050071061025,1
080050861002003,1
080050841003006,1
080050832021003,1
080050859002001,1
080050808001002,1
080050818001003,1
080050854001021,1
080050071013007,1
080050862003016,1
080050071014079,1
080050815001008,1
080050074004010,1
080399612044012,1
080050071091056,1
080050809001008,1
080050852001011,1
080050866002037,1
080050816003005,1
080050811022006,1
080050856002011,1
080050071103095,1
080050842001009,1
080050837001005,1
080050848001011,1
080050821002009,1
080050839001002,1
080050071121030,1
080050866002035,1
080050840001007,1
080050071081000,1
080050849002015,1
080050832013000,1
080050859001042,1
080050831002009,1
080050828003000,1
080050071081019,1
080739617002064,1
080050846003012,1
080739617002020,1
080050825002012,1
080050071012033,1
080050071103044,1
080050071091034,1
080050831002028,1
080050836001003,1
080050861002022,1
080050829003010,1
080050847002012,1
080050822001000,1
080050077042005,1
080050801003011,1
080050835002008,1
080050829003017,1
080050837002024,1
080050815002001,1
080739618002115,1
080050071082003,1
080050077023002,1
080739617001124,1
080399612051025,1
080050806003001,1
080050865001007,1
080050812003004,1
080050816004008,1
080050858001002,1
080399612051030,1
080050861001005,1
080050071012043,1
080050071013003,1
080050829002002,1
080050829003015,1
080050841001003,1
080050832022009,1
080050071132004,1
080739618002067,1
080050825002000,1
080050076001000,1
080050071091062,1
080050857002001,1
080050833002022,1
080050071011076,1
080050859001031,1
080050863001017,1
080050854003012,1
080050808001006,1
080050803002016,1
080050845001009,1
080050071011035,1
080050859001048,1
080050071082036,1
080050071014010,1
080050071102033,1
080050859001066,1
080399612091019,1
080050863001018,1
080050859002003,1
080739617002024,1
080050842001006,1
080050853001022,1
080050859001058,1
080050859001039,1
080050811022011,1
080050830002018,1
080739617002075,1
080050068633019,1
080050818001008,1
080739618002094,1
080050859002011,1
080050867002000,1
080050861001014,1
080050860011002,1
080050831002030,1
080739618002437,1
080050826004000,1
080050859001065,1
080739617001029,1
080050071014013,1
080050860021033,1
080050071011088,1
080050808002006,1
080050842003005,1
080050809001001,1
080050832012002,1
080050851002015,1
080050071011017,1
080050828001000,1
080050854001004,1
080739617001028,1
080050821002004,1
080050071014053,1
080050071013057,1
080050863001003,1
080050806001002,1
080050837001013,1
080050073012014,1
080050074002011,1
080050866003001,1
080050867001024,1
080050831004002,1
080050836001008,1
080399612051022,1
080050859001011,1
080050854003006,1
080050855002012,1
080050825001010,1
080050828002002,1
080050862003022,1
080050851001015,1
080050856001011,1
080399611001018,1
080050859001030,1
080050819002004,1
080399611001071,1
080050076004002,1
080050076003001,1
080739617002031,1
080050071111036,1
080050866002005,1
080050071014049,1
080050841002002,1
080050071103056,1
080050071014001,1
080050071011014,1
080050846003004,1
080050831002043,1
080399612043005,1
080050843001004,1
080399612042037,1
080050832012014,1
080050810011009,1
080050071013042,1
080050832021022,1
080050071012044,1
080050071013048,1
080050831002036,1
080050071082037,1
080050828001013,1
080050836002004,1
080050071082057,1
080050814002016,1
080399611001045,1
080739618002408,1
080050824001013,1
080050833001005,1
080050824001003,1
080050071131008,1
080050071012053,1
080050852002014,1
080050845002008,1
080050800002016,1
080050834001023,1
080050831002015,1
080050810023000,1
080050826003003,1
080050807002001,1
080050867002017,1
080050071013033,1
080739617001057,1
080050811011006,1
080050077042004,1
080050865001014,1
080050862001013,1
080050834002015,1
080399612042011,1
080050854002006,1
080050859001045,1
080050859001054,1
080050814003000,1
080050832022005,1
080050846004002,1
080050071014014,1
080739617001097,1
080050071013089,1
080050810011007,1
080050828003015,1
080050822002015,1
080050071091066,1
080739618002037,1
080050071122007,1
080399611001037,1
080050828003005,1
080050071131019,1
080050858001014,1
080050834003008,1
080050071121013,1
080050823002003,1
080739618002089,1
080050866001013,1
080050855002015,1
080739617001120,1
080050834002008,1
080050814001015,1
080050851003015,1
080050861003004,1
080050835003002,1
080050821002000,1
080050847002002,1
080050071132044,1
080050071132012,1
080050809001000,1
080050071082031,1
080050830001006,1
080050842002006,1
080050071103017,1
080050071062022,1
080050071101020,1
080050839001009,1
080050071101000,1
080050826001006,1
080050071011079,1
080050811011000,1
080050071014052,1
080050828001014,1
080050832013009,1
080050838002004,1
080050835001000,1
080050071012013,1
080050071082051,1
080050859001013,1
080050071103062,1
080050809001013,1
080050861002014,1
080050817002011,1
080050842002001,1
080050071132020,1
080050822002009,1
080050071082006,1
080050071103053,1
080050071012049,1
080050071011018,1
080050856002008,1
080050847002003,1
080050071132048,1
080739618002436,1
080050838002007,1
080050829003003,1
080050819001006,1
080050071121034,1
080050847003001,1
080739617001093,1
080050821001007,1
080050071014092,1
080050071103046,1
080059800001020,1
080739618002013,1
080050857003000,1
080050826001009,1
080050826002006,1
080050852002006,1
080050071131026,1
080050071111045,1
080050830001003,1
080050862002002,1
080050071121033,1
080050859001038,1
080050855003005,1
080739617001013,1
080050837002028,1
080399612042039,1
080050811013000,1
080050071103001,1
080050847002007,1
080739617001128,1
080050820002001,1
080739617002056,1
080050826001000,1
080399611001053,1
080050800002017,1
080399612042013,1
080399612051020,1
080050853001006,1
080050071011044,1
080050071111038,1
080050832012024,1
080050854001012,1
080050860022000,1
080050811021000,1
080050824001010,1
080050071091038,1
080050843002007,1
080050812001004,1
080050071081021,1
080050816001000,1
080050071103068,1
080050841001013,1
080050862003009,1
080050859001068,1
080050815002002,1
080050071111002,1
080050807001005,1
080050809002014,1
080050071103077,1
080050830001017,1
080050810021007,1
080050843002004,1
080739617002054,1
080050071081029,1
080050832021009,1
080050074004009,1
080050862001012,1
080050835004007,1
080050867001021,1
080050071103066,1
080050841001012,1
080399612071010,1
080050833002006,1
080050071013038,1
080050818002021,1
080050838001006,1
080050833003005,1
080739617003035,1
080050846001009,1
080399612042034,1
080739618002432,1
080050833001006,1
080050071103000,1
080050838003000,1
080050075001009,1
080399612051046,1
080739617001015,1
080399612051018,1
080739617002017,1
080050834002010,1
080050831003017,1
080050071103097,1
080050071013008,1
080050827002004,1
080050071101038,1
080050834001021,1
080050853001014,1
080050848001003,1
080399612041009,1
080399612051049,1
080050071081023,1
080050830002011,1
080050834002011,1
080050804002008,1
080050077021011,1
080050866002028,1
080050819004004,1
080050071103028,1
080399612051019,1
080050074001015,1
080050830002028,1
080050857002004,1
080399611001004,1
080050071091069,1
080050071111043,1
080050826001012,1
080050071031013,1
080050823002000,1
080739617002069,1
080050071013050,1
080050860011013,1
080050068541003,1
080050071132006,1
080050863001023,1
080050845001010,1
080050864001011,1
080050071061045,1
080050071082030,1
080050073012006,1
080050071122012,1
080050861002001,1
080050842002007,1
080399611001020,1
080050861002010,1
080050851001010,1
080050818002012,1
080739617003018,1
080739618002004,1
080050813001000,1
080050807004000,1
080050828001012,1
080050071061022,1
080050866002015,1
080050833002019,1
080399612042030,1
080050814003012,1
080050071111065,1
080050824001012,1
080050838003007,1
080050858001022,1
080050071013080,1
080050813002011,1
080050077023019,1
080050071102018,1
080050071012036,1
080050071103030,1
080050071091046,1
080050801003000,1
080050071111031,1
080050071012002,1
080399611001035,1
080050853001027,1
080050825002005,1
080050077022011,1
080050816003009,1
080050848003002,1
080050865002018,1
080050850001016,1
080050807003003,1
080050843001024,1
080050866002024,1
080050071103069,1
080739617001066,1
080050071011037,1
080050071062003,1
080050071082043,1
080050071122005,1
080050864001021,1
080050071031000,1
080739617001012,1
080050071082021,1
080050071121053,1
080050846002001,1
080050808002009,1
080050835001010,1
080050831002014,1
080050856002005,1
080050068541004,1
080050835005010,1
080050811012010,1
080050842002009,1
080050854002009,1
080050071121018,1
080050073012015,1
080050833001007,1
080050865002027,1
080050827001005,1
080050864002012,1
080050071062024,1
080739617001052,1
080050829003008,1
080050071061052,1
080050861003010,1
080050819001005,1
080050837002016,1
080050071062047,1
080050815001007,1
080050836002005,1
080050833003014,1
080050841002004,1
080050829003007,1
080739618002007,1
080739617001121,1
080050844002009,1
080050853001011,1
080050823002008,1
080050071111018,1
080050812001000,1
080050805001011,1
080050853001016,1
080399612042022,1
080739617001048,1
080739618002423,1
080050071122014,1
080050836001005,1
080050071011058,1
080050071102004,1
080050839002006,1
080050071012055,1
080050836002014,1
080399612051013,1
080050848002007,1
080050824001000,1
080050071091040,1
080050071091067,1
080739617001087,1
080050838001001,1
080050800002000,1
080050839001010,1
080050855003008,1
080050071031020,1
080050071011016,1
080050834001007,1
080050830001019,1
080050071011081,1
080050071102036,1
080050851001016,1
080050805001007,1
080050829002014,1
080050849001001,1
080399612042010,1
080050833003019,1
080050071011050,1
080050862001006,1
080050834002024,1
080050822004003,1
080050071081016,1
080050859001051,1
080050838002005,1
080050071013031,1
080050822002005,1
080050850001031,1
080050853001009,1
080050860021028,1
080050854001001,1
080050816004015,1
080050855003010,1
080050071011087,1
080050071061008,1
080050840003008,1
080050847004011,1
080050842002003,1
080050071011040,1
080050071062002,1
080050819001008,1
080050855003007,1
080050071061049,1
080050837001020,1
080399612042028,1
080050071012021,1
080050855002007,1
080050829001005,1
080399611001038,1
080050813001006,1
080050867001005,1
080050813001010,1
080050805002001,1
080050859001041,1
080050861003008,1
080050842001007,1
080050071013047,1
080050071132043,1
080050846004015,1
080050837001001,1
080050844002003,1
080050848003000,1
080050862002009,1
080050853001010,1
080050831002045,1
080050862003026,1
080050068622001,1
080050848002000,1
080050074002002,1
080050860011011,1
080050843002003,1
080050846002003,1
080050845002010,1
080050839001000,1
080050828003013,1
080739617003026,1
080050862003024,1
080739617001109,1
080050847002010,1
080399612042003,1
080050867002031,1
080050839001004,1
080050071103002,1
080050077031009,1
080050824001005,1
080050856002009,1
080050820002002,1
080050866002002,1
080050071014045,1
080050832013013,1
080739617001071,1
080050828003008,1
080050832012005,1
080050855002002,1
080399612041013,1
080050073021009,1
080739618002075,1
080050859001037,1
080050071101006,1
080739617002030,1
080050071062012,1
080050803004001,1
080050806003004,1
080050846003003,1
080050071014089,1
080050814004003,1
080050831002000,1
080739618002093,1
080050867002030,1
080050845001005,1
080050858001015,1
080050828001011,1
080050861001012,1
080050816002010,1
080050071014050,1
080050071122013,1
080050071013058,1
080739618002046,1
080050860021027,1
080050854001009,1
080739618002008,1
080050071013074,1
080050832011015,1
080050071082011,1
080050813001009,1
080050860011017,1
080050071082046,1
080050824003000,1
080399612042023,1
080050840002007,1
080050071061037,1
080050075001005,1
080050822001003,1
080050073024008,1
080050853001002,1
080050835004001,1
080050827002008,1
080399611001043,1
080050071091014,1
080050859002018,1
080050831003027,1
080050817001001,1
080050071091063,1
080050866001015,1
080739618002103,1
080050077021017,1
080050859001000,1
080739617003044,1
080050814001009,1
080050830002010,1
080050813002004,1
080050841003010,1
080050835001001,1
080399611001002,1
080050867002034,1
080050808001009,1
080050832021026,1
080050859001049,1
080050818002000,1
080050866002014,1
080050846001011,1
080050071062051,1
080050863001020,1
080050071081012,1
080050857004006,1
080050832021020,1
080050071103058,1
080050850001026,1
080050864001015,1
080050829003016,1
080050071013065,1
080050864001004,1
080050812001013,1
080050808001011,1
080399612052002,1
080050855002005,1
080050071103012,1
080050837002012,1
080399611001022,1
080050831004003,1
080050850001002,1
080050859001003,1
080050857004001,1
080050860011006,1
080739617002021,1
080050835001008,1
080050813002012,1
080050071014062,1
080050867002021,1
080050818003009,1
080739617002022,1
080050809002023,1
080050831003023,1
080050831004000,1
080050071131014,1
080050074003013,1
080050862003020,1
080050862003014,1
080050071062034,1
080050073011005,1
080050071013062,1
080050843001018,1
080050800002009,1
080050071101030,1
080050832011009,1
080050828003016,1
080050856001005,1
080050077023000,1
080050077021010,1
080050071013037,1
080050818001012,1
080399612042014,1
080050840002003,1
080050071014018,1
080050855001002,1
080050860022001,1
080050835001006,1
080050849002013,1
080050824001008,1
080050071111034,1
080050866002009,1
080050071121049,1
080050077031001,1
080050818003002,1
080050832021000,1
080050811022012,1
080739617001044,1
080050071132041,1
080050821001011,1
080050834002006,1
080050837001010,1
080050859001019,1
080050071111008,1
080050071061017,1
080050813002007,1
080050864001008,1
080050808002001,1
080050831003020,1
080050867001014,1
080050822003003,1
080050831003008,1
080399611001009,1
080050832022002,1
080739618002072,1
080050848001009,1
080739618002079,1
080050866003003,1
080050075001000,1
080050811011008,1
080739618002074,1
080050843001019,1
080050825002001,1
080050863002001,1
080050859001052,1
080050841001002,1
080050071111003,1
080050852001026,1
080739617002086,1
080050830002017,1
080399611001029,1
080050849002008,1
080050816002002,1
080050840002004,1
080050852001012,1
080050071012003,1
080739618002029,1
080050071111051,1
080050833003011,1
080050837002020,1
080050826003002,1
080050862001014,1
080050867002001,1
080050846004008,1
080050804002009,1
080050071062046,1
080050071121054,1
080050852002008,1
080050076002001,1
080050824001002,1
080050855003009,1
080050862002006,1
080399612042006,1
080050825001005,1
080050071013063,1
080050834002009,1
080050071131012,1
080050071131002,1
080050822003006,1
080050826003004,1
080050852001020,1
080050863001011,1
080050071122017,1
080399611001072,1
080050071121005,1
080050861002013,1
080739617001082,1
080050841001009,1
080050073012003,1
080050071013026,1
080399612042033,1
080050074002004,1
080050829002006,1
080739617002015,1
080050841001000,1
080050077023016,1
080050071014006,1
080050857002005,1
080050813001016,1
080050816001003,1
080050846003008,1
080050811011001,1
080050867002011,1
080050805001020,1
080739617003003,1
080050826001004,1
080739617002028,1
080050830002023,1
080050071103036,1
080050820001007,1
080050071082023,1
080050071132040,1
080050071013054,1
080050823001003,1
080739617001038,1
080399612051006,1
080050077021004,1
080050831001000,1
080050071011029,1
080050814003007,1
080050843001013,1
080050071091016,1
080050837002005,1
080050863001006,1
080050076003006,1
080050832013008,1
080050837001021,1
080050071103009,1
080050077043003,1
080050071121000,1
080050822004005,1
080050820002006,1
080050851001001,1
080050831003025,1
080050850001024,1
080050071062031,1
080050077021001,1
080050071102034,1
080050829001019,1
080739617001055,1
080050825002013,1
080050858001000,1
080050823003006,1
080050819004012,1
080050071102007,1
080050071011047,1
080050800002012,1
080050071081015,1
080050809001004,1
080050071091001,1
080050071061006,1
080050841003017,1
080050071091035,1
080050071111060,1
080399611001016,1
080050862003025,1
080050809002006,1
080050071132036,1
080399611001075,1
080050074002003,1
080050071111037,1
080050861003009,1
080399612072016,1
080739618002435,1
080050071012029,1
080050862001016,1
080050847001003,1
080050071012035,1
080739617001060,1
080739617001010,1
080050851001013,1
080050827001000,1
080050854002002,1
080050073011004,1
080050823002001,1
080050824002006,1
080050848002001,1
080050073024003,1
080050828001005,1
080050829001007,1
080739617001050,1
080050810022002,1
080399612042007,1
080050071122006,1
080050816003000,1
080050831002038,1
080050860021025,1
080050859001044,1
080050071103035,1
080050858001019,1
080050810021003,1
080050071132009,1
080050828003009,1
080399611001152,1
080050071121002,1
080050804003007,1
080050071013019,1
080050859001029,1
080050074002006,1
080050805001009,1
080050834001019,1
080050071121043,1
080050829002011,1
080050076004007,1
080050856002007,1
080050837002021,1
080050068541013,1
080050824002000,1
080050071121040,1
080399611001010,1
080050071014091,1
080050814002007,1
080739618002086,1
080050855001009,1
080050834001022,1
080050071011077,1
080050851003011,1
080050806001007,1
080399612042020,1
080050850001012,1
080050071014009,1
080050837002026,1
080050071013032,1
080050800002013,1
080050852001015,1
080050071062052,1
080050847003002,1
080050832013002,1
080050829002005,1
080050867002025,1
080050834003010,1
080050074001018,1
080050816002005,1
080050864001010,1
080050071014043,1
080050821003001,1
080050822002011,1
080050071102044,1
080739617001063,1
080399611001049,1
080050819003006,1
080050866002001,1
080050829002010,1
080739617001004,1
080050830001007,1
080050075002002,1
080399612044011,1
080739618002081,1
080050807003004,1
080050820003004,1
080050831003018,1
080050832011001,1
080059800001025,1
080050834001001,1
080050077042000,1
080050811012013,1
080050832012019,1
080050848001016,1
080739617001091,1
080050806003008,1
080399612051008,1
080050844001013,1
080050071091004,1
080050831002007,1
080050860021011,1
080050071111035,1
080050866002003,1
080050830001016,1
080050071014075,1
080050832021027,1
080050813001007,1
080050814004010,1
080050814002004,1
080050843001023,1
080050835003001,1
080399611001036,1
080050077022009,1
080050071111029,1
080050077021003,1
080050865001013,1
080050071081007,1
080050834002007,1
080050807004001,1
080050071111015,1
080050818001009,1
080050071061012,1
080739618002424,1
080739617001142,1
080050856001009,1
080050824003003,1
080050071132019,1
080050852001006,1
080050076004004,1
080050071082032,1
080739617002047,1
080050841003005,1
080050830001015,1
080050815003002,1
080050850001007,1
080050867002015,1
080050842001014,1
080050071012023,1
080050859002014,1
080050832011003,1
080739618002035,1
080050854001019,1
080050812003002,1
080739617003010,1
080050836002003,1
080050859001071,1
080050846002002,1
080050860021010,1
080050071062019,1
080050068631000,1
080050837001018,1
080050809001019,1
080050076002000,1
080050071132034,1
080050819004003,1
080050071082047,1
080050828004004,1
080050077023010,1
080050859001033,1
080050071103061,1
080050860011012,1
080050822001001,1
080050074001014,1
080050071011073,1
080050817001011,1
080050836002011,1
080050068633000,1
080050819001003,1
080050825001012,1
080739617001049,1
080050071061039,1
080050816004010,1
080050840002005,1
080050073021006,1
080739617003030,1
080050820003003,1
080739618002082,1
080050071011043,1
080050820002004,1
080050071061016,1
080739617001008,1
080050862001010,1
080050841002010,1
080050865003002,1
080050860021018,1
080739617001061,1
080050071103051,1
080050071103022,1
080050071102008,1
080050810022005,1
080050071011059,1
080050071013084,1
080050811021003,1
080739617001085,1
080050831002039,1
080050839001001,1
080399612044020,1
080050071061018,1
080050071121045,1
080050071013049,1
080050077031006,1
080050071131025,1
080050074001003,1
080050843001016,1
080050819002001,1
080050838001000,1
080050071121056,1
080050863001010,1
080050835005014,1
080050071103003,1
080739617003008,1
080399611001040,1
080050071061044,1
080739617001088,1
080050071103027,1
080050809001002,1
080050077031007,1
080050071121024,1
080050071121029,1
080050071103071,1
080050830002013,1
080050823003001,1
080050836003000,1
080050845002006,1
080050835002001,1
080050071132027,1
080050806002002,1
080050840003007,1
080739618002024,1
080050859001064,1
080050838002009,1
080050850001019,1
080050814003011,1
080050071013076,1
080050071091070,1
080050839002000,1
080050858001008,1
080059800001008,1
080050842001011,1
080050855001011,1
080739617002019,1
080739618002415,1
080739618002025,1
080050862001001,1
080050846002010,1
080050860011003,1
080050831002021,1
080050809001016,1
080399611001011,1
080050861002008,1
080050832021024,1
080050816001004,1
080050846002007,1
080059800001010,1
080050867002022,1
080050858001005,1
080050071011013,1
080050828004003,1
080050865002002,1
080050826003000,1
080050851003016,1
080050848001008,1
080050848001015,1
080050824001014,1
080050805002000,1
080050071062028,1
080050071101036,1
080050821002003,1
080050071111063,1
080050071013020,1
080050071103019,1
080050850001009,1
080050071101028,1
080050831004001,1
080050822002007,1
080739617002032,1
080399611001025,1
080050860021016,1
080050068541000,1
080050815001005,1
080010085053006,2
080010085442024,2
080010094061002,2
080010085442010,2
080010096033000,2
080010601003019,2
080010085244008,2
080010096071011,2
080010094082024,2
080010094102009,2
080010085055011,2
080010093261005,2
080010085552014,2
080010085264004,2
080010602002025,2
080010612001062,2
080010600023014,2
080010094101010,2
080010094013026,2
080010085055006,2
080010093273003,2
080010094073016,2
080010085455007,2
080010096081013,2
080010600021044,2
080010085082000,2
080010600022008,2
080010601001026,2
080010093262012,2
080010085541001,2
080010602002010,2
080010094013027,2
080010601001030,2
080010601002006,2
080010096042008,2
080010093162005,2
080010093251003,2
080010085551001,2
080010085402023,2
080010085241013,2
080010085082005,2
080010093044000,2
080010094011014,2
080010085601015,2
080010085052000,2
080010601001010,2
080010085453006,2
080010093042005,2
080010093221010,2
080010085454011,2
080010094061004,2
080010093163003,2
080010096034000,2
080010094081011,2
080010085262008,2
080010094072017,2
080010094093011,2
080010093212000,2
080010085441006,2
080010094101001,2
080010085265007,2
080010093221013,2
080010085065000,2
080010093212008,2
080010612001007,2
080010600021028,2
080010600021006,2
080010094013020,2
080010085264003,2
080010094072007,2
080010612002036,2
080010612001056,2
080010093231004,2
080010094101008,2
080010085453005,2
080010085441000,2
080010094073017,2
080010085055000,2
080010600021030,2
080010600021035,2
080010085551006,2
080010094013016,2
080010602001000,2
080010093162010,2
080010085601024,2
080010093163021,2
080010093221019,2
080010612001061,2
080010085402028,2
080010085451007,2
080010612001035,2
080010093042009,2
080010600021031,2
080010085441002,2
080010600021007,2
080010085071010,2
080010092032000,2
080010093222027,2
080010093231015,2
080010094082001,2
080010094081036,2
080010601002014,2
080010600012014,2
080010600012007,2
080010085262000,2
080010093045011,2
080010601001031,2
080010093262010,2
080010612001053,2
080010093163005,2
080010094013033,2
080010085261002,2
080010093262009,2
080010093231017,2
080010085453013,2
080010094062002,2
080010094092013,2
080010093163016,2
080010600011001,2
080010085441003,2
080010602001001,2
080010085462002,2
080010612001027,2
080010612001032,2
080010600022014,2
080010093044001,2
080010094012000,2
080010600023021,2
080010085061001,2
080010085541009,2
080010093252002,2
080010094071017,2
080010093045010,2
080010085452010,2
080010085402015,2
080010093202010,2
080010612002038,2
080010093162000,2
080010094073019,2
080010085443002,2
080010093164006,2
080010094012013,2
080010085055003,2
080010601001041,2
080010085442021,2
080010600021027,2
080010093222031,2
080010094072011,2
080010600012009,2
080010085246001,2
080010093252015,2
080010601001034,2
080010094011022,2
080010094062010,2
080010096032002,2
080010093211027,2
080010094061006,2
080010096041008,2
080010600022007,2
080010093045002,2
080010096033002,2
080010085332001,2
080010093193013,2
080010093262004,2
080010093221015,2
080010085246016,2
080010085443010,2
080010085245014,2
080010600021016,2
080010085074005,2
080010093272006,2
080010093161010,2
080010085452009,2
080010094112009,2
080010093193002,2
080010085261018,2
080010096042000,2
080010085063002,2
080010093044010,2
080010093041009,2
080010093212009,2
080010096073003,2
080010601003021,2
080010085082003,2
080010094091031,2
080010094081010,2
080010600023026,2
080010085601023,2
080010600021001,2
080010094011002,2
080010093162004,2
080010093231000,2
080010094091018,2
080010612001009,2
080010094102015,2
080010094102000,2
080010093233008,2
080010085074007,2
080010093222022,2
080010094091030,2
080010093231008,2
080010085453014,2
080010085552013,2
080010600021005,2
080010092032006,2
080010093253019,2
080010094091008,2
080010601003004,2
080010601001004,2
080010093183002,2
080010093201004,2
080010094081013,2
080010092032007,2
080010094112006,2
080010093273006,2
080010096032010,2
080010096041016,2
080010093183001,2
080010096042011,2
080010600012020,2
080010094082015,2
080010601003023,2
080010085052010,2
080010085052014,2
080010601001021,2
080010085074017,2
080010600012025,2
080010093164003,2
080010093271015,2
080010093211009,2
080010094112001,2
080010600023003,2
080010094013015,2
080010093222014,2
080010094082009,2
080010093212003,2
080010085071004,2
080010085612004,2
080010085261019,2
080010612002016,2
080010085245017,2
080010093234003,2
080010085246003,2
080010094082006,2
080010600021003,2
080010085262001,2
080010085612008,2
080010096081019,2
080010085441007,2
080010094061001,2
080010094072005,2
080010085242003,2
080010085442023,2
080010094062011,2
080010094013004,2
080010093222000,2
080010093161011,2
080010600022032,2
080010085243005,2
080010094061020,2
080010085053002,2
080010085056005,2
080010085443004,2
080010612001003,2
080010093232000,2
080010085442019,2
080010600021038,2
080010085061008,2
080010085462018,2
080010085074018,2
080010085075006,2
080010612001046,2
080010085443008,2
080010093222002,2
080010085552006,2
080010600022009,2
080010096031007,2
080010085244005,2
080010600022021,2
080010094081003,2
080010093271007,2
080010093261009,2
080010094081012,2
080010093251004,2
080010601001020,2
080010094011033,2
080010094072002,2
080010612002008,2
080010600012000,2
080010094071020,2
080010096032003,2
080010094093010,2
080010093044017,2
080010093162017,2
080010093253017,2
080010612001017,2
080010093252005,2
080010085075009,2
080010094011018,2
080010093221001,2
080010600011003,2
080010085063004,2
080010093272018,2
080010085455004,2
080010085453001,2
080010602001004,2
080010094101013,2
080010600021040,2
080010085082011,2
080010093165007,2
080010093041004,2
080010094062016,2
080010085461013,2
080010093191000,2
080010085074011,2
080010093045012,2
080010093233013,2
080010600022050,2
080010612001044,2
080010094111006,2
080010093231025,2
080010094093000,2
080010085451012,2
080010094061005,2
080010094102001,2
080010094061022,2
080010612001016,2
080010093162008,2
080010094012004,2
080010085441010,2
080010085074014,2
080010085073006,2
080010085052012,2
080010093261002,2
080010085241010,2
080010612002039,2
080010600023009,2
080010600022010,2
080010096072006,2
080010093262001,2
080010094091006,2
080010093261000,2
080010094082018,2
080010093211020,2
080010094071024,2
080010085245012,2
080010085613008,2
080010085334000,2
080010085461008,2
080010085054009,2
080010600012026,2
080010094061021,2
080010600021036,2
080010093252012,2
080010093191009,2
080010085443022,2
080010094091017,2
080010093211018,2
080010093213007,2
080010600023020,2
080010085054004,2
080010094062006,2
080010093162003,2
080010085053012,2
080010085261003,2
080010093222020,2
080010094062009,2
080010085064001,2
080010094073014,2
080010085065002,2
080010602002015,2
080010085553017,2
080010094072018,2
080010096042004,2
080010093162015,2
080010085074009,2
080010093042000,2
080010085601028,2
080010085612020,2
080010612001033,2
080010096041019,2
080010093163024,2
080010601001036,2
080010085072002,2
080010094082010,2
080010085454015,2
080010085451004,2
080010093042012,2
080010094073023,2
080010093222005,2
080010600021047,2
080010085051004,2
080010093202004,2
080010600021018,2
080010085075011,2
080010093251015,2
080010093274005,2
080010093044015,2
080010601003012,2
080010085443013,2
080010085055001,2
080010085074006,2
080010085245006,2
080010093201003,2
080010085074021,2
080010094072012,2
080010093044018,2
080010093045000,2
080010094073011,2
080010094062013,2
080010093252000,2
080010600022031,2
080010601003005,2
080010096041002,2
080010085265008,2
080010093202001,2
080010093253015,2
080010085612017,2
080010094081050,2
080010085401021,2
080010096071001,2
080010085265004,2
080010085441014,2
080010085245019,2
080010094091021,2
080010085073001,2
080010093041002,2
080010085601029,2
080010085054008,2
080010093044005,2
080010085554003,2
080010085072005,2
080010093163015,2
080010094013012,2
080010093183008,2
080010094081045,2
080010093183004,2
080010085451011,2
080010085601026,2
080010094012018,2
080010600021009,2
080010600022018,2
080010094093005,2
080010612002030,2
080010085245010,2
080010600023018,2
080010085455009,2
080010093211004,2
080010093211011,2
080010085082012,2
080010602003006,2
080010094062000,2
080010085261023,2
080010092032008,2
080010094082004,2
080010085241012,2
080010093271000,2
080010096031003,2
080010612001065,2
080010085055004,2
080010096081015,2
080010085443024,2
080010612001064,2
080010085051009,2
080010096042006,2
080010093252017,2
080010601002005,2
080010093213001,2
080010085553015,2
080010085451016,2
080010085054007,2
080010085402006,2
080010612002031,2
080010085402004,2
080010094102014,2
080010085083007,2
080010600022047,2
080010093164001,2
080010085055007,2
080010601002000,2
080010093251007,2
080010085083031,2
080010085462015,2
080010085245016,2
080010093273000,2
080010600021023,2
080010085442020,2
080010085261035,2
080010094061013,2
080010093233007,2
080010085262007,2
080010085055013,2
080010085243009,2
080010093163011,2
080010600023017,2
080010093272007,2
080010092032005,2
080010085554005,2
080010096072018,2
080010096044010,2
080010085083022,2
080010085072007,2
080010094081016,2
080010094071023,2
080010094071012,2
080010085443012,2
080010093221017,2
080010085062003,2
080010600021015,2
080010096032008,2
080010085455000,2
080010093183005,2
080010085075018,2
080010602003000,2
080010094081024,2
080010085611021,2
080010094012009,2
080010085244000,2
080010600022001,2
080010085071009,2
080010094013029,2
080010093163006,2
080010085541019,2
080010093192003,2
080010093211016,2
080010096031014,2
080010085244006,2
080010093221004,2
080010085243006,2
080010093212002,2
080010085454003,2
080010600021045,2
080010093161003,2
080010601003014,2
080010601001023,2
080010094092003,2
080010602002026,2
080010085054002,2
080010601001012,2
080010600012022,2
080010085442028,2
080010085075008,2
080010094062001,2
080010094011019,2
080010094091034,2
080010093234002,2
080010085074019,2
080010601003020,2
080010093273004,2
080010085442003,2
080010600022043,2
080010094061018,2
080010096042012,2
080010085612011,2
080010093222013,2
080010600021020,2
080010085461007,2
080010085051000,2
080010085442016,2
080010600012024,2
080010085056011,2
080010085246012,2
080010096032009,2
080010085402021,2
080010602003003,2
080010085055002,2
080010093211014,2
080010085265006,2
080010096032005,2
080010085063001,2
080010085601020,2
080010085246010,2
080010085611008,2
080010093165002,2
080010093193000,2
080010094062004,2
080010093252016,2
080010096035002,2
080010094081002,2
080010093163009,2
080010092031001,2
080010085074004,2
080010093162016,2
080010085051011,2
080010094011010,2
080010085075014,2
080010094092001,2
080010085553013,2
080010085452014,2
080010085062000,2
080010085063009,2
080010085455003,2
080010093231005,2
080010085075017,2
080010085553006,2
080010096081017,2
080010093231016,2
080010612001012,2
080010085262005,2
080010094011029,2
080010085462014,2
080010085052006,2
080010093041006,2
080010600012018,2
080010602003002,2
080010094081033,2
080010094071021,2
080010093044019,2
080010085455005,2
080010085052015,2
080010085074010,2
080010093162009,2
080010094072009,2
080010601001008,2
080010094013018,2
080010093261004,2
080010093231023,2
080010096044012,2
080010601003016,2
080010612001028,2
080010085601025,2
080010612002005,2
080010085451000,2
080010085462006,2
080010093251010,2
080010093261003,2
080010093192002,2
080010085402027,2
080010085553010,2
080010094013022,2
080010085552008,2
080010085462024,2
080010085461006,2
080010094091026,2
080010094071019,2
080010094082014,2
080010085246019,2
080010094013002,2
080010094101005,2
080010085054011,2
080010085452013,2
080010094012007,2
080010092031000,2
080010094112000,2
080010096042010,2
080010085073003,2
080010085442015,2
080010093161012,2
080010093163004,2
080010085244003,2
080010093211001,2
080010085261029,2
080010094102005,2
080010093163018,2
080010600012015,2
080010085261031,2
080010093253016,2
080010094012014,2
080010094081017,2
080010085613010,2
080010093162002,2
080010085553007,2
080010096031013,2
080010085601014,2
080010600022017,2
080010085441005,2
080010600012002,2
080010094081001,2
080010094081004,2
080010612001036,2
080010085541011,2
080010094072016,2
080010085451018,2
080010096044006,2
080010085402014,2
080010094012017,2
080010094011028,2
080010094072004,2
080010096043001,2
080010600012003,2
080010096042013,2
080010085082008,2
080010093042017,2
080010085261014,2
080010600022000,2
080010085082002,2
080010085261036,2
080010093192004,2
080010094092012,2
080010612001049,2
080010096041006,2
080010600022003,2
080010085075003,2
080010085443007,2
080010612002025,2
080010085442017,2
080010093212007,2
080010602003004,2
080010094111003,2
080010094071013,2
080010085454013,2
080010093093001,2
080010085442006,2
080010093045007,2
080010096041015,2
080010094012012,2
080010093233005,2
080010085611011,2
080010093045013,2
080010094013024,2
080010094062005,2
080010612001006,2
080010096041013,2
080010085402025,2
080010094082008,2
080010085453010,2
080010093211024,2
080010085075002,2
080010094111013,2
080010085442009,2
080010093262008,2
080010094012002,2
080010085245013,2
080010094081007,2
080010093164005,2
080010600022038,2
080010096041020,2
080010096071012,2
080010085061004,2
080010601003013,2
080010096043003,2
080010094073012,2
080010085083008,2
080010085402020,2
080010096081006,2
080010085601018,2
080010094011012,2
080010085541000,2
080010093162006,2
080010085402017,2
080010094071009,2
080010093202002,2
080010085054003,2
080010085441011,2
080010600022044,2
080010600012023,2
080010094073000,2
080010094013006,2
080010093212004,2
080010096081012,2
080010093044012,2
080010085071008,2
080010093164004,2
080010085451003,2
080010085075015,2
080010093222026,2
080010094112003,2
080010085402007,2
080010085601022,2
080010093261001,2
080010601001011,2
080010093222001,2
080010600022022,2
080010612001041,2
080010600023005,2
080010093201006,2
080010093163012,2
080010085073010,2
080010085051001,2
080010085071017,2
080010094101018,2
080010096071010,2
080010093221016,2
080010601001039,2
080010093213000,2
080010096044013,2
080010096033006,2
080010094073022,2
080010085241003,2
080010085052004,2
080010085451019,2
080010093222024,2
080010093212006,2
080010085053019,2
080010093231022,2
080010093271012,2
080010600012004,2
080010601001024,2
080010085075004,2
080010093222011,2
080010085071001,2
080010094081032,2
080010085554004,2
080010601003017,2
080010085072010,2
080010085262004,2
080010096071004,2
080010094112007,2
080010600021037,2
080010085553021,2
080010085053014,2
080010096081010,2
080010096031002,2
080010602002002,2
080010094071022,2
080010093091000,2
080010094011025,2
080010093221011,2
080010600023022,2
080010600022042,2
080010094012003,2
080010085552007,2
080010085063005,2
080010612002006,2
080010085441004,2
080010602002011,2
080010093271013,2
080010085054001,2
080010093213006,2
080010085402002,2
080010093191006,2
080010093262003,2
080010085051013,2
080010093253007,2
080010093163000,2
080010085611013,2
080010600012001,2
080010085245022,2
080010093091007,2
080010085244001,2
080010096081016,2
080010085074015,2
080010096071013,2
080010085245018,2
080010093191007,2
080010093272012,2
080010085443028,2
080010612002017,2
080010096033008,2
080010094101014,2
080010085334001,2
080010085554002,2
080010601002010,2
080010600021017,2
080010601001003,2
080010093044020,2
080010085612015,2
080010601001028,2
080010093253013,2
080010085246015,2
080010093233010,2
080010093271001,2
080010094081019,2
080010085062004,2
080010094081048,2
080010085612018,2
080010085334004,2
080010085402000,2
080010096043002,2
080010085056002,2
080010085071003,2
080010085452004,2
080010085073002,2
080010094011032,2
080010094091028,2
080010600022019,2
080010085242008,2
080010600012017,2
080010093162007,2
080010612001034,2
080010093211000,2
080010094111011,2
080010092032004,2
080010085053011,2
080010094013031,2
080010085453002,2
080010085056008,2
080010093044002,2
080010096071008,2
080010094012021,2
080010600022057,2
080010085073004,2
080010085611019,2
080010085442027,2
080010085453011,2
080010600023000,2
080010612002023,2
080010085454005,2
080010085611009,2
080010093252004,2
080010612002000,2
080010085611024,2
080010094091023,2
080010085541003,2
080010093211019,2
080010093091012,2
080010093273005,2
080010093191011,2
080010094081043,2
080010600023015,2
080010093193007,2
080010600021032,2
080010085056007,2
080010093044011,2
080010093253006,2
080010085402012,2
080010085072006,2
080010094081027,2
080010601002015,2
080010093251008,2
080010093252013,2
080010085551003,2
080010093211013,2
080010094011016,2
080010094101004,2
080010600022025,2
080010094111012,2
080010085541006,2
080010085553016,2
080010093041003,2
080010096081008,2
080010093251000,2
080010093193003,2
080010096081014,2
080010085541007,2
080010085451001,2
080010093252001,2
080010094011011,2
080010093251002,2
080010096081009,2
080010085462021,2
080010093041007,2
080010093191001,2
080010085442002,2
080010612001025,2
080010085246005,2
080010093165009,2
080010085245007,2
080010085541020,2
080010094061008,2
080010093262011,2
080010094071008,2
080010093274001,2
080010093251014,2
080010085454001,2
080010093193011,2
080010094073001,2
080010085551004,2
080010093163014,2
080010093192000,2
080010093231020,2
080010094071026,2
080010085613012,2
080010093222030,2
080010094081056,2
080010093222015,2
080010085074001,2
080010600022058,2
080010093201005,2
080010600021043,2
080010093161009,2
080010085075013,2
080010085054006,2
080010600021021,2
080010094013013,2
080010600012010,2
080010085082016,2
080010085553003,2
080010085246011,2
080010094062014,2
080010094091033,2
080010085056001,2
080010612001014,2
080010094101000,2
080010094082020,2
080010094081052,2
080010600023002,2
080010093202007,2
080010094013035,2
080010094081038,2
080010094072013,2
080010093222023,2
080010612001021,2
080010085261021,2
080010085461012,2
080010093272023,2
080010096041010,2
080010085453004,2
080010085261038,2
080010602003008,2
080010094013017,2
080010094092021,2
080010094092018,2
080010601003001,2
080010094092010,2
080010096031010,2
080010085056003,2
080010085553012,2
080010094091032,2
080010093163019,2
080010085612019,2
080010085441016,2
080010093201001,2
080010094101016,2
080010094082017,2
080010096041021,2
080010096081007,2
080010093221022,2
080010094071015,2
080010093163026,2
080010096033009,2
080010600012008,2
080010093231013,2
080010093234000,2
080010093222017,2
080010094072000,2
080010612001026,2
080010085462016,2
080010085055005,2
080010094091029,2
080010094082023,2
080010093253003,2
080010612002014,2
080010085441001,2
080010085453007,2
080010094011020,2
080010601001038,2
080010094101006,2
080010600023004,2
080010085245002,2
080010094081018,2
080010085051012,2
080010093222010,2
080010094111014,2
080010094011026,2
080010093273002,2
080010096044002,2
080010094073020,2
080010600022013,2
080010085073000,2
080010096032014,2
080010096073002,2
080010094011003,2
080010085082009,2
080010094011004,2
080010085462010,2
080010085265005,2
080010093041001,2
080010612002028,2
080010093163022,2
080010085454004,2
080010600021014,2
080010600021022,2
080010602002007,2
080010085612012,2
080010096044005,2
080010093231012,2
080010096041009,2
080010600023010,2
080010094091002,2
080010093261006,2
080010093193001,2
080010085443021,2
080010093233012,2
080010085071014,2
080010093163007,2
080010094013019,2
080010093044016,2
080010093233003,2
080010612002002,2
080010085553009,2
080010612001038,2
080010093221000,2
080010602002000,2
080010085242017,2
080010094011005,2
080010601001045,2
080010093252011,2
080010085052002,2
080010094011036,2
080010085454002,2
080010094081037,2
080010612002009,2
080010093044004,2
080010093211026,2
080010085053005,2
080010600022029,2
080010085443017,2
080010094073002,2
080010600021011,2
080010085455001,2
080010085601027,2
080010085072000,2
080010085261028,2
080010085462022,2
080010085461010,2
080010601001000,2
080010094081000,2
080010085442004,2
080010085402024,2
080010093272011,2
080010085261000,2
080010085451013,2
080010093044003,2
080010093041000,2
080010093272010,2
080010093221008,2
080010085332000,2
080010093164002,2
080010096071006,2
080010085052011,2
080010094101019,2
080010094091024,2
080010093164000,2
080010085071013,2
080010085611015,2
080010096042007,2
080010085611012,2
080010085053001,2
080010093183003,2
080010085245001,2
080010094092005,2
080010093202011,2
080010612001019,2
080010094093007,2
080010094082022,2
080010094062007,2
080010093162012,2
080010085454016,2
080010085062006,2
080010085601030,2
080010094092019,2
080010085056006,2
080010600022033,2
080010093231003,2
080010093271004,2
080010094081046,2
080010093165001,2
080010085246020,2
080010093183009,2
080010093222003,2
080010085443006,2
080010085552002,2
080010085334003,2
080010094081021,2
080010601002011,2
080010093222006,2
080010085443027,2
080010600012013,2
080010093221003,2
080010085461011,2
080010093193004,2
080010085401004,2
080010085073007,2
080010096032012,2
080010094062017,2
080010085451014,2
080010094091012,2
080010093253004,2
080010085074003,2
080010085553020,2
080010093253000,2
080010093253018,2
080010093262007,2
080010096041011,2
080010093211025,2
080010094072014,2
080010093044014,2
080010085261005,2
080010096081022,2
080010600023023,2
080010085452012,2
080010085334002,2
080010094073004,2
080010093161004,2
080010612002003,2
080010085612001,2
080010085073005,2
080010085075016,2
080010093042018,2
080010094112002,2
080010600011000,2
080010085261024,2
080010085441008,2
080010085601017,2
080010085261004,2
080010600023007,2
080010096031019,2
080010093253021,2
080010094081053,2
080010094081031,2
080010085443018,2
080010093191004,2
080010085612014,2
080010093042019,2
080010085242012,2
080010096035001,2
080010085601031,2
080010085553002,2
080010085611018,2
080010085541010,2
080010093202008,2
080010094112008,2
080010093041005,2
080010093042010,2
080010085261042,2
080010093193012,2
080010094092008,2
080010093211022,2
080010600022041,2
080010085071011,2
080010085246002,2
080010093231001,2
080010096031009,2
080010093231011,2
080010094092007,2
080010085055012,2
080010602002006,2
080010093161007,2
080010085065003,2
080010093252014,2
080010085462003,2
080010093183006,2
080010085453003,2
080010094062012,2
080010093272022,2
080010085243004,2
080010612001042,2
080010093212010,2
080010612001015,2
080010085261001,2
080010093164011,2
080010085245008,2
080010085452002,2
080010085242010,2
080010096033005,2
080010094102010,2
080010085611020,2
080010612001052,2
080010085611006,2
080010602002018,2
080010094082002,2
080010602002014,2
080010601002009,2
080010085442011,2
080010096034001,2
080010096033004,2
080010600012006,2
080010085442012,2
080010601001006,2
080010085265003,2
080010085443019,2
080010094073010,2
080010085241011,2
080010093212001,2
080010093212011,2
080010085051005,2
080010093211003,2
080010085061007,2
080010096031004,2
080010085245024,2
080010085443014,2
080010600022039,2
080010600022020,2
080010096031011,2
080010085053010,2
080010085075010,2
080010085443003,2
080010085242011,2
080010602002024,2
080010085246017,2
080010093211021,2
080010094111010,2
080010085262006,2
080010085242002,2
080010600023011,2
080010094102007,2
080010085243001,2
080010085243007,2
080010085611004,2
080010085241007,2
080010093163023,2
080010085455006,2
080010093211008,2
080010085442030,2
080010085611002,2
080010085245011,2
080010094011034,2
080010096081011,2
080010600022024,2
080010093252019,2
080010094011006,2
080010094012008,2
080010094091010,2
080010600022011,2
080010085061003,2
080010094062003,2
080010602002013,2
080010094062008,2
080010096041004,2
080010093041008,2
080010094013005,2
080010093192001,2
080010612001037,2
080010094081054,2
080010085054010,2
080010085612002,2
080010085553019,2
080010085063008,2
080010085264002,2
080010094071003,2
080010094092000,2
080010085451017,2
080010093221018,2
080010612002033,2
080010085441013,2
080010085454012,2
080010612001030,2
080010612002011,2
080010085241009,2
080010602002022,2
080010085062002,2
080010085261022,2
080010085053009,2
080010096044004,2
080010612001048,2
080010085052013,2
080010600011004,2
080010093271006,2
080010093163028,2
080010085443029,2
080010096073001,2
080010093252007,2
080010601001027,2
080010096073000,2
080010093233009,2
080010094013000,2
080010094071011,2
080010094071018,2
080010085265009,2
080010085402005,2
080010085074016,2
080010093222012,2
080010085242016,2
080010085244002,2
080010085074002,2
080010085443026,2
080010085613013,2
080010085551002,2
080010085054000,2
080010085056000,2
080010085075012,2
080010612002037,2
080010093164012,2
080010085261017,2
080010085611023,2
080010612001045,2
080010093253012,2
080010094102016,2
080010093191003,2
080010600023008,2
080010085261008,2
080010085541017,2
080010096032000,2
080010085073012,2
080010612001008,2
080010601003006,2
080010600022052,2
080010600021033,2
080010085541004,2
080010094061017,2
080010085263001,2
080010094012010,2
080010094111009,2
080010093221005,2
080010612001029,2
080010092031003,2
080010093201002,2
080010085052009,2
080010085074000,2
080010085245025,2
080010085452015,2
080010093271009,2
080010085261032,2
080010094072010,2
080010085613011,2
080010085243000,2
080010094061014,2
080010085451020,2
080010094011030,2
080010096032011,2
080010093161013,2
080010096043005,2
080010094081005,2
080010093251001,2
080010093211017,2
080010093251017,2
080010093271014,2
080010085612007,2
080010085462008,2
080010600021000,2
080010085262003,2
080010093213005,2
080010085062005,2
080010085451021,2
080010085245009,2
080010600022051,2
080010085451008,2
080010093211006,2
080010094013003,2
080010093272013,2
080010085071007,2
080010096044015,2
080010601001037,2
080010096073004,2
080010601002012,2
080010085462011,2
080010093262006,2
080010085611016,2
080010612002020,2
080010094011000,2
080010094111007,2
080010085053018,2
080010093163025,2
080010096043004,2
080010085611007,2
080010093093002,2
080010601002002,2
080010093221007,2
080010612001000,2
080010093044006,2
080010085402018,2
080010093233002,2
080010085072001,2
080010085064002,2
080010612002021,2
080010085451002,2
080010612002034,2
080010094072008,2
080010600022046,2
080010601003018,2
080010085452008,2
080010094011001,2
080010094071000,2
080010085083021,2
080010094062019,2
080010094013036,2
080010094073005,2
080010094012016,2
080010094093012,2
080010093164014,2
080010085245000,2
080010085611010,2
080010602002004,2
080010093221002,2
080010085454000,2
080010600022006,2
080010600022016,2
080010600021019,2
080010093042001,2
080010085061009,2
080010600021042,2
080010085263002,2
080010093262013,2
080010094013032,2
080010085261041,2
080010600012019,2
080010093093000,2
080010085071012,2
080010601001025,2
080010093231010,2
080010085611005,2
080010093262014,2
080010612002012,2
080010600022037,2
080010093272001,2
080010602001003,2
080010085245003,2
080010096071005,2
080010600021039,2
080010601003007,2
080010085242005,2
080010096031018,2
080010085246018,2
080010093222028,2
080010612002035,2
080010085075000,2
080010602002001,2
080010085553008,2
080010094012022,2
080010085261016,2
080010093221009,2
080010085241004,2
080010085442014,2
080010094091009,2
080010085612010,2
080010094101017,2
080010094111001,2
080010085442000,2
080010093251011,2
080010093202006,2
080010085462009,2
080010094101007,2
080010094061023,2
080010601003011,2
080010093233001,2
080010085244009,2
080010093163029,2
080010094082003,2
080010096041014,2
080010093165008,2
080010094061000,2
080010612002027,2
080010602002027,2
080010612001050,2
080010093274000,2
080010094011017,2
080010093231018,2
080010085053000,2
080010092031002,2
080010094091020,2
080010093045003,2
080010094111008,2
080010085552012,2
080010085402001,2
080010085402016,2
080010093213008,2
080010093042003,2
080010093261010,2
080010093251013,2
080010085072009,2
080010085082013,2
080010085051006,2
080010093274002,2
080010085601034,2
080010612001060,2
080010085242000,2
080010093163010,2
080010093252009,2
080010085242015,2
080010094082007,2
080010093042006,2
080010093091006,2
080010085061006,2
080010085443005,2
080010093222016,2
080010085402003,2
080010085441009,2
080010600012012,2
080010096044011,2
080010096042014,2
080010085401020,2
080010602002019,2
080010085243008,2
080010094073003,2
080010096032001,2
080010094072006,2
080010093251012,2
080010093261008,2
080010085056010,2
080010600023012,2
080010094071002,2
080010085613015,2
080010093091008,2
080010600021002,2
080010094091003,2
080010093041011,2
080010093191005,2
080010085071006,2
080010085611027,2
080010612001011,2
080010093252010,2
080010096035000,2
080010085612000,2
080010094101002,2
080010602002020,2
080010612002001,2
080010093163020,2
080010085061002,2
080010085402022,2
080010094011013,2
080010093164009,2
080010085613014,2
080010085601019,2
080010093093003,2
080010612001005,2
080010093213004,2
080010096081021,2
080010600022035,2
080010096072005,2
080010600021010,2
080010094102004,2
080010601001005,2
080010600021012,2
080010094073009,2
080010093222032,2
080010093211012,2
080010600011005,2
080010085442008,2
080010085454014,2
080010085451015,2
080010093232001,2
080010085053017,2
080010085264005,2
080010602002021,2
080010085241006,2
080010093091005,2
080010085452016,2
080010094091015,2
080010601001042,2
080010093272020,2
080010093193010,2
080010093221006,2
080010094082021,2
080010085241005,2
080010085241001,2
080010085083020,2
080010085063007,2
080010093262015,2
080010085261013,2
080010094081039,2
080010094013021,2
080010085553018,2
080010085612013,2
080010094081035,2
080010601001035,2
080010612001054,2
080010601001016,2
080010085261012,2
080010085401005,2
080010085553014,2
080010085065001,2
080010085261006,2
080010094081022,2
080010612001055,2
080010085461016,2
080010085051014,2
080010093091001,2
080010096033003,2
080010096042009,2
080010093165000,2
080010600012016,2
080010094101003,2
080010093221014,2
080010085246008,2
080010085554000,2
080010085452006,2
080010600023001,2
080010085454010,2
080010094012001,2
080010096031017,2
080010612002019,2
080010093042014,2
080010085261009,2
080010085053015,2
080010085442001,2
080010093045005,2
080010093211005,2
080010093231014,2
080010094082012,2
080010612001059,2
080010085462017,2
080010600022002,2
080010094081034,2
080010085462005,2
080010094082019,2
080010094092015,2
080010093044009,2
080010085541014,2
080010094092016,2
080010085612021,2
080010093202009,2
080010093091009,2
080010094073006,2
080010085242007,2
080010085242006,2
080010093233004,2
080010093042004,2
080010094061003,2
080010093272002,2
080010093213002,2
080010094093006,2
080010085051002,2
080010093183007,2
080010093271008,2
080010085553022,2
080010093233015,2
080010093234001,2
080010085553005,2
080010093044008,2
080010085461014,2
080010093044007,2
080010094081049,2
080010093253011,2
080010085063006,2
080010096041018,2
080010094011031,2
080010085611000,2
080010601001017,2
080010600021025,2
080010085244007,2
080010096081018,2
080010085452011,2
080010085452005,2
080010600023019,2
080010085051003,2
080010085541008,2
080010093261007,2
080010085442007,2
080010093042016,2
080010096071000,2
080010094101015,2
080010094081026,2
080010094011024,2
080010093163002,2
080010085462007,2
080010094061024,2
080010092032001,2
080010085246006,2
080010093232002,2
080010085443023,2
080010096031006,2
080010085062001,2
080010600023016,2
080010093091002,2
080010085055010,2
080010600022054,2
080010093202003,2
080010094012020,2
080010612001001,2
080010612002032,2
080010094013030,2
080010085054013,2
080010093165003,2
080010093042013,2
080010094081047,2
080010093251005,2
080010094082005,2
080010085241015,2
080010094011027,2
080010093193009,2
080010085441017,2
080010096032013,2
080010094091025,2
080010612001022,2
080010094062015,2
080010094102006,2
080010093042002,2
080010601001019,2
080010096041003,2
080010094073015,2
080010601001046,2
080010085071005,2
080010085074008,2
080010085261015,2
080010085051008,2
080010600012005,2
080010093222008,2
080010085261043,2
080010085443011,2
080010094013008,2
080010094012006,2
080010085262002,2
080010093272004,2
080010600021029,2
080010093045009,2
080010093253010,2
080010601001033,2
080010093221020,2
080010096041012,2
080010612001057,2
080010094082016,2
080010085053003,2
080010602002009,2
080010601001014,2
080010093271005,2
080010085541002,2
080010601003015,2
080010094061025,2
080010085073009,2
080010093272008,2
080010085443025,2
080010085064000,2
080010601001029,2
080010085261034,2
080010094093001,2
080010094091007,2
080010093091004,2
080010094081006,2
080010085443001,2
080010085551007,2
080010085264006,2
080010085462012,2
080010600022040,2
080010094011021,2
080010094073021,2
080010093262005,2
080010085244004,2
080010601003010,2
080010093044013,2
080010085452003,2
080010096042001,2
080010085611030,2
080010085451006,2
080010094061016,2
080010085071002,2
080010085442031,2
080010094071010,2
080010085054005,2
080010085082015,2
080010094071004,2
080010093231024,2
080010096041005,2
080010094081015,2
080010093221021,2
080010094013007,2
080010601002008,2
080010085075005,2
080010612002010,2
080010085261020,2
080010085452007,2
080010096044007,2
080010601001044,2
080010600012011,2
080010612002029,2
080010602002028,2
080010600021046,2
080010085061000,2
080010600021008,2
080010085451005,2
080010094101009,2
080010094081023,2
080010601001015,2
080010093274003,2
080010094091019,2
080010094081009,2
080010094091011,2
080010093193008,2
080010602002017,2
080010093233011,2
080010096044014,2
080010085245021,2
080010600021013,2
080010085462004,2
080010085241008,2
080010093253020,2
080010096071002,2
080010094011035,2
080010094012015,2
080010094013009,2
080010602002005,2
080010085601033,2
080010085443016,2
080010093165005,2
080010094081057,2
080010085241002,2
080010093231002,2
080010085245015,2
080010612001023,2
080010085052005,2
080010085553011,2
080010601001043,2
080010094012023,2
080010093222033,2
080010093161000,2
080010093253008,2
080010612001020,2
080010093251009,2
080010085261007,2
080010085071016,2
080010085243003,2
080010096081004,2
080010096041017,2
080010601002001,2
080010096031005,2
080010094081051,2
080010085074013,2
080010612001024,2
080010085056012,2
080010093043009,2
080010612001010,2
080010085054014,2
080010085072012,2
080010600022015,2
080010085541005,2
080010085242001,2
080010096041000,2
080010093252008,2
080010093273001,2
080010093233006,2
080010093041010,2
080010085612006,2
080010602002003,2
080010085245004,2
080010600023025,2
080010085452001,2
080010085402019,2
080010096044001,2
080010093211015,2
080010093202000,2
080010096031020,2
080010085443020,2
080010612001058,2
080010094062018,2
080010601002007,2
080010093222007,2
080010093252003,2
080010093253005,2
080010094081044,2
080010096031012,2
080010085261039,2
080010094102013,2
080010094061015,2
080010093231009,2
080010085063000,2
080010085454009,2
080010094071005,2
080010085056009,2
080010094111005,2
080010085245020,2
080010085611025,2
080010094072001,2
080010093211002,2
080010093212005,2
080010093233000,2
080010085082006,2
080010094061012,2
080010094081041,2
080010085053008,2
080010085402011,2
080010600021034,2
080010094102008,2
080010093272014,2
080010093272015,2
080010093262002,2
080010093191010,2
080010085611003,2
080010085246013,2
080010096071009,2
080010094012019,2
080010093164008,2
080010085055009,2
080010085541012,2
080010602003007,2
080010093161005,2
080010094092020,2
080010085072008,2
080010094091014,2
080010085246014,2
080010085455002,2
080010094091016,2
080010085072011,2
080010094073007,2
080010085454006,2
080010085611028,2
080010612002015,2
080010094092011,2
080010085054012,2
080010093231019,2
080010094091022,2
080010093272021,2
080010085601032,2
080010093201007,2
080010085462001,2
080010093211023,2
080010094012005,2
080010085551000,2
080010096031016,2
080010094102012,2
080010094082011,2
080010093193005,2
080010600021026,2
080010600023013,2
080010096081020,2
080010085461009,2
080010085454008,2
080010094081029,2
080010093164010,2
080010093222004,2
080010093271011,2
080010600022023,2
080010094011009,2
080010600022027,2
080010096033007,2
080010085402029,2
080010085053004,2
080010096031001,2
080010601003022,2
080010093191002,2
080010085051007,2
080010085075007,2
080010085053016,2
080010612001018,2
080010094071025,2
080010612002004,2
080010096081001,2
080010085061005,2
080010085443000,2
080010600022004,2
080010602002012,2
080010093213003,2
080010094081040,2
080010085611014,2
080010085611029,2
080010602002016,2
080010093045008,2
080010096042005,2
080010085265001,2
080010094081008,2
080010085072003,2
080010093161002,2
080010612001043,2
080010096032006,2
080010096044009,2
080010600022056,2
080010085442013,2
080010085601021,2
080010094093002,2
080010085242014,2
080010094011007,2
080010096071007,2
080010085073008,2
080010094092023,2
080010085245023,2
080010093042007,2
080010093233014,2
080010600022026,2
080010094061011,2
080010085442025,2
080010093202005,2
080010085453012,2
080010601002013,2
080010096032004,2
080010093272003,2
080010096031000,2
080010085241014,2
080010085552011,2
080010094013011,2
080010601001009,2
080010093201000,2
080010093211010,2
080010601002003,2
080010601003002,2
080010094013023,2
080010093231021,2
080010085082007,2
080010094102003,2
080010085082014,2
080010093163017,2
080010085073011,2
080010094081025,2
080010085261044,2
080010096032007,2
080010096071003,2
080010612001013,2
080010094011008,2
080010093272017,2
080010094081028,2
080010601001018,2
080010085442026,2
080010093272019,2
080010085453000,2
080010085443009,2
080010093252018,2
080010600023024,2
080010085455008,2
080010085082001,2
080010093161006,2
080010085261025,2
080010094081014,2
080010094092009,2
080010600022036,2
080010601001032,2
080010085612005,2
080010085071000,2
080010600022053,2
080010093163008,2
080010085261026,2
080010085265002,2
080010092032002,2
080010093274004,2
080010085074012,2
080010093164007,2
080010094071016,2
080010612002018,2
080010085461015,2
080010601003003,2
080010085264001,2
080010094072015,2
080010600011002,2
080010094061019,2
080010096042002,2
080010094092006,2
080010085402010,2
080010094071001,2
080010612002026,2
080010093161001,2
080010085402013,2
080010612001051,2
080010094013028,2
080010600022059,2
080010096044000,2
080010085242009,2
080010093042011,2
080010085553001,2
080010094082013,2
080010085453008,2
080010094092022,2
080010094072019,2
080010085243002,2
080010094091027,2
080010085541013,2
080010093253009,2
080010094112005,2
080010093271010,2
080010085245005,2
080010096042003,2
080010094071007,2
080010093252006,2
080010094073013,2
080010094013010,2
080010600022005,2
080010093041012,2
080010085442018,2
080010093162014,2
080010602003001,2
080010093272024,2
080010085264000,2
080010085541016,2
080010085613020,2
080010094102002,2
080010612001002,2
080010085442029,2
080010085062007,2
080010085053007,2
080010085246007,2
080010601001002,2
080010612001047,2
080010085453009,2
080010612002022,2
080010600022030,2
080010094102011,2
080010085612003,2
080010093231006,2
080010601001013,2
080010093193006,2
080010093045014,2
080010093163013,2
080010094091000,2
080010085261030,2
080010085454007,2
080010093162013,2
080010085246009,2
080010094112004,2
080010096081003,2
080010600022028,2
080010093213009,2
080010093164013,2
080010093262000,2
080010094012011,2
080010094073008,2
080010085053013,2
080010093271003,2
080010085551005,2
080010094013001,2
080010612002024,2
080010085261040,2
080010094092017,2
080010085553000,2
080010093163001,2
080010094061007,2
080010085052008,2
080010093253001,2
080010094082000,2
080010093273007,2
080010094073018,2
080010085402008,2
080010093272009,2
080010093253002,2
080010085612016,2
080010085263000,2
080010093272000,2
080010093183010,2
080010085246000,2
080010085541018,2
080010093274006,2
080010612001063,2
080010612002007,2
080010612001039,2
080010093272016,2
080010094081042,2
080010600022055,2
080010094091005,2
080010600021041,2
080010094101012,2
080010093222009,2
080010094111004,2
080010085261037,2
080010085074020,2
080010085462019,2
080010094071014,2
080010600022048,2
080010094092014,2
080010601003008,2
080010085056004,2
080010093042015,2
080010094011015,2
080010094091001,2
080010600012021,2
080010085612009,2
080010094081030,2
080010085261011,2
080010094013034,2
080010085242013,2
080010085402026,2
080010093271002,2
080010085462020,2
080010094093004,2
080010085402009,2
080010093251016,2
080010096044003,2
080010085242004,2
080010093045006,2
080010602002023,2
080010096072001,2
080010093165006,2
080010601003009,2
080010085462013,2
080010093222021,2
080010094111000,2
080010612001031,2
080010093222019,2
080010085613009,2
080010085541015,2
080010085063003,2
080010085442022,2
080010085265000,2
080010094071006,2
080010093161008,2
080010096044008,2
080010085071015,2
080010093091003,2
080010085451009,2
080010093164015,2
080010601001007,2
080010085453015,2
080010085611001,2
080010093222025,2
080010085601016,2
080010601001001,2
080010093165004,2
080010094091004,2
080010094061009,2
080010600023006,2
080010085443015,2
080010093221012,2
080010600023027,2
080010085055008,2
080010601002004,2
080010096031008,2
080010600021004,2
080010096033001,2
080010096043000,2
080010096081002,2
080010085452000,2
080010085611017,2
080010085261010,2
080010601001040,2
080010094013025,2
080010085082004,2
080010096041007,2
080010085261027,2
080010096031015,2
080010094092002,2
080010085554001,2
080010094011023,2
080010093222018,2
080010093163027,2
080010093253014,2
080010085441015,2
080010094093009,2
080010602003005,2
080010094081020,2
080010601003000,2
080010085075001,2
080010612001004,2
080010085462000,2
080010085052007,2
080010085611022,2
080010612002013,2
080010085051010,2
080010600022034,2
080010085052001,2
080010600022049,2
080010085442005,2
080010085246004,2
080010085451010,2
080010093211007,2
080010093162001,2
080010094093008,2
080010600022045,2
080010094091013,2
080010094092004,2
080010600022012,2
080010093045004,2
080010093272005,2
080010096034002,2
080010094093003,2
080010094061010,2
080010601001022,2
080010094101011,2
080010093045001,2
080010085241000,2
080010602001002,2
080010093251006,2
080010085261033,2
080010085052003,2
080010093162011,2
080010094081055,2
080010093231007,2
080010096041001,2
080010094013014,2
080010094111002,2
080010085441012,2
080010085611026,2
080010085553004,2
080010602002008,2
080010093042008,2
080010093191008,2
080010600021024,2
080010085072004,2
080010093222029,2
080010085263003,2
080010085552005,2
080010094072003,2
080010612001040,2
080350145062004,3
080350140142010,3
080350141165006,3
080350140141000,3
080350140172007,3
080350143001104,3
080350140161004,3
080350146032005,3
080350141103004,3
080350141162001,3
080350144041017,3
080350140131008,3
080350144054002,3
081190101101073,3
080350142081014,3
080350140063003,3
080350142051000,3
080350141351025,3
080350146042017,3
080350140143027,3
080350144041005,3
080350141163012,3
081190101112038,3
080350145062023,3
080350146042022,3
080350141432006,3
080350141333003,3
080350144091027,3
080410034011092,3
080350141431005,3
080350144081027,3
081190101072027,3
080350140133020,3
081190101092007,3
080350144041063,3
080350141461001,3
080350141421015,3
080350142051003,3
080350140084021,3
080350140132002,3
081190101072005,3
080350142051051,3
080350139042013,3
080350140161022,3
081190101072032,3
081190101101078,3
081190101121005,3
080350140171014,3
080350146031035,3
081190101081030,3
080350141164003,3
080350140063014,3
080350144053003,3
080350139043011,3
080350139151003,3
080350143001051,3
080350146021025,3
080350144105006,3
080350141382005,3
080350141322020,3
080350141164007,3
080350146041008,3
080350140061003,3
080350144072015,3
081190101071055,3
080350141122005,3
080350139151009,3
080350140082014,3
080350139102020,3
081190101101051,3
080350141412021,3
080350141232019,3
080350141165002,3
080350140163004,3
080350140082010,3
080350145062009,3
080350145041023,3
080350139123036,3
080350145043000,3
080350140072027,3
080350145062018,3
080350145062002,3
080350141291014,3
081190101101011,3
081190101071036,3
080350140135013,3
080350139123029,3
080350141312019,3
080350146031034,3
080350140073002,3
080350144081039,3
080350144081028,3
080350146033000,3
081190101081038,3
080350140161044,3
080350140082002,3
080350141443007,3
080350141071014,3
080350140062042,3
080350141421012,3
080350141241000,3
080350141343012,3
080350141461007,3
080350140072025,3
080350143001089,3
080350141341016,3
080350140086018,3
080350141261006,3
080350140171034,3
080350145062012,3
080350146031000,3
080350140063011,3
080350145051025,3
081190101101050,3
080350141243009,3
080350145042026,3
080350141291011,3
080350141412010,3
081190101082003,3
080350141241003,3
080350141342001,3
080350141253025,3
080350144041040,3
080350140083010,3
081190101071009,3
081190101042028,3
080350139042007,3
080350141251002,3
080350139071003,3
080350141352031,3
080410034021013,3
080350141452003,3
080350140163000,3
081190101081010,3
080350139102017,3
080350141102001,3
080350140132016,3
080350142031023,3
080350140086003,3
080350146031022,3
080350141451011,3
080350144051026,3
080350140134005,3
080350140062031,3
080350143001059,3
081190101101010,3
080350144041044,3
080350141342003,3
080410034012033,3
080350141072006,3
080350144106009,3
080350139142014,3
080350139073003,3
080350140113010,3
080350140081002,3
080350145033014,3
080350140134011,3
080410034012028,3
080350141443022,3
080350141162000,3
080350141352005,3
081190101041045,3
080350140132010,3
080350144091032,3
080350142071006,3
080350140103007,3
080410034011046,3
080350140087009,3
080350141331005,3
080350141351052,3
081190101112029,3
080350146031030,3
080350145041037,3
080350144054003,3
080350145032017,3
080350141071000,3
080350140103022,3
080350140111000,3
080350141392006,3
080350141441007,3
080350141443001,3
080350140151001,3
081190101101049,3
080350141331016,3
080350140051006,3
081190101042023,3
080410034012042,3
080350140083005,3
081190101102002,3
080350141163013,3
080350141332018,3
080350141341015,3
080350140111038,3
080350141251019,3
080350140052027,3
080350144104000,3
080350145061003,3
081190101102035,3
080350140141026,3
080350139043033,3
080350140101013,3
080350140135016,3
080350144052004,3
080350146021037,3
080350142052020,3
080350145033016,3
080350141421006,3
080350139042041,3
080350139101019,3
080350145041028,3
080350140172000,3
080350144107006,3
080350141411005,3
080350145053000,3
080410034011008,3
080350140081007,3
080350139125005,3
080350139072008,3
080350140136020,3
080350146042023,3
080350140141005,3
080350142031009,3
080350141151020,3
080350142032000,3
080350145042015,3
080350145033018,3
080350141351062,3
080350143001041,3
080350141463014,3
080350141251003,3
080350141452001,3
080350146041034,3
080350141091008,3
080350139103018,3
080350140141008,3
080350140051013,3
080410034021020,3
081190101072024,3
080350143001053,3
080350144081061,3
080410034012000,3
080350141292003,3
080350144081029,3
080350145061013,3
080350141352000,3
080350141442010,3
080350145051016,3
080350141451009,3
080350145043018,3
081190101102037,3
080350145053009,3
080350145062028,3
080350140086020,3
080350142051038,3
080350143001008,3
080350141243005,3
080350141082005,3
080350139112005,3
080350141343011,3
080350145041042,3
081190101041069,3
081190101101023,3
080350145033035,3
080350139142004,3
081190101071054,3
080350139092000,3
080350139072029,3
080350141341014,3
080350144072006,3
080350143001105,3
080350140101019,3
080410034011029,3
081190101102042,3
080350145062057,3
080350144102005,3
080350141152004,3
080350140141001,3
080350140052026,3
080350145042007,3
080350145062016,3
080350140103003,3
080350145031006,3
080350145053001,3
080350141261008,3
080350139115018,3
080350141412030,3
080350146041031,3
081190101102027,3
080350141351063,3
080350142052011,3
080350146021009,3
080350141341004,3
080350141292001,3
080350140111010,3
080350140161010,3
080350141152010,3
080350140171001,3
081190101112037,3
080350140084011,3
081190101042001,3
080350141253026,3
080350142051017,3
080350146032029,3
080350141292002,3
080350139072038,3
080350141291008,3
080350145033017,3
080350141331010,3
080350145033009,3
080350140172008,3
080350140141010,3
080350144107017,3
081190101041046,3
081190101121014,3
080350144072029,3
081190101082039,3
080350140162008,3
081190101081054,3
080350143001028,3
080350140063008,3
080350145043013,3
080350140071000,3
080350141104003,3
080350140151021,3
080350143001001,3
080350141271002,3
080350145041022,3
080350140141011,3
080350140101009,3
080410034011037,3
080350144041062,3
080350139091021,3
081190101082025,3
080350141251023,3
080350142033005,3
080350144081019,3
080350141163009,3
080350144081065,3
080350139102011,3
080350141122008,3
080350141351027,3
080350139073001,3
080350141091004,3
080350144071020,3
080350143001034,3
081190101101068,3
081190101082044,3
080350141411011,3
080350141071016,3
080350140133004,3
080350142031019,3
080350140131021,3
080350141121003,3
080350144051011,3
080350139053001,3
081190101041062,3
080350139103001,3
080350141261005,3
080350140084018,3
080350141321001,3
080350141412033,3
080350141102007,3
080350139092003,3
080350141251016,3
080350139072032,3
080350140143011,3
080350141322008,3
080410034021014,3
081190101102012,3
080350141381000,3
080350143001047,3
080350140133021,3
080350141251006,3
080350141402001,3
080350140052019,3
080350141122007,3
080350144051018,3
080350146041021,3
080350141152005,3
080350146032031,3
080350144102007,3
080350139124010,3
080350140161012,3
081190101041008,3
080350141463010,3
080350139072035,3
080350141342010,3
080350146021013,3
080410034012009,3
080350145053015,3
080350140052014,3
080350146042005,3
080350141332006,3
080350140061028,3
080350140083013,3
080350141122009,3
080350142051032,3
080350144041032,3
080350140062025,3
080350141411007,3
080350141251024,3
080350141412032,3
081190101082019,3
080350141104002,3
081190101071052,3
080350144051028,3
080350144041039,3
080350139112019,3
080350139111002,3
080350146021058,3
081190101102028,3
080350142081004,3
080350140101014,3
081190101081011,3
080350140111058,3
081190101081035,3
081190101041051,3
080350139102016,3
081190101041039,3
080350141161009,3
080350140141027,3
080350139125015,3
081190101082020,3
080350141281012,3
080350140143020,3
080350145062007,3
080350144091015,3
080350140072024,3
080350141165004,3
080350140133018,3
080350141273008,3
080350141331019,3
080350144091031,3
080350142052038,3
081190101081021,3
080350140171035,3
080350146042016,3
080350141461015,3
080350139041008,3
080350140091017,3
080350143001029,3
080350139115011,3
080350141391009,3
080350141351044,3
080350141072015,3
080410034011098,3
080350140051009,3
080350139042035,3
081190101072025,3
080350145053012,3
080350141083000,3
080350139112013,3
080350141253008,3
080350141421020,3
080350144041035,3
081190101101031,3
080350139101005,3
080350140142007,3
080350140111049,3
081190101041041,3
080350139121008,3
080350140141014,3
080350139043025,3
080350140052021,3
080350140132000,3
080350141083004,3
080350140082017,3
081190101042026,3
080350140085003,3
081190101091036,3
080350144081000,3
080350140171008,3
081190101081026,3
080350139103011,3
080350141322014,3
080350145032005,3
080350141343006,3
080410033061008,3
080350142031000,3
080350141165000,3
080350144041014,3
080350140111062,3
080350140072011,3
080350146033016,3
080350140133010,3
080350145062039,3
080350140131023,3
080350139112021,3
081190101072018,3
080350139074000,3
080350141101008,3
080350141291016,3
080350141142019,3
080350145042006,3
080350140091003,3
080350140072014,3
080350144042013,3
080350144103012,3
080350141142024,3
080350144105002,3
080350141312031,3
080350140063023,3
080350142061011,3
080350143001073,3
080350140151016,3
080350141392020,3
080350146042015,3
080350141442002,3
080350142033013,3
081190101102005,3
080350143001082,3
080350146031005,3
080350142071011,3
080350141443015,3
080350144101010,3
080350146032018,3
080350145051008,3
080350141413013,3
080350145033022,3
080350141261003,3
080350140171019,3
080350141092004,3
080350144103035,3
080350141452005,3
080350139093006,3
080350140052003,3
080350145053003,3
080350144102014,3
080350146032001,3
080350140132001,3
080350146041035,3
081190101081015,3
080350141232001,3
081190101082007,3
080350140161025,3
080350141281013,3
080350142081025,3
080350141343010,3
080350141083002,3
080350141122011,3
080350139112014,3
080350141282009,3
080350146021019,3
080350146032025,3
080350141421017,3
080350139151008,3
080350141231011,3
080350141241010,3
080350141321003,3
081190101072007,3
080350139091018,3
080350139123037,3
080350139071010,3
080350145041008,3
081190101072002,3
080350140086006,3
080350145042017,3
081190101071031,3
080350141165003,3
080350141291018,3
080350144041016,3
081190101071021,3
080350141412011,3
080350144107013,3
080350141282002,3
080350140141019,3
080350143001043,3
080350141151021,3
080350141343020,3
080410034011097,3
081190101111019,3
080350139123023,3
080350141161017,3
080350139151002,3
080350140103024,3
080350141391000,3
080350145043010,3
080350141132004,3
080350140133002,3
081190101102049,3
080350145043004,3
080350141402016,3
080350140132009,3
080350139101020,3
080410034021007,3
081190101042020,3
080350141343004,3
080350141352001,3
080350141452009,3
080350140163006,3
081190101081031,3
080350140082000,3
080350140143007,3
080350140136006,3
080350141271000,3
080350141451000,3
080350139124009,3
080350145032003,3
080350139103002,3
080350144103030,3
080350144091014,3
080350141461006,3
080350139042044,3
080350141441005,3
080350144102036,3
080350146033013,3
080350141252011,3
080350139113005,3
080350140151015,3
080350139042016,3
080350139073000,3
081190101081017,3
080350140161031,3
080350140133022,3
080350139091001,3
081190101112003,3
080350141333007,3
080350140112003,3
080350145051023,3
080350139042027,3
080350145061018,3
081190101101022,3
080350142061001,3
080350139114005,3
080350145062037,3
080350139141011,3
080350144054004,3
081190101101041,3
080350140171029,3
080350142032006,3
080350141342002,3
080350139121001,3
080350141161014,3
080350141151007,3
080350140061002,3
080350146031027,3
081190101082004,3
080350140087001,3
080350141251013,3
080350144051006,3
081190101102020,3
080350141253004,3
080350145043008,3
080350142051024,3
080350141452006,3
080350145061000,3
080350141251032,3
080350140171033,3
080350140091013,3
080350144102035,3
081190101102061,3
080350145061019,3
080350139042032,3
081190101042013,3
080350139123034,3
080350145042000,3
080350141251025,3
080350139123032,3
081190101101035,3
081190101081005,3
080350139123008,3
080350139072027,3
081190101101013,3
080350139091007,3
080350139054002,3
080350141412013,3
080350140103023,3
080350144041015,3
080350139124015,3
080410034012003,3
080350140171026,3
080350145062003,3
080350141351045,3
080350139125023,3
080350144072021,3
080350141232015,3
080350141241008,3
080350141351056,3
080350144071007,3
080410034021000,3
080350140091022,3
080350141351057,3
081190101112000,3
080350141351036,3
081190101082040,3
080350144051016,3
080350141411003,3
081190101072020,3
080350142052010,3
080410034012007,3
080350142081029,3
080350140142003,3
080350141272009,3
080350146031009,3
081190101112008,3
080350141241014,3
081190101042004,3
080350144041052,3
080350145062017,3
080350140143008,3
080350144103036,3
080350140133012,3
080350141332010,3
080350140087016,3
080350141151026,3
080350141081013,3
080350141253027,3
080350141161019,3
080350141141010,3
080350141243012,3
080350142031016,3
080350141351061,3
080350145041014,3
080350145062014,3
080350140135009,3
080350141382003,3
080350140162002,3
080350142081019,3
080350141271005,3
081190101112002,3
080350141071007,3
080350141272003,3
080350146041032,3
080350145033026,3
080350145051022,3
080350139111005,3
080350146032009,3
080350141271014,3
080350141081000,3
080350139072011,3
080350140087006,3
081190101071044,3
080350140084023,3
080350140131012,3
080350141333005,3
080350142032003,3
080350146032028,3
080350141232016,3
080350143001080,3
080350146021022,3
080350139101022,3
080350140172018,3
080350144081031,3
080350139123009,3
080350139123026,3
080350141412000,3
080350140082018,3
080350139113000,3
080350142031027,3
080350141291006,3
080350140071008,3
081190101041073,3
080350142061024,3
081190101101005,3
080410034011016,3
081190101072003,3
080350141352032,3
080350139102005,3
080350146041007,3
080350144072031,3
080350140112006,3
080350146031031,3
080350141142020,3
080350144103018,3
080350142051041,3
080350141392003,3
081190101081047,3
080350139042037,3
080350140073009,3
080350141271004,3
080350141391003,3
080350141443019,3
080410034021031,3
080350141402009,3
081190101081001,3
080350145062031,3
080350141441008,3
081190101092001,3
080350140073006,3
080350141163006,3
080350140161027,3
080350141151017,3
080350140134017,3
080350140113004,3
080350140161000,3
080350144107018,3
080350145062020,3
080350143001006,3
080350141391002,3
080350141151006,3
080350141333006,3
080410034011032,3
080350140162015,3
080350146032003,3
080350144053013,3
080350140171012,3
080350144081069,3
080350140162000,3
080350140111027,3
080350145051009,3
080350143001048,3
080350141081004,3
080350143001095,3
081190101102034,3
080350141132002,3
080350146021028,3
080350139153001,3
081190101091001,3
080350140063007,3
081190101082018,3
080410034011017,3
080350139041010,3
080410034011030,3
080350144103016,3
080350140082007,3
080350145031001,3
080350140111008,3
080350140142006,3
080350142052012,3
080350139073008,3
080350144091010,3
080350140103000,3
080350139114004,3
080350144107003,3
081190101112025,3
080350144042004,3
080350140101006,3
080350140102009,3
080350141421018,3
080410034011086,3
080350142031022,3
080350139102018,3
080350139141020,3
080350142052002,3
080350141232013,3
080410034012012,3
081190101041031,3
080350143001068,3
080350145031023,3
080350139151010,3
080350146041002,3
080350145051032,3
080350141462000,3
080350140142008,3
080350141254006,3
080350139072006,3
081190101111077,3
080350140071002,3
080350144091029,3
080350140052029,3
080350140142005,3
080350140151014,3
080350141071003,3
080350141402018,3
080350144101020,3
081190101102032,3
080350144051024,3
080350145041035,3
080350140171031,3
080350139072014,3
080350142052024,3
080350141351060,3
080350141323010,3
080350144071003,3
080350139113009,3
080410034021028,3
080350140072020,3
080350140111064,3
080350141351031,3
080350143001091,3
080350145062021,3
080350141322012,3
080350144091023,3
080350142031004,3
080350140061009,3
080350141322024,3
081190101101046,3
080350140073010,3
080350144106001,3
080350144041011,3
080350142052016,3
081190101072017,3
080350140133013,3
080350140052005,3
080350141441009,3
080350140092024,3
080350145041024,3
080350140085008,3
081190101111071,3
080350141142005,3
080350141352007,3
080410034012013,3
080350145052006,3
080350141232021,3
080350141323013,3
080350141412002,3
080350142051026,3
080350144051033,3
080350140073016,3
080350140061010,3
080350141331012,3
080350141241023,3
080350140052015,3
080350140113001,3
080350144081014,3
080350140135010,3
080350141122013,3
080350142051033,3
080350140063009,3
080350146032020,3
081190101112031,3
080350144091033,3
080350140084029,3
080350141131003,3
080350141431009,3
081190101041060,3
081190101111012,3
080410034021055,3
080350141071012,3
080350144105018,3
081190101072004,3
080350142031018,3
080350145031008,3
080350141142002,3
080350144106007,3
080350141421010,3
080350140103029,3
080350139042029,3
080410034011101,3
080350140072012,3
080350145041038,3
081190101123008,3
080350145031012,3
080350142051002,3
080350141164002,3
080350139151001,3
080350145042001,3
080350139103017,3
080350141281019,3
080350141241015,3
080350145062025,3
080350139102022,3
080350145032015,3
080350140084028,3
080350139125012,3
080350141432002,3
080350146021014,3
080350140142017,3
080350139142025,3
081190101082001,3
080350139072039,3
080350141251018,3
080350141463012,3
080350141391014,3
080350143001013,3
080350140142004,3
080350146033009,3
080350141163005,3
081190101041012,3
080350142081027,3
080350141253013,3
080350140052007,3
080350139125006,3
080350141252010,3
080350141292006,3
081190101081023,3
081190101081029,3
080350140052023,3
080350140073017,3
080350145033015,3
080350141282004,3
080350145051019,3
080350144106010,3
080350140091020,3
080350139091027,3
080350140111017,3
081190101111066,3
080350140071003,3
081190101102031,3
080410034012001,3
080350140161042,3
080350140133005,3
080350145032022,3
081190101072028,3
080350144103003,3
080350140143004,3
080350141232006,3
080350141152013,3
080350142071004,3
081190101081052,3
080350140101016,3
080350139124002,3
080350142052043,3
081190101101030,3
080350146033001,3
080350143001005,3
080350145062036,3
080350143001117,3
080350144104011,3
080350140092018,3
080350139052007,3
080350145062026,3
080350145041039,3
081190101071028,3
080350141431011,3
080350139123028,3
080350141291012,3
080350144081041,3
080350140133007,3
080350140143001,3
080350144071016,3
080350141343016,3
080350145053010,3
080350140113011,3
080350144041027,3
080350143001108,3
080350144042017,3
080350139111014,3
081190101112022,3
080350142061019,3
080350139043010,3
080350140143026,3
080350146031017,3
080410033061006,3
080350140063013,3
080350141323000,3
080350142052041,3
080350140062037,3
080350140162003,3
080350142061000,3
080350139125014,3
080350141142009,3
080350139052014,3
080350145052008,3
080350144101014,3
080350144071018,3
080350143001030,3
080350139112025,3
080350141462002,3
081190101082005,3
081190101081043,3
080350144041004,3
080350146032016,3
080350140134018,3
080350140085016,3
081190101071003,3
081190101041013,3
080350144071012,3
080350141072004,3
080350140111052,3
080350141443033,3
080350141241011,3
080350144106013,3
080350139072030,3
080350139141013,3
080350141261017,3
080350144041025,3
080350140163007,3
080350144102016,3
080350141141005,3
080350144072012,3
080350139112003,3
080350141351048,3
080350140062038,3
080350143001058,3
080350140172011,3
080350141072012,3
080350139123033,3
080350139115004,3
080350141081008,3
080350144072034,3
080350141352008,3
080350145051029,3
080350141441003,3
080350145033007,3
080350139091043,3
080350140162011,3
080350144091020,3
081190101111067,3
080350144106002,3
080350139072026,3
081190101111056,3
080350140083000,3
080350141443002,3
080350141343008,3
080350142033014,3
080350139072003,3
080350140062034,3
081190101112015,3
080350141121015,3
080350140171009,3
080350142051044,3
080350144103017,3
080350140112008,3
080350139123015,3
080350139042002,3
080350140111043,3
080350141291001,3
080350145043002,3
080350141281004,3
080350145063006,3
080350140111059,3
080350139151006,3
080350140136005,3
081190101081006,3
080350141163010,3
080350141131001,3
080350140092008,3
080350140101010,3
080350140052013,3
080350144053000,3
080350145041040,3
080350140112002,3
080350140111025,3
080350141351003,3
080350141082004,3
080350144105007,3
080350143001033,3
080350140061026,3
080350140151007,3
080350140111024,3
080350141273000,3
080350140086005,3
080350139115012,3
080350139074007,3
080350141151019,3
080350141352024,3
080350141272007,3
080350141341010,3
080350141251009,3
080350140071010,3
080350140061033,3
080350144041056,3
080350140062006,3
080350144081067,3
080350141323011,3
080350140162021,3
080350141352013,3
080350144052000,3
080350140086011,3
080350141321002,3
080350141452008,3
080350141092000,3
080350142051050,3
080350144102015,3
080350142032013,3
081190101042032,3
080350142081016,3
080350141291009,3
080350141261004,3
080350145051007,3
080350140161008,3
081190101081044,3
080350142051047,3
080410034011052,3
081190101102016,3
081190101101020,3
081190101081034,3
080350141251008,3
081190101111048,3
080350141241020,3
080350145033030,3
080350140081001,3
080350139101004,3
080350140103025,3
080350141321007,3
080350141251027,3
080350140062014,3
080350141163004,3
080350145062064,3
080350141083006,3
080350144042009,3
080350144107005,3
080350144072009,3
080350144091001,3
080410034021012,3
080350139125008,3
081190101041001,3
081190101041061,3
080350141071004,3
080350139072041,3
080350144053007,3
080350146021031,3
080350143001055,3
080350141291002,3
080350139043029,3
080350139112011,3
080350139103019,3
080350139114010,3
080350144106003,3
080350140051005,3
080350141121007,3
080350140112015,3
080410034012022,3
080350140161009,3
080350141322021,3
080350141452000,3
080350145033001,3
080350141322010,3
081190101072016,3
081190101101070,3
081190101102026,3
080350139142016,3
080350141253024,3
080350143001046,3
080350144042011,3
080350140142002,3
080350141142034,3
081190101102019,3
080350139092026,3
080350144102008,3
080350143001025,3
080350141281006,3
080350141331020,3
080350146032008,3
080350140072015,3
081190101101028,3
080350140131003,3
080350146021032,3
080350140091007,3
080350139151000,3
080350139041000,3
080350141152017,3
080350141251014,3
081190101071042,3
080350139054000,3
080350140072021,3
080350139051000,3
080350141072011,3
080350145031000,3
080410034011047,3
080350141071008,3
080350145052002,3
080410033062007,3
080350141142016,3
081190101072026,3
080350139091002,3
080350141071009,3
080350143001092,3
080350141102002,3
080350139123030,3
081190101071037,3
080350139042006,3
080350141161002,3
080350144041008,3
081190101081009,3
080350146042008,3
080350139041002,3
080350140136008,3
080350142032010,3
081190101042019,3
080350144081035,3
080350145062050,3
080350144052001,3
080350140161030,3
080350145053018,3
080350140071013,3
080350141273004,3
080350140172012,3
080350139101011,3
080350139112027,3
080350141431007,3
080350140061018,3
080350141321005,3
080410034012024,3
080350144102032,3
080350139091036,3
080350141161003,3
080350145033034,3
080350141463003,3
080350141292000,3
080350140151023,3
080350141161010,3
080350141261014,3
080350139042022,3
080350141452011,3
080350139101000,3
080350142071009,3
080350140062009,3
080350143001111,3
080350139112016,3
080350141451006,3
080350141351008,3
080350139041006,3
080350141441002,3
081190101111011,3
080350141102013,3
081190101102006,3
080350146032027,3
080350141271006,3
080350140111066,3
080350140085018,3
080350144071004,3
080350140103016,3
080350141402011,3
080350142052027,3
080350141122002,3
080350141251029,3
080350139102002,3
080350141142029,3
080350140092000,3
080410034011039,3
081190101102054,3
080350140084022,3
080350144102013,3
080410033051019,3
080350141121010,3
080350140161017,3
080350141333001,3
080350139153002,3
080350139102021,3
080350140152016,3
080350140134001,3
081190101071026,3
080350139074008,3
080350139141008,3
081190101101054,3
081190101091037,3
080350140103028,3
080350141163001,3
080350141102010,3
080350141254008,3
081190101042033,3
080350141131000,3
080350139153007,3
080350141252002,3
080350139073006,3
080350141152007,3
080350141102000,3
080350145031002,3
080350142032015,3
080350141082008,3
080350146021043,3
080350144053009,3
080410031004022,3
080350145062038,3
080350140063000,3
080350141421005,3
080350144081037,3
080350141321004,3
080350141161018,3
080350140141017,3
081190101102003,3
081190101042005,3
080350144071022,3
080350145042030,3
080350139093009,3
080350144106015,3
080350141241017,3
080350145053014,3
080350144105016,3
080350141443020,3
080350141232003,3
080350141091001,3
080350140151009,3
080350142033000,3
080350139111003,3
080410025011003,3
080350140136017,3
080350145031018,3
080350141161012,3
080350139043014,3
080350139142018,3
080350141341013,3
080350144103006,3
081190101111015,3
080350141443018,3
081190101041028,3
080350145041007,3
080350140092006,3
080350140134000,3
080350145061001,3
081190101111014,3
080350141443009,3
080350145062024,3
080350139152001,3
080350140091015,3
080350141071010,3
081190101082033,3
080350140172005,3
080350141232007,3
080350141241001,3
080350140161021,3
080350146041016,3
080350140091014,3
080410034011001,3
080350139041017,3
081190101041033,3
080350139101013,3
080350140085005,3
080350144102033,3
080350141462007,3
080350144081012,3
080350140132004,3
080350144091002,3
080350141142007,3
080350141122018,3
080350142081028,3
080350140062026,3
080350141151029,3
080410033062026,3
080350146021050,3
080350139052006,3
080350141121000,3
080350141261010,3
080350144101005,3
080350140161035,3
080350139102019,3
080350139072005,3
080350145063007,3
080350140143016,3
080350144091036,3
080350144041038,3
080350145031022,3
080350144081007,3
080350141431014,3
081190101102014,3
080350141443011,3
080350144101000,3
080350140103002,3
080350144103026,3
080350139153005,3
080350140086015,3
080350141403010,3
080350146021026,3
081190101112036,3
080350139141007,3
080350141351004,3
081190101041043,3
080350141261018,3
080350141101009,3
081190101101074,3
080350145032001,3
080350140071006,3
080350140082004,3
080350142051004,3
080350140092019,3
080350144041029,3
080350141463004,3
080410034011096,3
080350140063004,3
080350144105010,3
080350146041024,3
081190101082002,3
080350144107010,3
080350140113008,3
080350140161038,3
080350139054003,3
080350142061007,3
080350139142006,3
081190101123009,3
081190101071027,3
080350144042028,3
080350144107009,3
080350140141018,3
080350139091034,3
080350141322017,3
080350141322016,3
080350144103023,3
080350140151008,3
080350146021012,3
080350141412001,3
080350139102023,3
080350144091005,3
080350139151005,3
081190101041011,3
080410034021016,3
080350144101012,3
081190101102008,3
080350144054009,3
081190101041003,3
080350141103012,3
080350141333004,3
080350140131024,3
080350139091012,3
080350141411012,3
080350141281003,3
080350141343003,3
080350140111056,3
080350139141003,3
080350141151025,3
080350144104001,3
080350144051027,3
081190101071014,3
080350141451015,3
081190101101016,3
080350139052019,3
080350145062061,3
081190101082038,3
080350144105023,3
080410034011004,3
080350141092011,3
080350140135008,3
080350145062034,3
081190101041036,3
080350144042022,3
080350143001035,3
081190101102025,3
080350142033003,3
080350141261015,3
080350141252006,3
080350140063021,3
080350140102002,3
081190101071041,3
080350141081001,3
080350145041017,3
080350139123038,3
080350141461008,3
080350140092014,3
080350141332014,3
080350139151011,3
080350140135006,3
080350141241012,3
080350144081022,3
080350140063010,3
080350141443034,3
080350145062065,3
080350140162004,3
080350140091016,3
080350140152011,3
081190101101034,3
080350141253022,3
080350141411001,3
080350141421000,3
080350140051003,3
080350144081036,3
080350141241021,3
080350144081056,3
080350145061016,3
081190101101021,3
080350144081025,3
080350140111009,3
080350141282006,3
080350141391012,3
080350140132015,3
080350140141012,3
080350144081060,3
080350140162009,3
080350146042019,3
080350144072028,3
080350139072042,3
080350145051018,3
080350140111016,3
080350144072026,3
080350146032011,3
080350139113001,3
080350144091034,3
081190101041035,3
081190101041010,3
080350144081033,3
080350139091026,3
080350140143015,3
080350141142031,3
080350140101004,3
080350139052012,3
080350139151013,3
080350139072025,3
081190101081051,3
080350145032013,3
080350141141002,3
080350139091013,3
080350145033024,3
080350141342005,3
080350139052015,3
081190101041034,3
080410034012021,3
080350141413006,3
080350139042019,3
080350145061015,3
080350141451004,3
080350141252013,3
080350141253019,3
081190101112005,3
080350140152013,3
080350143001121,3
080350140112005,3
080350145051031,3
080350144042025,3
080350146021002,3
080350141461004,3
080350141081010,3
080350145061008,3
080350140062029,3
080350139123031,3
080350145042027,3
081190101071005,3
080350141252014,3
080350146041014,3
080350140052012,3
080350145051005,3
080350142081006,3
080350142052044,3
080350139041012,3
081190101111062,3
080350143001049,3
080410034011043,3
080350142033021,3
080350144052008,3
080350144102012,3
080350141292005,3
080350141254002,3
080350140101005,3
081190101112009,3
080350140061013,3
080350139125025,3
080350144081020,3
080350140091010,3
080350146032030,3
080350139142010,3
080350144081040,3
080350144107016,3
080350139115015,3
080410034021024,3
081190101111046,3
080350141072001,3
080350146042003,3
080350139101012,3
080350140091012,3
080350141411009,3
080350141271003,3
080350146042018,3
080350145062041,3
080350140081005,3
080350140143013,3
080350141271012,3
080350144072008,3
080350145042009,3
080350139103015,3
080350142051027,3
080350140062027,3
080350140161043,3
080350145062008,3
080350146031007,3
080350141152003,3
080350141252005,3
080350139072028,3
080350139042023,3
081190101102055,3
080350140171030,3
081190101112040,3
080350141271001,3
080350140111042,3
080350140161037,3
081190101123002,3
080350140111041,3
080350141241004,3
080350144072013,3
080350141254004,3
080350141412008,3
080350140136024,3
080350140086016,3
081190101081020,3
080350144053010,3
080350141441001,3
080350139093007,3
080350140151025,3
081190101081037,3
080350140103006,3
080350145051004,3
080350144104008,3
080350139043006,3
080350146032002,3
080350143001109,3
080350140061007,3
080350140084024,3
080350139091037,3
080350139072002,3
081190101101079,3
080350141254009,3
080350139043018,3
080350141402003,3
080350142051007,3
080350139124011,3
080350141341001,3
080350139051003,3
080350140151019,3
081190101081050,3
080410034011005,3
080350140151005,3
080350140143025,3
080350144102010,3
080410025013023,3
081190101082030,3
080350141402013,3
080350141431012,3
080350142051025,3
080350139141009,3
080350139115010,3
080350140111013,3
080350144091011,3
080350139125017,3
080350142081032,3
080350141462008,3
080410034011048,3
080350140086017,3
080350139102010,3
080350140087010,3
080350141451003,3
081190101081025,3
080350140101007,3
080350141251012,3
080350141351001,3
080350146021024,3
080350141421008,3
080350139042028,3
080350146033014,3
080350146033015,3
080350141402002,3
080350140052002,3
080350144051036,3
080350141412017,3
081190101092000,3
080350144102011,3
080350141271020,3
080350141072002,3
080350146021005,3
080350145043020,3
080350141443036,3
080350144051007,3
080350140162005,3
081190101101014,3
080350144091030,3
080350141242001,3
080350140136018,3
080350140051018,3
080350145031010,3
080350140131035,3
080350140087000,3
080350144103019,3
080350140171016,3
080350140143010,3
081190101121019,3
080350139091035,3
080350140063005,3
081190101081049,3
081190101123001,3
081190101042015,3
080350145052001,3
080350140132006,3
080350141101010,3
080350141431013,3
080350141351007,3
080350139125016,3
080350146041009,3
080350144081026,3
080350146021064,3
080350139125007,3
080410034011019,3
080350145052005,3
080350140062023,3
080350144106004,3
080350144102025,3
081190101102015,3
080350141443030,3
080350146032024,3
080350140112016,3
080410034011015,3
080350141251022,3
081190101121016,3
080350144106006,3
080350141102006,3
080410034012027,3
080350140087003,3
080350145033000,3
080350139112001,3
080350140087018,3
080350142081007,3
080350143001110,3
080350140086021,3
081190101123013,3
080350141272006,3
081190101102004,3
080350140111044,3
080350142061022,3
080350144081013,3
080350144042014,3
080350141142014,3
080350140052001,3
081190101101012,3
080410034021003,3
080350145032000,3
080350141273002,3
081190101041040,3
080350141251000,3
080350141412005,3
080350141243010,3
081190101081002,3
080350146041029,3
080350144101017,3
080350139041004,3
080350140091002,3
080350146041015,3
080350145063001,3
080350140084031,3
080350144103040,3
080350141332002,3
081190101041017,3
080350141351054,3
081190101041006,3
080350140135017,3
081190101082046,3
080350141072008,3
080350140061019,3
080350146042020,3
080350139052013,3
080350144072024,3
080350144103032,3
081190101082011,3
080350139101008,3
080350141072005,3
080350141432000,3
080350140111023,3
080350146021039,3
080350142051037,3
080350141343013,3
080350141312030,3
080410034021053,3
080350141351010,3
080350140084005,3
080350139051001,3
080350140084001,3
080350141392015,3
080350143001096,3
080350141281018,3
080350140062003,3
080350140136014,3
080350141431006,3
081190101041014,3
080350139052018,3
080350144072032,3
080350143001066,3
080350141251004,3
080350141403002,3
080350144101016,3
080350141391006,3
080350140131033,3
080350144072027,3
080350140135018,3
081190101072031,3
080350141413004,3
080350146031010,3
080350141101005,3
080350140162022,3
080350142031017,3
080350141121013,3
080350139115014,3
080350141251030,3
080410033061003,3
081190101041027,3
080350139112020,3
080350146031026,3
080350141403007,3
080350144042007,3
080350144103004,3
080350140085004,3
080350141352021,3
080350141421002,3
080410034021019,3
080350141281005,3
080350144105017,3
081190101101064,3
080350145062054,3
080350140072013,3
080350142052005,3
080350140171002,3
080350141432005,3
080350144107012,3
080350146031021,3
080350141322004,3
080350143001093,3
080350144042029,3
080350145053019,3
080350139115019,3
080350144051023,3
081190101102009,3
080350142081013,3
080350141232005,3
081190101071004,3
081190101112024,3
080350140161019,3
080350144041055,3
081190101111050,3
080350141282016,3
080350140061031,3
081190101102044,3
080350141331000,3
081190101082010,3
080350142052045,3
080350141381002,3
080350140152005,3
080350139052005,3
080350141151024,3
080350143001102,3
080410034012004,3
080350144071021,3
080350141142015,3
080350139111011,3
080350140113009,3
080350139072000,3
080350140111031,3
080350141082010,3
080350145053006,3
080350140131006,3
080410034012038,3
080350140162017,3
080350140161016,3
080350141092008,3
080350144081047,3
080350143001100,3
080350139091010,3
081190101101002,3
080350141351066,3
080350141161001,3
080350146021067,3
080350140161003,3
080350141462010,3
080350142052000,3
080350141151014,3
080350139092005,3
080350141141013,3
081190101121020,3
080350145043019,3
080350142032004,3
080350139043022,3
080350140111053,3
080350140072026,3
080350141291010,3
080350140143019,3
080350143001119,3
080350141281000,3
080350146021044,3
080350140135012,3
080350141412026,3
080350140151026,3
080350145063000,3
080350140072010,3
080350140052010,3
080350145062055,3
080350143001004,3
080350145062051,3
080350141412020,3
080350145032020,3
080350145062022,3
080350144105014,3
080350139113004,3
080350139102001,3
080350140063025,3
081190101121018,3
080410034021030,3
080350140062028,3
080350140083014,3
080350144081032,3
080350139091030,3
080350144104010,3
080350140134021,3
080350139072007,3
080350139113002,3
080350141232020,3
080350141342004,3
081190101071017,3
080350140112021,3
080350141332005,3
080350141451013,3
080350140143028,3
080350141321000,3
080350141253007,3
080350141461002,3
080350141083008,3
080350140085007,3
080350142031007,3
080350141072003,3
080350141413012,3
080410025013028,3
080350140072004,3
080350141352012,3
080350143001107,3
080350141071015,3
080350140111018,3
080350141163002,3
080350139102006,3
080350141351028,3
080350141252007,3
080350139053000,3
080350140101018,3
080350146031020,3
080350141323008,3
080350141164001,3
081190101101017,3
081190101071020,3
080350140101002,3
080350140131017,3
080350139072022,3
080350146021042,3
080350140072001,3
080350144042003,3
081190101102051,3
080350139043021,3
081190101041005,3
080350139043000,3
080350140083009,3
080350141163014,3
081190101081008,3
080350141352029,3
080350141412024,3
081190101042030,3
080350139115001,3
080410034011028,3
080410033051027,3
080350141451002,3
080350141461000,3
080350141351000,3
080350144041059,3
080350141251026,3
080350142061025,3
080350139103014,3
080350140103031,3
081190101102013,3
080350139091022,3
080350140161040,3
080350141352028,3
080350141132005,3
080350145041009,3
080350145051017,3
080350140136011,3
080350141101011,3
080350139103005,3
080350140112009,3
080350143001101,3
080350144091025,3
080410034011026,3
080350140083011,3
080350142051021,3
081190101102038,3
080350141431000,3
080350140111061,3
080350142081018,3
080350142051022,3
080350140161005,3
080350141441013,3
080350142033002,3
080350142052052,3
080350140051010,3
080350144072016,3
080350144071000,3
080350141331003,3
080350139125019,3
080350141331021,3
081190101121017,3
081190101041007,3
080350139141014,3
080350145043006,3
080350142052025,3
080350139091020,3
080350144105013,3
080350141122015,3
080350141332009,3
081190101111055,3
080350144081023,3
080350139043027,3
080350146021015,3
080350146021066,3
080350141351030,3
080350142051008,3
080350141452002,3
080350141151005,3
080350139092020,3
080350144101009,3
080350139042048,3
080350145051015,3
080350140102007,3
080350140072017,3
081190101112014,3
080350141412023,3
080350140143024,3
080350144072025,3
080350140087004,3
080350144072030,3
080350140082025,3
080350142051006,3
081190101081000,3
080350141392014,3
080350144091018,3
080350144106016,3
080350145062056,3
080350140136025,3
080350139072016,3
080350141071006,3
080350140141002,3
080350140051016,3
080350141232018,3
080350142051042,3
080350139111010,3
080350139125038,3
080350141443023,3
080350144072007,3
080350139091003,3
080350144102002,3
080350139123016,3
080350141332017,3
080350140135015,3
080350146021041,3
080350141242005,3
080350139042021,3
081190101111075,3
080350139111012,3
080350139093001,3
080350140111029,3
080350140111054,3
080350141412027,3
080350143001077,3
080350140102003,3
080350141083001,3
080350140142012,3
080350141402004,3
080350144101019,3
080350140161034,3
080410033062009,3
080350139092019,3
080350140051012,3
080350144103010,3
080350140136013,3
080350141342011,3
080350141402006,3
080350141242002,3
080350139053005,3
080350141103001,3
080350144072011,3
081190101041064,3
080350142081009,3
081190101041024,3
080350141391010,3
080350140051011,3
081190101042000,3
080350141331008,3
080350140082023,3
080350144041041,3
080350139103006,3
081190101042018,3
080350144041061,3
080350140062011,3
080350141272002,3
080350144105011,3
080350141322000,3
080350142081026,3
080350146031013,3
080350145051024,3
080350139091000,3
080350146021003,3
080350141121006,3
080350141341000,3
080350141251007,3
080350144091006,3
080350141273009,3
080350140052004,3
080350145043012,3
080350140052025,3
080350141392001,3
080350141421022,3
080350139052020,3
080350141092007,3
080350141351012,3
080350141431010,3
080350139072018,3
081190101081012,3
080350141151002,3
081190101111081,3
080350140063019,3
081190101111002,3
080350141342008,3
080350145062032,3
081190101082012,3
081190101071006,3
080350140162013,3
080350139042038,3
080350141081003,3
081190101042011,3
080350139112017,3
080350141343018,3
081190101101072,3
080350140112019,3
080350141273006,3
080350141142006,3
080350143001002,3
080350140111002,3
080350140087015,3
080350145031013,3
080350140061025,3
080350141441015,3
080350141463001,3
081190101121013,3
080350141462004,3
080350145061014,3
080350140091023,3
080350139091038,3
080350139092014,3
080350139092002,3
080350144053008,3
080350139053010,3
080350141343017,3
080350141231014,3
081190101041018,3
080350141281015,3
080350139091006,3
080350140062032,3
080350146041003,3
080350141462003,3
080350140092004,3
080350146021027,3
080350141341009,3
080350140101011,3
080350139121004,3
080350140111037,3
080350141351024,3
080350139152004,3
080350140062016,3
080350141271016,3
080350139042011,3
080350139115008,3
080350144103008,3
080350139052002,3
080350142052022,3
080350139052016,3
080350139125011,3
080350140082022,3
080350141403005,3
080350141351039,3
080350144081030,3
081190101111057,3
080350139101021,3
080350139042020,3
080350139092029,3
080350139071009,3
081190101111004,3
080350144054008,3
080350145031005,3
080410034012029,3
080350143001061,3
080350140113014,3
081190101112030,3
080410034012019,3
080350145051006,3
081190101041021,3
080350139103021,3
081190101101063,3
080350145042018,3
080350141253018,3
080350145052000,3
080350141312032,3
080350140134009,3
080350141251011,3
080350139142026,3
080350145053004,3
080350144071008,3
080350139142029,3
080350140102000,3
080350143001054,3
080350144051009,3
080350146033004,3
081190101082045,3
080350144052007,3
080350140131002,3
080350141391013,3
080350141412031,3
080350140086019,3
080350142051048,3
080350142081003,3
080350145041050,3
080350144072038,3
080350141101006,3
080350139071004,3
080350144103031,3
080350139053007,3
080350145032010,3
080350144071013,3
081190101101071,3
080350140102008,3
080410034011045,3
080350144041022,3
080350141282003,3
080350141351065,3
080350142061004,3
080350140063006,3
080350144081001,3
080350139113007,3
080350141342000,3
080410034011002,3
080350139153008,3
081190101071007,3
080350144102020,3
080350146033003,3
080350140084014,3
080350140143003,3
080350141151011,3
080350140051022,3
081190101092033,3
080350141463008,3
080350139102008,3
080350143001087,3
080350145033033,3
080350141392021,3
080350141331018,3
080350144041001,3
080350141252001,3
080350144042030,3
080350140113015,3
080350140092009,3
080350142052049,3
080350141142001,3
080350144101003,3
080350141152016,3
080350139113006,3
081190101112021,3
080350145063003,3
080350144041033,3
080350145061010,3
080350143001039,3
081190101082027,3
080410034021057,3
080350144072000,3
080350141253006,3
080350145062040,3
080350146033002,3
080350140092016,3
080350141451010,3
080350142031010,3
080350141352016,3
080350146041005,3
080350141252012,3
080350141161011,3
080350141342007,3
080350142033012,3
080350144107008,3
080350141273011,3
080350139102000,3
080350141103008,3
080350139114009,3
080350144103028,3
080350139121009,3
081190101082037,3
080350140131014,3
080350139153003,3
080350145031015,3
080350139115016,3
080350141152006,3
080350140061000,3
080350140087014,3
080350140171021,3
080350139091028,3
080350141142033,3
081190101082006,3
080350141331014,3
080350145062011,3
080350146042000,3
080350145062033,3
080350141461013,3
080350144071014,3
080350140111028,3
080350141131008,3
080350139072017,3
080350140073001,3
080350141161005,3
080350145061021,3
081190101101008,3
080350141132001,3
080350141332013,3
081190101042009,3
080350139091031,3
080350143001016,3
080350140171005,3
080350140171015,3
080350139092016,3
080350141392007,3
081190101101044,3
080350140161039,3
080350146031011,3
080350140171010,3
080350140161045,3
080350140062005,3
080350141091000,3
080350144051022,3
080350144072022,3
080350141072000,3
080410034012017,3
080350140161020,3
080350140103014,3
080350139142008,3
080350139141017,3
080350139073002,3
080350139142024,3
080350141443003,3
080350141261013,3
080350139042018,3
080350145062049,3
080350140132003,3
080350140083002,3
080350144072036,3
080350139125021,3
080350145062060,3
080350140063024,3
080350141251021,3
080350141411008,3
080350141392012,3
080350141102011,3
080350143001014,3
080350140161018,3
080350141281002,3
080350141441004,3
080350140073018,3
080350141101007,3
081190101071024,3
080350141272005,3
080350139041001,3
080350144042005,3
080350140072005,3
080350141292009,3
080350142032007,3
080350142071000,3
080350139042047,3
080350141331006,3
080410034012035,3
080350141323005,3
080350140082009,3
080350141413002,3
080350139073009,3
080350140072006,3
081190101071046,3
080350140172010,3
080350144103037,3
080350144041023,3
080350141142013,3
080350144091000,3
080350141271010,3
080350144042012,3
080350142061026,3
080350141351053,3
080350139123040,3
080350146031023,3
080350145043011,3
080350141282005,3
080350140081000,3
080350141332001,3
080350141421004,3
080410034021032,3
080350141461003,3
080350139123039,3
081190101082000,3
080350140082003,3
080350145033013,3
080350140163005,3
080350139054006,3
080350140161041,3
080350142061014,3
080350140131016,3
080350146021018,3
080350141253002,3
080350143001072,3
080350140152010,3
080350145062063,3
080350139125004,3
080350141231007,3
080350143001103,3
080350140084013,3
080350141253012,3
080350139103022,3
080350140087002,3
080350145042011,3
080350144091008,3
081190101041075,3
080350141443005,3
081190101042012,3
080350139042026,3
080350141282015,3
080350142061008,3
080350141402007,3
080350140085017,3
080350146021033,3
080350139101010,3
080350139101017,3
080350144101004,3
080350141352030,3
080350139112009,3
080350144091028,3
080410034011012,3
080350140086008,3
080350141412007,3
081190101072013,3
080350144102018,3
080350140071007,3
080350141152001,3
080350146042006,3
080350145033021,3
080350144102019,3
080350144041007,3
080350144041054,3
080350140051014,3
080350140061024,3
080350140092023,3
080410025011004,3
080350141382009,3
080350145062027,3
080350141281001,3
080350141122004,3
080350140082013,3
081190101111000,3
080350144042021,3
080350139141012,3
080350146031033,3
080350141243008,3
080350140131000,3
081190101091041,3
080350144103025,3
080350140062021,3
080350140161047,3
080350146033005,3
080350141152000,3
080350139043028,3
080350141413009,3
080350141351069,3
081190101082029,3
080350141331013,3
080350141322018,3
080350140073008,3
080350141281022,3
080350141141015,3
081190101041058,3
080350140083007,3
080350140143012,3
080350141342009,3
080350139074001,3
080350141323007,3
080350140111026,3
080350143001076,3
081190101072015,3
080350139111004,3
080350141323015,3
080350141351046,3
080350140134006,3
080350144081059,3
080350141421021,3
080350145041012,3
080350139114002,3
080350145041021,3
080350144051020,3
081190101071048,3
080350139123025,3
080350140111036,3
080350145051002,3
080350139112010,3
080350139093008,3
080350142052026,3
080350144091026,3
080350139092024,3
080350141251015,3
080350140143021,3
081190101101018,3
080350146033010,3
080350139072040,3
080350146042012,3
080350141351011,3
080350140063012,3
080350141131004,3
080350139091032,3
081190101041048,3
080350144103021,3
080350140131022,3
080350145061002,3
080350145033029,3
080350139121003,3
080350146021061,3
080350141102005,3
081190101071019,3
080350145041029,3
080350140103012,3
080350144072001,3
080350140143029,3
080350140087013,3
080350145041001,3
080350142051011,3
080350144106008,3
080350145062010,3
080350139052001,3
080350142081022,3
080350141391004,3
081190101071034,3
080350140111048,3
080350141323004,3
080350141351064,3
080350145051010,3
080350140161036,3
081190101041068,3
080350140171006,3
080350141401004,3
080350140152003,3
080350141231002,3
080350139042040,3
081190101101015,3
080350140062008,3
080350142032009,3
080350141441011,3
080350143001063,3
080350141351035,3
080350139092006,3
080350141352019,3
080350139092030,3
080350144101002,3
080350141082007,3
080350141412012,3
080350145051026,3
080350144081044,3
080350140061030,3
080350139043032,3
080350144051001,3
080350146021040,3
080350140111020,3
080350146041018,3
081190101041030,3
080350140111001,3
081190101042034,3
081190101081045,3
081190101102047,3
081190101111058,3
080350140103004,3
080350139092022,3
080350145063002,3
080350141243004,3
080350141151009,3
080350141253000,3
080410034011044,3
080350143001064,3
080350142033017,3
080350145041003,3
080350141401000,3
080350143001042,3
080350141442006,3
080350141352025,3
080350140133000,3
081190101102052,3
080350139092004,3
080350144071011,3
080350141413001,3
080350141443024,3
080350139115005,3
080350145033025,3
081190101071045,3
080350146042013,3
080350142052047,3
080350141443012,3
080350141351014,3
080350139153006,3
081190101042021,3
080350140171007,3
080350140091025,3
080350141291007,3
080350144041030,3
081190101042006,3
080350139042003,3
080350140131001,3
080350139092021,3
080350144091017,3
080350141352014,3
081190101111063,3
080350141151022,3
080350140112010,3
080350140162010,3
080350140082026,3
080350142033008,3
080350139053008,3
080350140061011,3
080350141132006,3
080350139142020,3
080350139115007,3
081190101102017,3
081190101081040,3
080410033061024,3
080350141243007,3
080350141392005,3
080350140072009,3
080350140136000,3
080350145041033,3
080350142052003,3
080350141351047,3
080350141351017,3
080350141142012,3
080350140062015,3
080350139125022,3
080350143001122,3
080350141382001,3
081190101091038,3
080350140084020,3
080350142052029,3
080350142052008,3
080350144104009,3
080350141403001,3
080350144072004,3
080350140084007,3
080350141242004,3
080350140084012,3
080350141443029,3
080350139125020,3
080350139041007,3
080350140171022,3
080350144042024,3
080350144053006,3
081190101101024,3
081190101041009,3
080350145031004,3
080350141351055,3
080350144091024,3
080350142052039,3
080350141421011,3
080350141401006,3
081190101111065,3
080350144103033,3
080350139142012,3
081190101072029,3
080350139141000,3
080350145033027,3
080350142081000,3
080350140102001,3
080350145032021,3
080350139072033,3
080350141463009,3
080350141231006,3
080350142052009,3
080350144071010,3
081190101081032,3
080350141341007,3
080350139092017,3
081190101041032,3
080350141151018,3
080350144051012,3
080350146021036,3
080350141121009,3
080350144052002,3
080350140142001,3
080350141332000,3
080350140052020,3
080350140132013,3
081190101082041,3
080350141341012,3
080350141352023,3
080350141441012,3
080350140141004,3
080350139043012,3
080350141164005,3
080350145041010,3
080350141103002,3
081190101082015,3
081190101041047,3
080350140061020,3
080350141323002,3
081190101112034,3
080410034011090,3
081190101101006,3
080350144054012,3
080350140134007,3
080350141443025,3
080350140103019,3
080350146031008,3
080350145061017,3
080350143001032,3
080350139043017,3
080350145062053,3
080350140052032,3
080350140091008,3
081190101123007,3
080350140151000,3
080350146021051,3
081190101072001,3
080350141082006,3
080350142032014,3
080350141351042,3
080350139123045,3
080350140085015,3
080350146041027,3
080350139112007,3
080350141254005,3
081190101101037,3
080350139043031,3
080350141351068,3
080350141323009,3
080350145041005,3
080350139093011,3
080350139111001,3
080350146041006,3
080410033061023,3
080350144081016,3
080350140113000,3
080350141351018,3
080350140131009,3
080350145042028,3
080350141382011,3
081190101042014,3
080350141402008,3
080350141382000,3
080350146031025,3
080350140073005,3
080350140091009,3
080350143001017,3
080350143001075,3
080350140161033,3
080350139043020,3
080350141322002,3
081190101081042,3
080350140087008,3
080350146031016,3
080350140172014,3
080350140086010,3
080350144054011,3
080350141071005,3
081190101072009,3
080350145043017,3
080350139151015,3
080350145042005,3
080350141332012,3
081190101082009,3
080350140111067,3
080350141091007,3
081190101071040,3
080350141083003,3
080350139151014,3
080350144042015,3
080350141442007,3
080350141351034,3
080410033061007,3
080350139123018,3
080350141231001,3
080350145041015,3
080410034011022,3
080350141131009,3
080350139042043,3
080350141351050,3
080350142051019,3
080350145062015,3
080350141072014,3
081190101102021,3
080350144107000,3
080350139142015,3
080350139111013,3
080350144053002,3
080350141281020,3
080350146032000,3
080350146021054,3
080350140111003,3
081190101102046,3
080350140135001,3
080350142033006,3
080350140112013,3
080350140062004,3
080350146042010,3
080350144041049,3
080350142071007,3
080350142081002,3
080350140161007,3
080350141351006,3
080350139142017,3
080350141441014,3
080350139113008,3
080350144072010,3
080350140072019,3
081190101101048,3
080350140081006,3
080350139072024,3
080350141461011,3
080350140086007,3
080350145042014,3
080410025013022,3
080350139052003,3
080350140052033,3
081190101071016,3
081190101102048,3
080350141392016,3
080350140143023,3
080350141351058,3
080350141273003,3
081190101112004,3
080350146031006,3
080350144106005,3
080350146032013,3
081190101082008,3
080350144105000,3
080410034021018,3
080350146042021,3
080350141331004,3
080350141412009,3
080350141254000,3
080350140141016,3
080410034011013,3
080350139114006,3
080350140111051,3
080350141331001,3
080350146041023,3
080350145061005,3
080350140111057,3
080350144103000,3
080350140091018,3
080350141402005,3
080410025013027,3
080350141351015,3
080350141343007,3
081190101112019,3
080350141442009,3
081190101082013,3
080350139141019,3
080350139151007,3
080350139142005,3
080350146041033,3
081190101101007,3
080350146031036,3
080350139092010,3
080350140051025,3
081190101082034,3
080350140172001,3
080350145042010,3
080350141332004,3
081190101101039,3
080350141451012,3
080350141251020,3
080350145042003,3
080350140061001,3
080350140131015,3
080350140086002,3
080350145031011,3
080350141402000,3
080350145043016,3
080350145033008,3
080350141341008,3
080350140151020,3
080350141411015,3
080350139142013,3
080350140136004,3
081190101041022,3
080350141282001,3
080350139042015,3
080350144081054,3
080350144105005,3
080350144081070,3
080350141151010,3
080350140061008,3
081190101072011,3
080350141161007,3
080350141412004,3
080350140151028,3
080350139141010,3
080350141151003,3
080350146031018,3
080410034011018,3
081190101071018,3
080350140113017,3
080350144106014,3
080350144041019,3
080350145042002,3
080350141352018,3
080350141082000,3
080350139151016,3
080350141392011,3
080350142061010,3
080350140102004,3
080350141121001,3
080350141391007,3
080410034011021,3
080350139141015,3
080410034012040,3
081190101082022,3
080350140152006,3
080350142081010,3
080350142031003,3
080350139112004,3
081190101072019,3
080350145053008,3
080350140172009,3
080350145041036,3
080350145051030,3
081190101082028,3
080350139112018,3
080350139102009,3
080350144107014,3
080350140101012,3
081190101081046,3
080350141271011,3
081190101071002,3
080350142052006,3
080350141341011,3
080350141331009,3
080350142052040,3
080350144081064,3
080350141101003,3
080350141443028,3
080410034021051,3
080350141412028,3
080410034011085,3
081190101081039,3
080350140052000,3
080350143001010,3
080350144072020,3
080350144102000,3
080350141131005,3
080350139043030,3
080350145062058,3
080350140092015,3
080350144054006,3
080350139123041,3
080350140051004,3
080350144051014,3
080350144072041,3
080350139125018,3
080350144102022,3
080350146031003,3
080350142052035,3
080410034021027,3
080350140061006,3
080350140061004,3
080350141411016,3
080350144102009,3
080350145032009,3
080350141253016,3
080350140152001,3
080350139052011,3
080350145051021,3
081190101072000,3
080350139142009,3
080350139092011,3
080350142051043,3
080350141141006,3
080350140135004,3
080350141352002,3
080410025013026,3
080350141351009,3
080350139092023,3
080350139041018,3
080350141351037,3
080350141412035,3
080350140103011,3
080350140086001,3
080350139124001,3
080350140084006,3
080350145053017,3
080350140134014,3
080350144041010,3
080350142081012,3
080350141102003,3
080350141412034,3
080350140111007,3
080350144081050,3
080350140151002,3
080350140062040,3
080350141421003,3
080350146042002,3
080350139103012,3
080350143001113,3
080350146021000,3
080350141081005,3
080350142032011,3
080350139124007,3
081190101072010,3
080350144081046,3
080350145041026,3
080350139053011,3
080350142071010,3
080350143001060,3
080350140101021,3
080350142051005,3
081190101042017,3
080350141392008,3
080350141082003,3
080350141463000,3
080350140161023,3
080350141232017,3
080350139071011,3
080350142032002,3
081190101082035,3
080350139074004,3
080350144071019,3
080350142052001,3
080350140103005,3
080350146033008,3
081190101041053,3
080350145052007,3
080350140112017,3
080350141072009,3
080350145031003,3
081190101082043,3
080350142081020,3
081190101082036,3
080350144072005,3
080350144042006,3
080350139123021,3
080350141271007,3
080350144051017,3
080350145061020,3
080350139074005,3
080350142081031,3
080350140141021,3
080350145032002,3
080350141452012,3
080350146021047,3
080350141164000,3
080350139091017,3
081190101071022,3
080350140051002,3
080350144103011,3
080350141081006,3
080350139041014,3
080350146032012,3
080350142061017,3
080350141163003,3
080350141071011,3
080350142051023,3
080350142071005,3
080350140085000,3
080350144041050,3
080350144104006,3
080350139141005,3
080350141253011,3
080350139042012,3
080350145052003,3
080350142032012,3
080350140132005,3
080350144081042,3
080350141251005,3
080350140083001,3
080350141412029,3
080350143001057,3
080350141103006,3
080350146021030,3
081190101091000,3
080350140062036,3
080350139043026,3
080350140062007,3
081190101071030,3
080350146031037,3
080350141412015,3
080350139052021,3
080350145033003,3
080350141463011,3
080350140112000,3
080350142052050,3
080350141291003,3
080350141091005,3
080350140142020,3
080410034011041,3
080350140062035,3
080350141352015,3
080350141261002,3
080350144081062,3
080350145062029,3
080350141273001,3
080350146041013,3
080350141403003,3
080350141092009,3
080350141253015,3
080350141152015,3
080350140062024,3
080350140091029,3
080350140084027,3
080350140163002,3
080350144072035,3
080350145033020,3
080350141452010,3
080350140152004,3
080350145062062,3
080350139125034,3
081190101071056,3
080350141161008,3
080350141331017,3
080350142052032,3
080350140136022,3
080350139091004,3
080350142031020,3
080350139141016,3
080350146033011,3
080350141351033,3
080410034021054,3
080350140091030,3
080350140084032,3
080350141142023,3
080350140085001,3
081190101102033,3
080350141322007,3
080350140131010,3
080350143001120,3
080350143001027,3
080350144104005,3
080350143001009,3
080350141322023,3
080350139073004,3
081190101042002,3
080350141292011,3
080350139142022,3
080350141443014,3
080350141341005,3
080350140112018,3
080350141081007,3
081190101042031,3
080350140052028,3
080350139111000,3
080350141082011,3
080350141411017,3
081190101123003,3
080350146021060,3
080350141392009,3
080350146042025,3
080350142052013,3
080350141253014,3
081190101072008,3
080350144041042,3
081190101082017,3
080350139153000,3
080350141271013,3
080350140084016,3
081190101092032,3
080410034011094,3
080350139103013,3
080350144081045,3
080350141252015,3
080410034011006,3
081190101041052,3
080350140073012,3
081190101042003,3
080350146021063,3
080350139112002,3
080350141273007,3
080350139042045,3
080410034012025,3
080410034011014,3
081190101101025,3
080350140061015,3
080350142032008,3
080350140151012,3
080350141141004,3
080350145043021,3
080350140131026,3
080350140062002,3
080350145061012,3
081190101123005,3
081190101042022,3
080350140143018,3
080350140092010,3
080350142052030,3
080350145042008,3
080350139091041,3
080350139042001,3
080350139042034,3
080350139042031,3
080350141282000,3
080350139112024,3
080410034012015,3
080350140135007,3
080350140101015,3
080350139142028,3
080350141323006,3
080350139103007,3
080350140113007,3
080350145041011,3
080350143001007,3
080350139152002,3
080350139092027,3
080350140091011,3
080350140152015,3
080350145051001,3
081190101112023,3
080350141352006,3
080350141282013,3
080350143001038,3
080350145062043,3
080350141403000,3
081190101111064,3
080410031004021,3
080350146021059,3
080350146021001,3
080350140171013,3
080350141162003,3
080350143001084,3
081190101102030,3
080350141142018,3
080410034011102,3
080350141152002,3
080350146041010,3
080350142033020,3
080350146021056,3
080350141142008,3
080350140142016,3
080350141252000,3
080350140111019,3
080350146042014,3
080350140112020,3
080350141292008,3
080350139114012,3
080350140134016,3
080350144081049,3
080350140135019,3
080350139074002,3
080350141282010,3
080350141232002,3
081190101081033,3
080350144071006,3
081190101041065,3
080350141142028,3
080350141351029,3
081190101112012,3
080410034021029,3
080350141151000,3
080350141341002,3
080350140052024,3
080350144051005,3
080350140072000,3
080350142052004,3
080350142061027,3
080410033061025,3
080410034011087,3
080350140082006,3
080350144105009,3
080350146042001,3
081190101112026,3
080350146021006,3
080350144041009,3
080350139125032,3
080350142081024,3
080350146031032,3
080350139103010,3
080350140161002,3
080350139053012,3
081190101101055,3
080350141291015,3
080350144091003,3
080350145043009,3
080350139123044,3
080350140142009,3
080350142033015,3
080350141322003,3
081190101112017,3
080350141151012,3
081190101111009,3
080350140142018,3
080350141072007,3
080350146021045,3
080350141442000,3
080350139123017,3
080350140131005,3
080350144051003,3
080350141441010,3
080350140133023,3
081190101082026,3
080350141142035,3
080350145061011,3
081190101101043,3
080350140087012,3
080350141253017,3
080350144072018,3
080350142052046,3
080350140091006,3
081190101071001,3
080350142031021,3
080350143001065,3
080350142071003,3
080350140091001,3
080350139112028,3
080350140111004,3
081190101081019,3
080350141232014,3
080350145042023,3
080350140111045,3
080350139054004,3
081190101112039,3
080350140151022,3
080350140082005,3
080350139072034,3
081190101111070,3
080350141352020,3
080350144081005,3
080350141101012,3
080350142052023,3
080350140161015,3
081190101102001,3
080350140136007,3
080350142051009,3
080350143001003,3
081190101112007,3
080350140141006,3
080350145062045,3
080350140133019,3
080350140103001,3
081190101041023,3
081190101092009,3
081190101111080,3
080350141161000,3
080350141351026,3
080350139052000,3
080350140086009,3
080350145062047,3
080350141382006,3
080350140062000,3
080350141152008,3
081190101111079,3
081190101102010,3
080350141254001,3
080350139043015,3
080350139152000,3
080350142051046,3
080350142051020,3
080350140084003,3
080350140111039,3
080350145063004,3
080350139124000,3
080350145061006,3
080350140136002,3
080350141241018,3
080350140091004,3
081190101072012,3
080350139112008,3
081190101071010,3
081190101101076,3
081190101041063,3
080350140134012,3
080350140113016,3
080350139103009,3
080350139043007,3
080350140062013,3
080350139091008,3
080350140103008,3
080350146042011,3
080350144091035,3
080350139113011,3
080350140111022,3
080350143001118,3
080350145033028,3
081190101071008,3
080350144103027,3
081190101071015,3
080350140062020,3
080350140131032,3
080350140102005,3
081190101041071,3
080350144105020,3
080350141272001,3
081190101071050,3
080350140085019,3
080350145031020,3
080410031004024,3
080350140162001,3
080350141392000,3
080350140171020,3
080350144105008,3
080350144054007,3
080350145032018,3
080350141232000,3
080350141323001,3
080350141451001,3
080350140086014,3
080350141401005,3
080350144072014,3
080350141442008,3
081190101041056,3
080350141451007,3
080350143001081,3
080350144042018,3
080350144102001,3
080410025011005,3
080350140071009,3
080350139042000,3
080350141332016,3
080350140172016,3
081190101071032,3
080350141281007,3
080350142052048,3
080350142031026,3
080350140113005,3
080350141151016,3
081190101101066,3
080350141282007,3
080350142031011,3
080350141401001,3
080350142052019,3
080350140062039,3
080350144081058,3
080350140131025,3
080350145041045,3
080350140072003,3
080350141272008,3
080350140112001,3
080350141281016,3
080350144051010,3
080350141351067,3
081190101071012,3
080350145041004,3
080350140141013,3
080350140136003,3
080350144091016,3
080350144041031,3
080350139114000,3
081190101041020,3
081190101111072,3
080350141443027,3
080350144103034,3
080350141231010,3
080350140091021,3
080350146031001,3
081190101102022,3
080350141323003,3
080350145033002,3
080410034012014,3
080350145031017,3
080350140161026,3
080350142051040,3
080350139103016,3
080350144051019,3
080350144041028,3
080350140136009,3
080350141151008,3
080350146041019,3
080350140151006,3
080350141292010,3
080350142033019,3
080350140161024,3
080350139093010,3
080350146041036,3
081190101041038,3
080350144103005,3
080350140141015,3
080350140091024,3
081190101071043,3
080350141411014,3
080350146041026,3
080350141402017,3
080350141142004,3
080350140141009,3
080350141442001,3
081190101091002,3
080350141253021,3
080350140084000,3
080350139072046,3
080350140092021,3
080350141102012,3
080350141072010,3
080350139092012,3
080350146021011,3
080350139102004,3
080350141101004,3
080350140143030,3
080350141281014,3
080350141232010,3
080350145051020,3
080350144041021,3
080410034011035,3
080350143001062,3
080350141142021,3
080350139043013,3
080350141343019,3
080350140136019,3
080350142081011,3
080350141442005,3
080350141392010,3
080350139071005,3
080350140103018,3
080350141332019,3
080350144041024,3
080350144105004,3
080350144042001,3
080350141402014,3
080350146041017,3
080350140085020,3
080350141081012,3
080350142031012,3
080350140143017,3
080350142052017,3
080350139142001,3
080350139123014,3
080350142051028,3
080350141421007,3
080350141254007,3
080350139072045,3
080350144041003,3
080350140072002,3
080350139092028,3
080350141251028,3
081190101081053,3
081190101112016,3
080350142032017,3
080350141252009,3
080350141253020,3
080350141142025,3
080350140134013,3
080350142051036,3
081190101081027,3
080350145032019,3
080350140071005,3
080350145032006,3
080350144041036,3
081190101042008,3
080350143001052,3
080350141412006,3
080350140162019,3
080350141122006,3
080350139111009,3
080350141252004,3
080350141412003,3
080350139042010,3
080350141412019,3
080350141351049,3
080350139142011,3
080410034021052,3
080350141071002,3
081190101102036,3
080350141331007,3
080350140111011,3
081190101072021,3
080350140111047,3
080350144081002,3
080350144102027,3
080350140136023,3
080350139115013,3
080350141462009,3
080350141131006,3
081190101111007,3
080350140072022,3
081190101101004,3
080350141352010,3
080350144091009,3
080350143001031,3
080350144041048,3
080350144041026,3
080350140085012,3
080350139072044,3
080350143001020,3
080350141392004,3
080350145042019,3
080350145042022,3
080350144072017,3
080350140092013,3
080350141092003,3
081190101071038,3
080350145031009,3
080350144041000,3
080350144081004,3
080350144042019,3
080350140111060,3
080350141254003,3
080350140171018,3
080350141242000,3
080410034011095,3
080350141332007,3
080350139102026,3
080350141322022,3
080350140152014,3
080350139112006,3
080350141443010,3
080350141461010,3
080350141232011,3
080350140113003,3
080350145033006,3
080350140052016,3
081190101112027,3
080350145062001,3
080350146042009,3
080350139123020,3
080350140091005,3
080350146031015,3
080350140142000,3
080350139043009,3
080350139142000,3
080350144071015,3
080350139053004,3
081190101112013,3
081190101041015,3
080350140103027,3
080350140082011,3
080350140083015,3
080350141231004,3
080350144041051,3
080350140151017,3
080350141443000,3
080410034012002,3
080350140062018,3
080350140163003,3
080350141142022,3
080350142031002,3
080350141462006,3
080350141253001,3
080350141463005,3
080350142031005,3
080350140111063,3
080350139091009,3
080350146032032,3
080350142061018,3
080350140082019,3
080350139124013,3
080350139125036,3
080350140172002,3
080350139041005,3
080350142071012,3
080350139101003,3
080350141392017,3
080350140151027,3
081190101111061,3
080350140052008,3
080350140073007,3
080350140112007,3
080350139093002,3
080350144051002,3
080350144041060,3
080350141092005,3
080350140052034,3
080410033062011,3
080350144104003,3
080350141272004,3
080350144101006,3
080350141121012,3
080350140141022,3
080350140101008,3
080350145033031,3
080350141461014,3
080350140085006,3
080350141122003,3
080350141352009,3
080350140084015,3
080350139101007,3
080350144081051,3
080350143001090,3
080350140103009,3
081190101101053,3
080350145041049,3
080350141103010,3
080350141351051,3
080350141071017,3
080350144103038,3
080350141241007,3
080350141462005,3
081190101102050,3
080350140087005,3
081190101101036,3
081190101042007,3
081190101123012,3
080350140061017,3
080350142051049,3
080350140134015,3
080350141103007,3
080350146042007,3
080350145041018,3
081190101071011,3
080350141381001,3
080350139072037,3
080350141231005,3
080350139052004,3
080350139072043,3
080350146021034,3
080350146021052,3
081190101042010,3
080350140134008,3
080350141443013,3
080350140061021,3
080350140063001,3
080350140142011,3
080350141411000,3
080350139074003,3
081190101123006,3
080350144103039,3
080350140111065,3
080350144072002,3
080350145041000,3
080350144081063,3
080350144103024,3
080350140113012,3
080350144107004,3
080350143001011,3
080350140131028,3
080410034012008,3
080350144102024,3
081190101111013,3
080350139041009,3
080350144104007,3
080350139111006,3
080350140082028,3
080410034011000,3
080350141442013,3
080350146041022,3
080350144103002,3
080350141332003,3
081190101041072,3
080350141151030,3
080350145062030,3
080350139072036,3
080350140134010,3
080350141163008,3
080350139092007,3
080350141411010,3
080350145063005,3
080350142052031,3
081190101071023,3
080350144053001,3
080350141463002,3
080350146031028,3
080350139073010,3
081190101041004,3
080350140084009,3
080350141442011,3
080350142051012,3
080350144042020,3
081190101082016,3
080350140061027,3
080350145062059,3
080350139123043,3
080350144071002,3
080350140131031,3
080350140092003,3
080350140134003,3
080350142033001,3
080350145051013,3
080350139043024,3
080350141421001,3
080350145051003,3
080350144072003,3
080350141443017,3
080350146041028,3
080350141165001,3
081190101101003,3
080350145041041,3
080350141103011,3
080350140103021,3
080350141092010,3
080350143001021,3
080350141231009,3
080350140162012,3
080350145061004,3
080350140171024,3
080350140072008,3
080350142051035,3
080350139043023,3
080350145043014,3
080410033061002,3
080350139091029,3
080350144107011,3
080350140062010,3
081190101112010,3
080350141231012,3
080350139054009,3
080350146041001,3
080350139042036,3
080350140101003,3
080410034012016,3
080350141281017,3
081190101101040,3
080350141083007,3
080350141461009,3
080350141243006,3
080350139101014,3
080350140171032,3
080350146031029,3
080350139042004,3
080350141402019,3
080350141281009,3
080350140101000,3
080350140073000,3
081190101102011,3
080350141401002,3
080350140082020,3
080350141122001,3
080350139123011,3
080410034021026,3
080350145062005,3
080350142033011,3
080410033061040,3
080350144105019,3
080410034011010,3
080350141104001,3
080350140052017,3
081190101102053,3
080350140141003,3
080350144041043,3
080350145041002,3
080350139042014,3
080350140085021,3
080350144051035,3
080410034021023,3
080350140151011,3
080350144051034,3
080350140082024,3
080410034012041,3
080350140162018,3
080350141081011,3
080350140112014,3
080350144105012,3
080350141351059,3
080350141413003,3
080350141232004,3
080350140131019,3
080350140113002,3
080350142071002,3
080350141121002,3
080350141142011,3
080350144104013,3
080350146032021,3
080350146041004,3
080410034011049,3
080350144051013,3
080350140082029,3
080350141231015,3
080410034012034,3
080350139041003,3
080350142031025,3
080350142051045,3
080350140172017,3
080410033061005,3
080350139111008,3
080350139071007,3
080350139091024,3
080350146033006,3
080350144052006,3
080350141322006,3
080350140152017,3
080350144102030,3
080350143001123,3
080410034012030,3
080410034011051,3
080350140063020,3
081190101101042,3
080350141351023,3
080350141241016,3
080350142061028,3
081190101111006,3
080350141092006,3
080350139141004,3
080350139091040,3
080350141352033,3
080350139121005,3
080350140161032,3
080350141403008,3
080350144101013,3
080350139043004,3
081190101071035,3
080350140111050,3
080350139102029,3
080350145053013,3
080350141331015,3
080350141343009,3
081190101041029,3
080350141261016,3
080350139101001,3
080350139072009,3
080350141104000,3
080350146031014,3
080410034012043,3
080350141251010,3
080350144041037,3
080350140136016,3
080350140111035,3
080350140052031,3
080350141432001,3
080350139102027,3
080350141322025,3
080350141142026,3
080350141104004,3
080350141141007,3
080350141391001,3
080350144101015,3
080350144081021,3
080350141392019,3
080350139042042,3
080350144103014,3
080350139092015,3
080350144081043,3
080350140101001,3
080350145051028,3
081190101111003,3
080350143001026,3
080350141351032,3
080350142033016,3
080350141082009,3
080350146021046,3
080350141352022,3
080350141261007,3
080410034011009,3
081190101081007,3
080350139052010,3
080350140082015,3
080350145051027,3
081190101111001,3
080350141151023,3
080350140082021,3
080350139113010,3
080350139053002,3
080350140052006,3
080350139092025,3
080350145051000,3
081190101072006,3
080350141413010,3
080350139124014,3
081190101071057,3
080350139102025,3
080350145032011,3
080350139142023,3
080350146021007,3
080350140131034,3
080350145061007,3
080350140073003,3
080350143001074,3
080350141441000,3
080350139123007,3
080350140103020,3
080350141271008,3
080350140131027,3
080350142061021,3
080350141351016,3
080350140102010,3
081190101042027,3
080350141431002,3
080350140152009,3
080350141443026,3
080350144081010,3
080350140171025,3
080350141441006,3
080350144101001,3
080350141072016,3
080350139112015,3
080350139092009,3
080350140161014,3
080350140141020,3
080350144052005,3
080350145051012,3
080410034011007,3
081190101123004,3
080350141421009,3
080350146032007,3
080350144072033,3
080350141403009,3
080350139052022,3
080350143001069,3
080350140133008,3
080350142051016,3
080350145042025,3
080350146032006,3
080350140051001,3
080350141392018,3
081190101041016,3
080350141152012,3
080410033061001,3
080350143001097,3
080350143001083,3
080350141092002,3
080350140061014,3
080350144103001,3
081190101102000,3
080350142051039,3
081190101041042,3
080350142032001,3
080350139142019,3
080350144081024,3
080350141082001,3
080350140135014,3
080350144042008,3
080350144071017,3
080350139115006,3
080410034011024,3
080350144051031,3
080350141162002,3
080350140131020,3
080350140172006,3
080350146021048,3
081190101121015,3
080350141161015,3
080350141411006,3
080350140111021,3
080350139042033,3
080350140141024,3
080350141392013,3
080350141272000,3
080350140051021,3
080350139071006,3
080350140063017,3
080350146032026,3
081190101101077,3
080350140135002,3
080350140103017,3
080350141152014,3
080350144081011,3
080350139072020,3
080350142052042,3
080350142052034,3
081190101081036,3
080350141461005,3
080350142061005,3
080350141351002,3
081190101041002,3
080350141322001,3
081190101112035,3
081190101041066,3
081190101102045,3
081190101111074,3
080350145041027,3
080350140113013,3
081190101042025,3
080350143001106,3
080350142033009,3
080350140063016,3
080350141072013,3
080410034012036,3
080350140092005,3
080350144051025,3
080350140151003,3
080350143001037,3
080350146021035,3
080350140171027,3
080350141322009,3
080350139093012,3
080350146032014,3
080350141343021,3
080350141231003,3
080410033061000,3
080350141101001,3
080350139123012,3
080350141254010,3
080350139043005,3
080350141412025,3
081190101071047,3
080350140092011,3
080350144071009,3
080350139072004,3
080350142052037,3
081190101082021,3
080350146021017,3
080350146032023,3
080350142051031,3
080350146032022,3
080350140084026,3
080350144041012,3
080350142051034,3
080350140084004,3
080350141432004,3
080350141421016,3
080350141403004,3
080350140131029,3
080350141232008,3
080350145033005,3
080350140162006,3
081190101082024,3
080350145051011,3
080350144107007,3
080350142052051,3
080350144081008,3
080350140082016,3
080410034011011,3
080350141292007,3
080350141071001,3
080350141403006,3
080350141333002,3
080350140171017,3
080350140112004,3
080350144042010,3
080350144053011,3
080350145042012,3
080410034011031,3
080350141243000,3
080350141281021,3
080350141402010,3
080350140172013,3
080350144042023,3
080350139042030,3
080350139101015,3
080350141463013,3
081190101112028,3
080350142061003,3
080350139124004,3
080350140085011,3
080350140092012,3
080350139072021,3
081190101101065,3
080350141102004,3
080350140136015,3
080350139091033,3
080350139141001,3
081190101101067,3
080350139102013,3
080350141165005,3
080350139102024,3
080350142031024,3
081190101071013,3
080350141332011,3
080350140084008,3
080350144102003,3
080350140063015,3
080350141151028,3
080350140062017,3
080350141282012,3
080350145042024,3
080350141443006,3
080350141101000,3
080350143001056,3
080350141151013,3
080350141342006,3
080350139114007,3
080350141082002,3
080350140073004,3
080350140086012,3
080350140085014,3
080350139121007,3
080350139112023,3
081190101071039,3
080350139102028,3
080350140084025,3
080350143001036,3
080350141332015,3
081190101041049,3
080350139152003,3
080350140134002,3
080350141412018,3
081190101102057,3
080350141291000,3
080350141421014,3
080350141413005,3
080350140141023,3
080350144103029,3
080350139072023,3
080350144104012,3
080350139123022,3
080350140061022,3
080350139093000,3
080350141443016,3
080350142032005,3
080350144081052,3
080350140084002,3
080350139072012,3
080410034012006,3
080350141351019,3
080350144081009,3
080350140051019,3
080350144054000,3
080350144051021,3
080350139043001,3
080350142032016,3
080350140134019,3
080350141273005,3
080350144081034,3
081190101041044,3
080350139125010,3
080350143001112,3
080350140135000,3
080350140135005,3
080350142031006,3
080350140072007,3
080350140051020,3
080350141282014,3
080350144102021,3
080350141241019,3
081190101081041,3
080350141122000,3
080350139125035,3
080350141411002,3
081190101111059,3
080350139124008,3
080350141411013,3
080350140113006,3
080350139052017,3
080350141091006,3
080350144102034,3
081190101112006,3
080350140051015,3
080350141273010,3
080350139121002,3
080350141142032,3
080350140162020,3
080350139054001,3
080350141391005,3
080350140141028,3
080350145041006,3
080350146021004,3
080410034011020,3
080350139092013,3
081190101101027,3
080350139101018,3
080350140084030,3
080410033051028,3
080350140062019,3
080350140052009,3
080350142051010,3
080350144071001,3
080350139072010,3
080410033061039,3
080350141392002,3
080350144071005,3
080350140171000,3
080350143001024,3
081190101071049,3
080350146032010,3
080350143001070,3
080410034012032,3
080350140133016,3
080350139052009,3
080350145062000,3
080350144103022,3
080350141271015,3
080350141083005,3
080350140081003,3
080350146021065,3
080350139071002,3
080350141463007,3
080350140111014,3
080350145041048,3
080350144042027,3
080350142031013,3
080350142051018,3
080350141251017,3
080350141271019,3
080350143001044,3
081190101081048,3
080350142031001,3
080350139093005,3
080350142052007,3
080350144102004,3
081190101082023,3
080350146042024,3
080350146031004,3
080350139042046,3
080350141281010,3
080350140131007,3
080350139053009,3
080350140085010,3
080350139073007,3
080350140082001,3
080350145052004,3
081190101112011,3
080350141352027,3
080350146032004,3
080350146032017,3
080350139114008,3
080350142081030,3
080410034021005,3
080350143001023,3
080350140134022,3
080350140083003,3
080350142051013,3
080410034011091,3
081190101071029,3
081190101101000,3
081190101121010,3
080350141091002,3
081190101111010,3
080350140136012,3
080350141163007,3
080350141352017,3
081190101041019,3
080350145031014,3
080350146021008,3
080350141271017,3
080350140151024,3
080350140051008,3
080350141413008,3
080350142061013,3
080350141253005,3
080350139142027,3
080350140101017,3
080350141282008,3
080350140143014,3
080350141164006,3
081190101081024,3
080350141421013,3
080350144091021,3
080350144091012,3
081190101041067,3
080350144072040,3
080350140062033,3
081190101041037,3
080350141142003,3
080350141382002,3
080350143001040,3
080350143001088,3
080350141083009,3
080350143001079,3
080410034011023,3
080350139091019,3
080350144102026,3
081190101081018,3
080350141292004,3
080350139142021,3
080350145062046,3
080350140062030,3
080350145041013,3
080350141333000,3
080350140151004,3
080350140103030,3
080350145062013,3
080350145053011,3
080350139115000,3
080350140162014,3
080350140132007,3
080350142031014,3
081190101082032,3
080350140171011,3
080350143001019,3
080350141231013,3
080350140136010,3
080350142052015,3
080350145041032,3
080410034021017,3
081190101123000,3
080350139112026,3
080350139142002,3
080350144081015,3
080350139091005,3
080350140087007,3
080350141452013,3
080350141261011,3
081190101041055,3
080350141121008,3
080350142052033,3
080350146021053,3
080350140061032,3
080350141411004,3
080350146031002,3
080350140072016,3
080350146021038,3
080350143001015,3
080350146021055,3
080350139091025,3
080350141261000,3
080350139051002,3
080350141121005,3
080350140101020,3
080410034012018,3
080350141351041,3
080350141291017,3
080350145033004,3
080350141261009,3
080350145032004,3
080350141412016,3
080350140082012,3
080350141351005,3
080350141081009,3
080350141431003,3
080410034012026,3
080350139111015,3
080350144053005,3
081190101071058,3
080350145033019,3
080350143001000,3
080410034011003,3
080350139113012,3
080350140143005,3
080350144103015,3
080350140161011,3
080350141463006,3
081190101102043,3
080350141091003,3
080350141253010,3
080350140092022,3
080350141164004,3
080350144042000,3
080350140083012,3
081190101101032,3
080350140131013,3
080350141161006,3
080350141141000,3
081190101101026,3
080350139091014,3
080350141253003,3
080350146031012,3
080350141083010,3
080350139102007,3
080350141343002,3
081190101081014,3
080350141322019,3
080350139142007,3
080350144081018,3
080350145041034,3
080350141141001,3
081190101082042,3
080410033051009,3
080350139091042,3
080350139102014,3
080350141323014,3
080350141122014,3
080350142033007,3
080350142061023,3
080350145062048,3
080350139123013,3
080350140111030,3
080350140132008,3
080350140084033,3
080350142031008,3
080350144105001,3
080350144102006,3
080350139072047,3
080350144103013,3
080350141321006,3
080350140072018,3
080350144053012,3
080350144091004,3
080350139151012,3
080350140062022,3
080350141412014,3
081190101101045,3
080350140143006,3
081190101071051,3
080350141152011,3
080350139103020,3
080350140061012,3
080350140081004,3
080350141142030,3
080350141402015,3
080350141382008,3
080350142052014,3
080350140091027,3
080350145043003,3
080350141341006,3
080350144072019,3
080350139103004,3
080350141141011,3
080350141132003,3
080350142081021,3
081190101112042,3
080350141251001,3
080350141352011,3
080350140133009,3
080350139141006,3
080350140092002,3
080350140082008,3
080350142052018,3
080350146041030,3
080350140162016,3
080350139103008,3
080350141243003,3
080350143001012,3
080350142061009,3
080350141243011,3
080350139103000,3
080350144106012,3
080350139042025,3
080350141351021,3
080350145033023,3
080350141442012,3
080350139115002,3
080350141252008,3
080350145062035,3
080350139153004,3
080350140051007,3
081190101092008,3
080350141413011,3
080350140071004,3
080350139125037,3
080350139091044,3
080350141332008,3
080350141241002,3
080350139053006,3
080350141142036,3
080350144104004,3
080350140112012,3
080410034021025,3
080350140134020,3
080350144041046,3
080350144091013,3
081190101111005,3
080350140171023,3
080350140073014,3
080410034012005,3
080350145051014,3
080350140133011,3
080350144105015,3
080350144103009,3
080350144101011,3
080350139151004,3
080350141243001,3
080350144104014,3
081190101101001,3
080350143001098,3
080350140131011,3
080350144105003,3
080350141161004,3
080350146031024,3
081190101102029,3
080350141331011,3
080350139072031,3
080350144101007,3
080350144101018,3
080350145043001,3
080350144041034,3
080350145041046,3
080350140062012,3
080350139042008,3
080410034021001,3
080350140152007,3
080350140131004,3
081190101042029,3
080350139072001,3
080410034021004,3
080350144042002,3
080350139111007,3
080350140111033,3
080350141451005,3
080350140143022,3
080350139102003,3
080350144102023,3
080350146021021,3
080350139123019,3
081190101112020,3
080350146042004,3
080350139124006,3
080350145041016,3
080350140092017,3
080350140142019,3
080410031004026,3
080350143001099,3
080350139123010,3
080350141151004,3
080350140161046,3
080350141271018,3
080350140172004,3
081190101081028,3
081190101111017,3
080350139115009,3
080350145042020,3
080350141341003,3
080350145053005,3
080350141343005,3
080350145041030,3
081190101071053,3
080350139041011,3
080350139043016,3
080350142033004,3
080350141142027,3
081190101041054,3
080350140142013,3
080350139074006,3
080410034011025,3
080350139125013,3
081190101041026,3
080350141352026,3
081190101101069,3
080350140171028,3
080350142051015,3
080350142051029,3
080350142061015,3
080350141322013,3
080350144106000,3
080350140091000,3
080350140152000,3
080350144091022,3
080350139093004,3
080350140073015,3
080350139043003,3
080350145043015,3
080350141103009,3
081190101082031,3
080350140051017,3
080350140134004,3
080410025013015,3
080350144081055,3
080350140063022,3
080350144041047,3
081190101072030,3
080350142061012,3
080350145053007,3
080350139114011,3
081190101041059,3
080350140171004,3
080350145032007,3
080350139053003,3
080350140152008,3
080350141443032,3
080350144054001,3
080350140086022,3
080350144051000,3
080410034012039,3
080350141121004,3
080350144072039,3
080350140052030,3
080350146041011,3
081190101101033,3
080350144104002,3
080350141232009,3
080350141231000,3
080350144051004,3
081190101111049,3
081190101101009,3
080350144051015,3
080350139071008,3
080350141442003,3
081190101041057,3
081190101112018,3
080350140051023,3
080350142033010,3
080350142081023,3
080350139123027,3
080350141282011,3
080350141122012,3
080350142081005,3
080350143001050,3
080350144042016,3
080350141352004,3
080350139101023,3
081190101123011,3
080350140103013,3
081190101041070,3
080350140111012,3
080350139153009,3
080350145031007,3
080350141243002,3
080350144081066,3
080350142061020,3
080350139101009,3
080350139141018,3
080350141461012,3
080350145053016,3
080350139042024,3
080350139103023,3
080410034012023,3
080350140133017,3
080350141161016,3
080350139041013,3
081190101041074,3
080350141151027,3
080350140136021,3
080350141141009,3
080350140133014,3
080350141443035,3
080350140151018,3
081190101112033,3
080350145042029,3
080350140052022,3
080410034011053,3
080350140152012,3
080350143001115,3
080350139071000,3
080350143001094,3
080350139071012,3
080350141232012,3
080350141092001,3
080350141241006,3
080350140091026,3
080350139124016,3
080350139091039,3
080350142071008,3
080350140061016,3
080350140161013,3
080350144081057,3
080350142051001,3
080350141443021,3
080350141351020,3
080350146033007,3
080350144051030,3
080350144101008,3
081190101111078,3
080410034011040,3
080350140132014,3
080350141081002,3
081190101041050,3
080350141413007,3
080350139052023,3
080350139052008,3
080350141382004,3
080350146041000,3
080350140087019,3
080350145053020,3
080350141351022,3
080350141241022,3
081190101111047,3
080350144106011,3
080350141442004,3
080350144081068,3
080350146033012,3
080350141131007,3
080350146031019,3
080350143001085,3
081190101101019,3
080350142061002,3
080350145042021,3
080350140142014,3
080350139073005,3
081190101111023,3
080350144081053,3
080350140141007,3
080350140111006,3
080350140063018,3
080350140062041,3
080410034012020,3
080350141351043,3
080350139102012,3
080350140052011,3
080350146041012,3
080350141103003,3
080350144041020,3
080350140162007,3
080410034012010,3
081190101123010,3
080350139091023,3
080350140112011,3
080350141462011,3
081190101102056,3
080350145043007,3
080350140103026,3
080350140161028,3
080350140143000,3
080350139141002,3
080350139093003,3
080350140135003,3
080410034021008,3
080350140133001,3
080350141343014,3
080350139114003,3
080350141103005,3
080350140111046,3
080350141291013,3
080350139092001,3
081190101102024,3
080350144041045,3
080350139115003,3
080350141452007,3
080350146031038,3
080350141151001,3
080350145062042,3
080410034021058,3
081190101112041,3
080350139042039,3
080350144042026,3
081190101072014,3
081190101121000,3
080350139103003,3
080350140172015,3
080350141242006,3
080350139142003,3
080350140051026,3
080350140085009,3
081190101112001,3
081190101081016,3
080350144041013,3
080350145042004,3
080350141122017,3
080350144081006,3
081190101111073,3
080350145041019,3
080350141431008,3
080350145032012,3
080350140136001,3
080350140062001,3
080350140133015,3
080350141142000,3
081190101101029,3
080350141413000,3
080350139101002,3
080350141322011,3
080350141443008,3
080350141452004,3
080350140111055,3
080350139091015,3
080350140082027,3
080350140087011,3
080350141351038,3
080350139054005,3
080350142081001,3
080350144102029,3
080350142052036,3
080350144103020,3
080350141401003,3
080350140111040,3
080350141462001,3
080350140091019,3
080350145033010,3
080350144072037,3
080350140151010,3
081190101071033,3
080350141322015,3
080350142052021,3
080350144052003,3
080350141102008,3
080350141451008,3
080350139112022,3
081190101112032,3
080350145032008,3
080410034021002,3
080350139123024,3
080350140111005,3
080350140083006,3
080350143001114,3
080350146032033,3
080350144054005,3
080350141071013,3
080350145042016,3
080350145041047,3
080350144051008,3
080350140133003,3
080350139112012,3
080350140143009,3
080350146021057,3
081190101101075,3
080350141121011,3
080350142081017,3
080350139124012,3
080410033062010,3
081190101102060,3
080350144041058,3
080350139123042,3
081190101101047,3
080350141253009,3
080350141132000,3
080350141382007,3
080350146021029,3
080350140152002,3
080350140073011,3
080350139092008,3
080350141102009,3
080350140092001,3
080350139101006,3
080350141281011,3
080350145041020,3
081190101101038,3
080350142051030,3
080350139101016,3
081190101102023,3
080350141431001,3
080350140132012,3
081190101042016,3
080350140087017,3
080350144103007,3
080350140085013,3
080350141402020,3
080350141241005,3
080350141312022,3
080350142071001,3
080350139125009,3
080350139073011,3
080350144107001,3
080350140086004,3
080350141253023,3
080350140143002,3
080350145033012,3
080350140091028,3
080350140092007,3
080350141271009,3
080350142052028,3
080350144041018,3
080350141141014,3
080350144041006,3
080350140061029,3
080350144081038,3
080350139072015,3
080350140161001,3
080350145031016,3
081190101101052,3
080350142031015,3
081190101111060,3
080350140084019,3
080350145041025,3
080350141141008,3
080350140071012,3
080350145032014,3
080350140051000,3
080350141163011,3
081190101042024,3
080350144081017,3
081190101082014,3
080350139042005,3
081190101102039,3
080350139043019,3
080350141343001,3
080350141281008,3
080350144105021,3
080350139113003,3
080350143001071,3
081190101081003,3
080350140135011,3
080350141251031,3
080350141351040,3
081190101071025,3
080350141131002,3
080350145062006,3
080350139054008,3
080350141391011,3
080350144107015,3
080350144051032,3
080350139114001,3
080350141142010,3
080350144102031,3
080350143001018,3
080350140071011,3
080350145032016,3
080350143001116,3
080350142081015,3
080350140134023,3
081190101081022,3
080350145033032,3
081190101041025,3
080350146041025,3
080350140111034,3
080350141412022,3
080350140131030,3
080410034011033,3
080350141432003,3
080350140086013,3
080350141142017,3
081190101111022,3
080350145062044,3
080350145062019,3
080350140111015,3
080350142051014,3
080350141261001,3
080350139042017,3
080350141122010,3
080350140103010,3
080350140086000,3
080350141451014,3
080350144102028,3
080350139042009,3
080350144102017,3
080350143001022,3
080350141141003,3
080350141352003,3
080350141391008,3
080350143001045,3
080350143001078,3
080350142081008,3
080410034012037,3
080350139041015,3
080350141322005,3
080350143001086,3
080350141402012,3
081190101072022,3
080350140103015,3
080350141343000,3
080350141291004,3
080350139072013,3
080350141382010,3
080350140084017,3
080350139115017,3
080350139112000,3
080350139041016,3
080350141343015,3
080350139051004,3
081190101111008,3
080350140111032,3
080350140084010,3
080350146021049,3
080350139102015,3
080350140132011,3
080350139091016,3
080350145062052,3
080350146041020,3
080410034011036,3
080350140133006,3
080350140051024,3
080350145033036,3
080350141261012,3
080350140142015,3
080410033061004,3
080350146021023,3
080350140072023,3
080350141271021,3
080350146032019,3
080350141163000,3
080350146021020,3
081190101072023,3
080350139124003,3
080350141323012,3
080350145033011,3
080350141252003,3
080350140063002,3
080350145042013,3
080410034012011,3
080350141161013,3
080350140131018,3
080350144081003,3
080350145031019,3
080350144105024,3
080350141101002,3
081190101111016,3
080350144051029,3
080350145041044,3
080350140071001,3
080350139043002,3
080350141141012,3
080350145041031,3
080410034021006,3
080350141152009,3
080350140085002,3
080350140092020,3
080350141443004,3
080350140083004,3
080350140171003,3
080350146021016,3
080350140083008,3
080350145043005,3
080350140161006,3
080350144054010,3
080350145053002,3
080350141443031,3
080350141291005,3
080350141242003,3
081190101102018,3
080350141231008,3
080350140163001,3
080350144041053,3
080350144107002,3
081190101081013,3
080350140052018,3
080350145041043,3
080350142061016,3
080350144053004,3
080350140102006,3
080350144081048,3
081190101102007,3
080410034011042,3
080350139071001,3
080350141103000,3
080350140161029,3
080350139072019,3
080350140061005,3
080350144041057,3
080350141351013,3
080350139092018,3
080350146032015,3
081190101071000,3
081190101081004,3
080350141431004,3
080350144072023,3
080350139124005,3
080350140073013,3
080350144091019,3
080350146021010,3
080350141151015,3
080350143001067,3
080410034011027,3
081190101091042,3
080350139054007,3
080350142061006,3
080350139091011,3
080350141421019,3
080350141241013,3
080350140061023,3
080350141241009,3
081190101041000,3
080350144041002,3
080350139043008,3
080350142033018,3
080350144105022,3
080350140151013,3
080350145031021,3
080410034012031,3
080350140172003,3
080350141122016,3
080350141121014,3
080350146021062,3
080350140141025,3
080350141331002,3
080350144091007,3
080350145061009,3
080770017073033,4
081070005004028,4
080490002071060,4
080459519012066,4
081070006001003,4
080299649002005,4
081070002001008,4
080579556001450,4
080459516001015,4
080490002042049,4
080770016002027,4
080770017031002,4
080770011042008,4
080810006001441,4
080579556001076,4
080770010013025,4
080490001002017,4
080810006001103,4
080459521001205,4
080299650021020,4
080299649003012,4
081039511002011,4
081039511002107,4
080770010024009,4
080770004004004,4
080579556001090,4
081039512002030,4
080810003001087,4
080459521002005,4
080459518022016,4
080299652011032,4
081070001001009,4
080770014043023,4
080579556001072,4
080810005005003,4
080810006001279,4
081039511001001,4
081039512001118,4
080770010012000,4
081039511002203,4
081070001002167,4
081039512001110,4
080459517022013,4
080299647002028,4
080459519023013,4
081039511002142,4
081039512001103,4
080490002051012,4
080299647003071,4
080459521002015,4
080490001001158,4
081039511001161,4
081039511001168,4
080770015044006,4
080770013022001,4
080770019001025,4
080770017031004,4
081070001002050,4
080770013021048,4
080299652022020,4
080459520042040,4
080770011024009,4
080770010021016,4
081070008001020,4
080810005003000,4
081070001002045,4
080810006001337,4
080490002051081,4
080770015023016,4
080459520012024,4
080490001001251,4
081070005002042,4
080459521001157,4
080459520031029,4
080299649003023,4
081039512001174,4
080459518032029,4
080770018001077,4
080770015042019,4
080459520044022,4
080770018002118,4
081039511001064,4
081070002001025,4
080770009001060,4
080770018002063,4
080810004004000,4
080299651002056,4
080490001001017,4
080299651002085,4
080770019003009,4
080810006002057,4
080770011023004,4
080459520032061,4
080810004004033,4
080810006002070,4
081070003001151,4
080810005003016,4
080490002051061,4
080459521003022,4
080579556001544,4
080459520031159,4
081070008001086,4
080490002053023,4
080810006001348,4
080810006001522,4
080299649002010,4
081039512002021,4
081039511002014,4
081039512001080,4
080770018001027,4
080770017022033,4
080770008012009,4
080490002061018,4
080810004005008,4
080770009002010,4
080299651001027,4
080810006001239,4
080299650012014,4
080770006023000,4
080459519011081,4
080770017023006,4
080810006002066,4
080299649001052,4
081070003002018,4
080490002072013,4
080770013032022,4
080459517022007,4
080459521002024,4
081070003002045,4
080299649002004,4
080810005006026,4
080770008021056,4
080299649002007,4
080770004004022,4
081039512001063,4
080770011024063,4
081039511002233,4
080459518041006,4
080770013022003,4
080810006001432,4
080770008012007,4
080579556002031,4
080490002042001,4
080770015041020,4
080810003001013,4
081070006003002,4
080770018001081,4
081070002001071,4
080299651001014,4
080770013021005,4
080770015021032,4
080770008011037,4
080459520013016,4
081070008001042,4
081070001002116,4
080770015021037,4
080770016001051,4
080770015021053,4
080579556002041,4
080299647003000,4
080299649001068,4
080770017032018,4
080459517013016,4
080770019003016,4
080490001001296,4
081070001002169,4
080459519024060,4
080459521001043,4
080770018002293,4
080770017073031,4
080490002071029,4
081039511002139,4
080459521001187,4
080770017022042,4
080770014031033,4
080770017064011,4
080770017073014,4
080490001001200,4
081070008001068,4
080770017062008,4
081039511001067,4
080770019001137,4
080490002053015,4
080770016002044,4
080770013032004,4
080459519013020,4
080770011024033,4
080770019002020,4
080299646002060,4
080490001001185,4
080770015042024,4
080299650011021,4
080579556001077,4
081039512001136,4
080770019001104,4
080770014022054,4
081039512003040,4
080490002053035,4
080770015024011,4
080810006001335,4
080770018001104,4
081070001002013,4
080770015021038,4
080579556001246,4
080770017033025,4
081039512001006,4
080770018002130,4
080459518041010,4
080770009001056,4
080810006002236,4
080810006001282,4
080770019001051,4
080299649002025,4
080579556001231,4
080770017024008,4
080770018002250,4
080459520044017,4
080470138011007,4
081070008002071,4
080770019001154,4
080770015023136,4
080770011044012,4
080490001001109,4
081070003001174,4
080490002062041,4
080459521003026,4
080299646002008,4
080459518021052,4
080459520012023,4
080770018002278,4
081070001002162,4
081070001002033,4
080459518022030,4
080770014022035,4
080459519022049,4
080810005005001,4
080459520011028,4
080770003002010,4
080770019002004,4
080770017073005,4
080459518034052,4
080770008021045,4
080770015022077,4
080490002051026,4
080470138011015,4
080770004004000,4
080810006001166,4
080579556001037,4
080770011021010,4
080299648004030,4
080770011024006,4
080459520031139,4
080459521001022,4
081070008002076,4
080459519021022,4
080770008021028,4
080490002072080,4
080770014044023,4
080299646003040,4
080770010021022,4
080299651003035,4
080299647001021,4
080770011024056,4
080770018002107,4
081039512002050,4
080770010024014,4
080810006001216,4
080770009001042,4
080810004004015,4
080810006002011,4
080490002051016,4
080459519012089,4
080770015024070,4
080770014043008,4
080299646002002,4
080770007002024,4
080579556001151,4
081039512003011,4
080770009002035,4
080810006002019,4
080459520041014,4
080299647003072,4
081070001002015,4
080770011021028,4
080770012001031,4
080490001001007,4
080459520032021,4
080459518034036,4
080459521001051,4
080770017072053,4
080770018001091,4
081070005003002,4
081070003001123,4
080770017072020,4
080770013022039,4
080459516001007,4
080770006022003,4
080810006001170,4
080770014033009,4
080299652011002,4
080299651003008,4
080810006001288,4
080770009002016,4
080579556001250,4
080770019001072,4
080770004004002,4
080770014023060,4
081070001002047,4
081039511004048,4
080459520042025,4
080770017061009,4
081039512001180,4
081070005004002,4
080490002032018,4
080490001001173,4
080770016001024,4
080810006001338,4
081070003001066,4
080810006001396,4
080459519012082,4
080299649002043,4
080459517011003,4
080770009001006,4
080810006002215,4
081039512001269,4
080459520042020,4
080770005002007,4
080810005006008,4
081070006002002,4
080770008012049,4
080770018002207,4
080770010013005,4
081070003001182,4
080770014021042,4
080299652012024,4
080770008011016,4
080770015023091,4
080459519023030,4
081039511001101,4
080299650022023,4
080770015022005,4
081039511002017,4
080810006001401,4
080579556001529,4
081039511002071,4
080770004004008,4
080770018002123,4
080299649002002,4
080459517011005,4
080810006001444,4
080490001001068,4
080459517021007,4
080299651001026,4
080770016002043,4
081070005002011,4
081039511001006,4
080770013023046,4
080810006001494,4
080770010023014,4
080299647002003,4
080770014023034,4
080770015042042,4
081070003001124,4
080770017072013,4
080770017072056,4
080490002072107,4
080459521001046,4
080770014031004,4
081039512001120,4
080770009001067,4
080470138012013,4
080770003001004,4
080299646002027,4
081070001002121,4
080459520032017,4
080130137053030,4
080490002051065,4
080810006001455,4
080810006001074,4
080770013021083,4
080770019003027,4
080459520031049,4
081070003001146,4
081039511001054,4
080579556001395,4
080770015042023,4
080770017052012,4
081070005004035,4
081070003001204,4
080770017032022,4
080770017072032,4
081039511002231,4
080459517013022,4
080459516001031,4
080459521001027,4
080459519012057,4
080810004002005,4
081039511001077,4
081070005001012,4
080459519011010,4
080770011024012,4
080810006002080,4
080459518033004,4
080770014033008,4
080459520011010,4
080770006012010,4
080810006002235,4
080490002061005,4
080770018001010,4
080490001002082,4
080770008021059,4
081039511002005,4
081039512001216,4
080130137053032,4
081070008001099,4
080459520031076,4
080770015022002,4
080770013031006,4
080579556002044,4
080459519023026,4
081039511001078,4
080459516001073,4
080810006002281,4
080770015024064,4
080770015022030,4
080490001001152,4
080490001001299,4
080770008011045,4
080459518034014,4
080490002032000,4
081070008001044,4
080770015042002,4
080579556001265,4
080490002041054,4
081070008001143,4
080299647002013,4
080459519022007,4
080490001002046,4
080299649001011,4
080770015041038,4
080299651002003,4
081070005002029,4
080459519024009,4
080770015041026,4
080810006001278,4
081039511004003,4
080770018002031,4
080810003001066,4
080770003001038,4
080810006001020,4
081039511001081,4
080770017053006,4
080770019003066,4
080459519024007,4
080770013032017,4
081070002001065,4
080770018002005,4
080770017061000,4
080770017022018,4
081070003001180,4
080770017024000,4
080770003001029,4
081070002002013,4
080459518042021,4
080490002071050,4
080770016001008,4
080770018002073,4
080770015042035,4
081039511001059,4
081070008002083,4
080810006001135,4
080299648002008,4
080490002051007,4
080459520042017,4
080299651001020,4
080770015021040,4
080490002051082,4
080810006001471,4
080299652022032,4
080810006002211,4
080770014044025,4
080490002062008,4
080810005002018,4
080299648004023,4
081039511002271,4
080299646001025,4
081070007012030,4
081070007012034,4
081070004003009,4
080299646001052,4
080770011032033,4
080490002051025,4
080810006001404,4
080770015023105,4
080770008021037,4
080459516001107,4
080770013032027,4
080770014031013,4
081070005001002,4
080459521001210,4
080770015023059,4
081070008001101,4
080299649003024,4
080770014023074,4
080770003001040,4
080459521001011,4
080810006002148,4
081039511002285,4
080459518021037,4
080579556001024,4
080459518043017,4
080770003001048,4
080770003002020,4
080810006002192,4
081070003001212,4
080459516001046,4
080810006001123,4
080770014042011,4
081070008002026,4
080770015024023,4
080490002053012,4
080810003001045,4
080770018002147,4
080770010013022,4
080770019001098,4
080490001002092,4
080810004005014,4
081070002002030,4
080299649002008,4
080770015042031,4
080770002001027,4
080770011023008,4
080299649001047,4
081039512001000,4
081070003001196,4
080770018001107,4
080299650021034,4
080770017063015,4
081039512001178,4
080770006012001,4
080770018001136,4
080770014041014,4
080770014022027,4
080770011041005,4
080770006025005,4
080810003001039,4
081070008001023,4
080459518021030,4
080299648002021,4
081039512003012,4
080459521003024,4
080490002053006,4
080770015022015,4
080770010021004,4
080810005004004,4
080770019002030,4
080459521001145,4
080770009002061,4
080770019001031,4
080770008021043,4
080579556001355,4
080770018001069,4
080770006013019,4
080770011021018,4
080459517023021,4
080490002071055,4
081070005004032,4
081070001002117,4
080810005005016,4
080810006001290,4
080770015041011,4
080459519012032,4
080810006002294,4
080459517023013,4
080459516001004,4
080770011024045,4
081039511002015,4
080299649002036,4
081070007032023,4
080810006001563,4
080579556001201,4
080579556001035,4
080579556001431,4
080770018001068,4
080770006023018,4
080299650021005,4
080810006001551,4
080770013044020,4
081039512001272,4
080770003001047,4
081070003001209,4
080299650012039,4
080459517023002,4
080490001001284,4
081070007012013,4
080770008021024,4
081070002001044,4
081039511004027,4
080490001001172,4
080490002051003,4
080770018002208,4
080490002041044,4
080459519021016,4
080299647003051,4
080299647003021,4
080770017022013,4
080810005004003,4
080770015041001,4
080770014033003,4
080770014022023,4
080770002001002,4
080810006001087,4
080490002051099,4
081039511002243,4
080770017064001,4
080770009002044,4
080490002062021,4
081070005002034,4
080459516001090,4
080130137053008,4
081039511001050,4
080770006013012,4
080770015023060,4
080299646004040,4
080459519021017,4
080490001001078,4
081039511002176,4
080770015033030,4
080770011021037,4
081039511004055,4
080459520031128,4
080770009002049,4
081070003002049,4
080299650012032,4
080459519012063,4
080770015033022,4
081039512001243,4
080810004003011,4
080459518022015,4
081070007012022,4
080770011024046,4
080490002041045,4
080770002002000,4
080770015032009,4
081039512002016,4
080299648001048,4
080459519011073,4
080299652022022,4
080490001001319,4
080770017064008,4
080459521001111,4
080299652022045,4
080299646001023,4
080459516001060,4
080770014041006,4
080810006001115,4
080490002052017,4
081070003001168,4
080810006001501,4
081070008001043,4
080299649001009,4
080770017053010,4
080459519013029,4
080810003002010,4
081039512001254,4
080770002002014,4
080770010013030,4
080459516001050,4
080770019001167,4
080459516002010,4
080770019002019,4
080579556001101,4
080459520013021,4
080810006001093,4
080770010012002,4
080490001001163,4
080490002041037,4
081039512001288,4
080770018002159,4
080459519023003,4
080810006001060,4
080770003001024,4
080299650022001,4
080810006002000,4
080470138011016,4
081070002001046,4
080810006001046,4
080299647003004,4
080490002072007,4
080770018002109,4
080459520042019,4
080770015033010,4
080770015043041,4
080579556001417,4
080490002053037,4
080770012001025,4
081070006001017,4
080490001002045,4
080490002072095,4
080770015023087,4
080770017051022,4
080459518022001,4
081070003001009,4
080490001001008,4
080770003002001,4
080810006001187,4
080810006001509,4
080770011043005,4
080459519013005,4
080810006001383,4
080299648004025,4
080770015024029,4
080490001002038,4
081070005003007,4
080770018002101,4
080490002072042,4
080810006001549,4
081039511002158,4
081039511002279,4
080770011024044,4
080579556001052,4
081039511001097,4
080770013021012,4
080459521001038,4
080770011024004,4
080770019001053,4
081070001001034,4
080810006001413,4
080770015044029,4
080459521003033,4
080459520032049,4
080770008021060,4
080770018002203,4
081070005004039,4
081039511002061,4
081039512001015,4
080770019001097,4
080770016002047,4
080770018002195,4
080810006001431,4
080810004005018,4
081070003001076,4
080770015024063,4
080299650012021,4
080770017022036,4
080770004003008,4
080459520013006,4
080770014032012,4
080770016002038,4
080299648004013,4
080299650012027,4
081039512003057,4
080770013032013,4
080459519023028,4
080770014044030,4
080299651002032,4
080299647003032,4
080579556001148,4
080579556001098,4
080770013021029,4
081039511002215,4
081070002001035,4
080459520031064,4
081070001002005,4
081070002002029,4
081070002001059,4
080810006001219,4
080770019001150,4
081070003001083,4
080770016002023,4
080459517022006,4
080299651001035,4
080770015024032,4
080299646001001,4
080810006001246,4
080770013043008,4
080490001001054,4
080490002071066,4
081039512003030,4
080459518032055,4
080459519012081,4
080770006024008,4
081039511002200,4
080579556002029,4
080490002071015,4
080810006001531,4
080490001001216,4
080299651002012,4
080299652022006,4
080770016002018,4
080770007001007,4
080770014023002,4
081039511001121,4
080810006001403,4
080490002072097,4
080459521003029,4
080770015024034,4
080299651002065,4
080770016001037,4
081070001002080,4
080459519012033,4
080130137053042,4
080770005001007,4
080299648004007,4
080579556001501,4
080770015024051,4
080299652012008,4
080490002072003,4
081039512001162,4
080770009001038,4
080459521001195,4
080459516001035,4
080490002061003,4
080459521001125,4
080810006001165,4
081070001002105,4
080579556001109,4
080490001002024,4
080579556002043,4
081070007032015,4
080770007001010,4
080770017053013,4
080810006001440,4
080459517011004,4
080459520032028,4
080490002061074,4
081070008002000,4
080770019001114,4
080770014021044,4
080579556001368,4
080490001001180,4
080299651002048,4
080770018001067,4
081039511002133,4
080459518022002,4
080810006002238,4
080299646004019,4
080770006021000,4
080770019002018,4
080810006001194,4
080770019003046,4
080459517013003,4
080490002072106,4
080770011043027,4
080490001002068,4
080770017073011,4
080770014031043,4
080810006002099,4
080770015032017,4
080299649001066,4
080299650021006,4
081039511002227,4
080810004005022,4
081070008001095,4
080810006001206,4
080299646002042,4
081070003001137,4
081039511001086,4
080579556001421,4
080770017031006,4
080770009002063,4
080770014042006,4
080459521002003,4
080770015032032,4
080770019003037,4
080299650013051,4
080579556001212,4
081070005003043,4
080459521001004,4
080490002071005,4
080490001001095,4
080770018002065,4
080770016002036,4
080299646001033,4
080299651002016,4
080490002051021,4
080470138011008,4
080770005002005,4
080459516002021,4
080299647002065,4
080770018002013,4
081070006003001,4
080770013022036,4
080810006002297,4
080299648001033,4
080770015021016,4
080770006025012,4
080459519023001,4
080459516003026,4
081070004001018,4
080770014042007,4
080579556001022,4
080579556001350,4
080299647003033,4
080770017032012,4
080770017063014,4
080299651001051,4
080770011024038,4
080770013021084,4
080459518032033,4
080810005005004,4
081039511003015,4
080770019001079,4
080459518043003,4
081039511002070,4
081039511001027,4
080810006001244,4
081039511002188,4
080459518034002,4
080810006002139,4
080459516003009,4
080770018002231,4
080770019003020,4
081070005001011,4
080810006001232,4
080770008011007,4
081070002002038,4
081039511001127,4
081039511002055,4
080459518034004,4
080770003002017,4
080490002072000,4
080299650022029,4
080299651002051,4
081070003001202,4
080299652012015,4
080810006001542,4
080130137053036,4
080459519011050,4
080490001002101,4
080459516001027,4
080810006002015,4
080490001001059,4
080770010013019,4
081070007021000,4
080770017061002,4
080770014042009,4
080770011042005,4
081070006002007,4
080770019003024,4
080770017071002,4
080770017072050,4
080490002072149,4
081070007031000,4
080770015023006,4
080459519024031,4
080459519022020,4
081070006001029,4
080579556001422,4
080459521004032,4
080490002072057,4
080490001002079,4
080770006022010,4
080579556001146,4
080579556001516,4
080299647002066,4
081039511001013,4
080770008021008,4
080490002072086,4
080810006001478,4
080770016002037,4
080770018002028,4
080490001002000,4
080490002061062,4
080490002072145,4
080459519022018,4
080490002042065,4
080490002062002,4
080770015021014,4
080490002062081,4
080459521001056,4
081070006001000,4
080579556001210,4
080770015044014,4
080810006002119,4
080770010023006,4
080770014042016,4
080579556002034,4
080810005001017,4
080490002041034,4
080770019001208,4
081070001002160,4
080770017023018,4
080770017024010,4
080810006001561,4
080490002053030,4
080770017033018,4
080770015022008,4
080770015032036,4
080770017022007,4
080770018002263,4
080299651001041,4
080770016002055,4
080810003002024,4
080770019003013,4
080579556001218,4
080770018002259,4
081039511001080,4
080299646001015,4
080490002053008,4
080770017062002,4
080770015023053,4
080459519012043,4
081039511002212,4
080490002051054,4
081039511001153,4
080579556002046,4
081070007012028,4
081070005004041,4
080299646004044,4
080770006013016,4
080299651002062,4
080770011032030,4
080770015031032,4
080810006001524,4
080770019002007,4
081039512001281,4
080770015024053,4
080459519021019,4
080770017022023,4
080810006001375,4
080299651002084,4
080770015023131,4
080770015031013,4
080770008022015,4
080770015022053,4
081070001002002,4
081070008001123,4
080130137062043,4
080579556002021,4
080470138012036,4
080459520032063,4
080490001001066,4
081039511004035,4
080490002072074,4
080579556001385,4
080459520043028,4
080459520012004,4
080299651002086,4
080810006002157,4
081070008002069,4
080770019001003,4
080770008022021,4
080299651001004,4
080490001001024,4
081070001002142,4
080770015024019,4
080459520043010,4
080770014022053,4
080770003001018,4
080579556001272,4
080299651002022,4
080770019003033,4
081039511002260,4
080299646003031,4
080299646002058,4
080470138012037,4
080810003001007,4
080770018001099,4
080770008012063,4
080770015022046,4
080459516001034,4
081070001001025,4
080770015044002,4
080770019002037,4
080770013031031,4
080490002052019,4
080490002032004,4
080490002042058,4
080810003002033,4
080770014033037,4
080459521001192,4
080770012002016,4
080459521001065,4
080299646002001,4
080579556001493,4
080770015022056,4
081070005004042,4
080770014044015,4
080770014041019,4
080770011042007,4
080810006002122,4
080770018001011,4
081039512001179,4
080579556001069,4
080770016001045,4
080770015043003,4
080299647003018,4
080459520031037,4
080490001002041,4
080490002071043,4
080810006002104,4
080810005006023,4
080770015033020,4
080459518032014,4
080579556001141,4
080770017072054,4
080770015041033,4
080810006001303,4
081039511002272,4
081039511002181,4
080810003001058,4
081070007011001,4
080810005003004,4
080490002032015,4
081039511001164,4
080490002071032,4
080459520031149,4
080770014044026,4
080770009002020,4
080770015041049,4
080770015023116,4
080810006001473,4
080490001001255,4
080459519024030,4
080770013042022,4
081070005002035,4
080459517013012,4
080459518041000,4
080810006001222,4
081070003001052,4
080810006001254,4
081039511002109,4
080490001001106,4
080299651002052,4
080770013023011,4
080490002053010,4
080770006025013,4
080810006001029,4
080299651002068,4
080770013022000,4
080770014031053,4
081070003001027,4
081039511002038,4
081039512001132,4
080770018002170,4
080770015023062,4
081039512001183,4
080810006002102,4
080490002062006,4
080770011022001,4
080459520011000,4
081039512001231,4
081070008002019,4
080490001001346,4
080770015044016,4
080490001001033,4
081039512001166,4
080810006002130,4
080579556001275,4
080770018002022,4
080810005004000,4
080299646003047,4
080459518034020,4
080490002062056,4
080490002041039,4
080770004003010,4
080299651001000,4
081070004002000,4
080770017032015,4
080490001001092,4
081039512001026,4
080810006001435,4
080490002051127,4
080579556001123,4
080770012001021,4
081070004003015,4
080459516001078,4
080299649003003,4
080770015023118,4
080459518042019,4
080770014033012,4
080299651002044,4
080770015023067,4
080770018002055,4
080299652021030,4
080770013042020,4
080810006001325,4
080459517023008,4
080770015032015,4
080299647003058,4
080299646002014,4
080770017033022,4
080770018002216,4
081070001001015,4
080130137051017,4
080459521004037,4
081039511001099,4
080299647001007,4
080459520013007,4
080459517024001,4
080299650013010,4
080810006001361,4
080459519011009,4
080459520031031,4
080810006001229,4
080770008012039,4
080770015023128,4
080770013021079,4
080459520043003,4
080770003001046,4
080299646003024,4
080770014031045,4
080459518032006,4
080810006001527,4
080770012001014,4
080299646004010,4
081039511003000,4
080490001001061,4
080770015023050,4
080810004004032,4
080459518042008,4
080299650022008,4
081039512001151,4
080810006001053,4
081070008002012,4
080490002072091,4
080770019001056,4
080299651002094,4
080490002062031,4
080770013044015,4
080459517022010,4
080770005001003,4
080299646004002,4
080459519021000,4
080579556001233,4
080490002053024,4
080770006012000,4
080299649002044,4
080490001001052,4
081070008001014,4
080459520043018,4
080770018001001,4
080490002061052,4
080770013042007,4
081039512001200,4
080459518032051,4
080459518041027,4
080490001002061,4
080770010013026,4
080810005006035,4
080770008011056,4
080770017032008,4
080579556001149,4
080579556001317,4
080770006023014,4
080810006001132,4
081070005001014,4
081070008002037,4
080579556001249,4
080490002072158,4
080770019002013,4
080770015023034,4
080770016001041,4
080770017033015,4
080459519013023,4
080770015023072,4
080579556001235,4
080490002051118,4
080770013023038,4
080299651002035,4
080299650013015,4
080770017073041,4
080770014021031,4
081039511002263,4
081070003002038,4
080770011041001,4
081070007012009,4
080770010023018,4
080810006001061,4
080579556001339,4
080810006002164,4
080810006001178,4
080299647002017,4
080770017061004,4
080770015021007,4
080770017022051,4
080490002062044,4
080459519023029,4
080770015041006,4
080770008021063,4
080490002072172,4
081070003002008,4
080770018001134,4
081070002001055,4
080490001002003,4
080770003002024,4
080770011021035,4
080770016001072,4
080770019003069,4
080459518021049,4
080299646001018,4
080490001001000,4
080459518042035,4
080770015032044,4
080810004004010,4
080770009002043,4
081039511002154,4
080810003001031,4
080579556001482,4
080490002072014,4
080579556001476,4
080579556001479,4
080299652021040,4
080770017022027,4
080579556001536,4
080770013031034,4
081039511002210,4
080490001001012,4
080770013032003,4
080770016001021,4
080299647001028,4
080810004004001,4
080490002072134,4
080770009002022,4
080459521001055,4
081070002001069,4
081070007032004,4
080579556001425,4
080459518041001,4
080490002072127,4
080770017052007,4
080770008021057,4
080459519022027,4
080490002032045,4
080490001001128,4
081070003001059,4
080459520041010,4
080459519011034,4
080770018002256,4
080810006001191,4
081039512002035,4
080490002032033,4
080770011041016,4
081070003001145,4
080459520032005,4
080770013023036,4
080299648004080,4
080810006001324,4
080770008012008,4
081039511001105,4
081070002001067,4
080770018001054,4
080770011021009,4
080299648001027,4
080299651003034,4
080770014022017,4
080770015043038,4
081070008001126,4
080490002061037,4
080490001001077,4
081070004003020,4
080459520032024,4
081070001002159,4
080459520012012,4
080770003001025,4
080459519012003,4
080770018001095,4
080770013044000,4
080770006023009,4
081070001002181,4
080299647002035,4
080459519023021,4
080810006002182,4
080770018002074,4
080770015031031,4
080459520041002,4
081039511002219,4
080810006001134,4
080459521001216,4
080770015023041,4
081070002002023,4
080770004002005,4
080770017052029,4
080770013021051,4
081070001002168,4
080490002053056,4
080770002002019,4
080299652021031,4
081039511002265,4
080299652012001,4
080299651003023,4
080770018001029,4
080299651003036,4
080770010011007,4
080579556001347,4
080770018002267,4
080490002062038,4
080299650012012,4
081070003001103,4
080490001001307,4
080810006002171,4
081070001002118,4
080770011042009,4
081070001002068,4
080299649003029,4
080579556001215,4
080770018002185,4
080810006001589,4
080770019001016,4
080810005005026,4
080770015023055,4
080810006002280,4
080770019002005,4
080490001001300,4
080810006002264,4
080299652021004,4
080459518041021,4
080490001001280,4
080770009001090,4
080770019002039,4
080299649001063,4
080770014021050,4
080810004004013,4
080810006001312,4
081039512002004,4
080770012002006,4
080459519011015,4
080770013043022,4
080490001002083,4
080770017021012,4
080459518033000,4
081070001001045,4
080770006025011,4
080810006001080,4
080770009002023,4
081039512002008,4
080770002002028,4
080810006001547,4
080770012001007,4
080810006001569,4
080490002053060,4
080810006001301,4
080490002051039,4
080810006001231,4
080810006002003,4
080459519012002,4
080770015032020,4
080490002072169,4
080810003002031,4
080770017031005,4
080299647002057,4
080770011022016,4
080770016001058,4
080770015023004,4
080810006002260,4
080490001002020,4
081070002001020,4
081070008002013,4
080770017032007,4
080770014023041,4
080770018002003,4
081039511002209,4
080299648002031,4
081039512001208,4
081070003001029,4
080299647002037,4
080810004001017,4
081070007012014,4
080770019001166,4
080459516002020,4
080459520031044,4
080770019001128,4
080770018002229,4
080810006001389,4
080459519024061,4
080459517011008,4
080770014032013,4
080459520013015,4
080579556001230,4
080770008011025,4
080459521003004,4
080459518034050,4
081039512001039,4
081039512001033,4
080770006013002,4
081039511001142,4
080770008021035,4
081070005001008,4
080810006001311,4
081070006001019,4
080459521001013,4
080770011032004,4
080459520031038,4
080579556002017,4
080770009001010,4
080770015041024,4
080810003002026,4
081039511001128,4
080770015023100,4
080770015023046,4
080490001002036,4
080459520031004,4
080770019001189,4
080579556001435,4
080299650021026,4
080770019001043,4
080490001001108,4
080810003001079,4
081070001002024,4
080459520011004,4
081070003001161,4
080459516001049,4
080770017022034,4
081039512001053,4
080459516001091,4
080490002071002,4
080770006012004,4
080770013042017,4
080810006002156,4
080299648004018,4
081039511004037,4
080459517012015,4
080490002051077,4
081039512003010,4
080459518043013,4
080770008022033,4
080770006021014,4
080299646001010,4
080770009002003,4
080490002072058,4
081039512001101,4
080490001001178,4
081070002001049,4
080810006001451,4
080459520044009,4
081070005003008,4
080770019003049,4
080579556001318,4
080810006002079,4
080770014023061,4
080459519021015,4
080459517022008,4
081070008001140,4
080490002053022,4
080299652011019,4
080459519011042,4
080459517012041,4
080770013021038,4
081039511001111,4
081070006001014,4
080459521001142,4
081070002001056,4
080770015044020,4
080459519012025,4
080299648004071,4
081070006001022,4
080299649001061,4
080490001001132,4
080810006001336,4
081039512001246,4
080299651002072,4
080490001001234,4
080770013042000,4
080770016002067,4
080770015044012,4
080299652021003,4
080770004003012,4
080770010024002,4
080810003001081,4
080770010013012,4
080810005006002,4
080770009002078,4
080299646004005,4
080770017072051,4
080579556001094,4
080459517024016,4
080490002061020,4
080770012001024,4
080770013021053,4
080490002052015,4
080299648004041,4
081070003001203,4
080810006002283,4
080459518022050,4
081039512003047,4
081039511002222,4
081039511001009,4
080770009001085,4
080459520031157,4
080490002052048,4
080459516001030,4
080490002061021,4
080770004003007,4
080459518043007,4
080459521001143,4
080770011024052,4
080770008011009,4
081070002002005,4
081039511002259,4
080770007003017,4
080299646001003,4
080299652011020,4
080459519024035,4
080810006002105,4
080770019001153,4
080770019001014,4
081039511004013,4
080459520011032,4
080770018001096,4
080579556001122,4
080770017033026,4
080459516001101,4
080459521004056,4
081070001002180,4
080470138012017,4
080810003002005,4
080810006002067,4
080490001001331,4
080770009001089,4
080770015031040,4
080490002062074,4
080579556001273,4
080459518034008,4
080459518032052,4
081039512003005,4
080459516002022,4
080490002053026,4
081039511002185,4
080770019001033,4
080810006002257,4
081070003001095,4
080770013043023,4
080770006025010,4
081039511001158,4
080810004005003,4
080770014022051,4
080459519013034,4
081070006003014,4
080490002032013,4
080810006001091,4
080459521001140,4
080299649001017,4
080770009001034,4
081039512001144,4
080810006001114,4
081070001002135,4
080770010021014,4
080459518041035,4
080770008022047,4
080770010021011,4
080299650012018,4
080770017033017,4
080770017073027,4
080770019003051,4
080459520043020,4
080770011024057,4
080490002071040,4
080459521004008,4
080810006001321,4
080810005006000,4
081070006001018,4
080579556001405,4
080490001002106,4
080770006013013,4
080770010013006,4
080810006002069,4
080770016001002,4
081039512002044,4
080770018002290,4
081039512001230,4
080459520031054,4
080299651001030,4
080770017072048,4
081039511002050,4
080490001002108,4
080299647003063,4
080770015024052,4
081039512002038,4
081039512001002,4
080459518034010,4
080459517012028,4
080770017073021,4
080770011041025,4
081039512001251,4
081070003001129,4
080770008011050,4
080459518042001,4
080459521002007,4
080770019001123,4
081070001001017,4
080490002042022,4
081039512002056,4
081070003001160,4
080470138012038,4
080770003001026,4
081039512001185,4
081070001002125,4
080459519023031,4
081070008001022,4
080770015022037,4
081039511001087,4
080490002042054,4
080810006002027,4
080490002032025,4
080770019001022,4
080490002061087,4
080459516003013,4
080770015023081,4
081070008001090,4
081070001002084,4
080490001002048,4
080770013021018,4
080770013043025,4
080459519022017,4
081070008002039,4
080810006001184,4
080810005006017,4
080299646002031,4
080490002041040,4
080810006001590,4
080770010013029,4
080299648001002,4
080459517011002,4
080299646002026,4
080770018002092,4
080770014032006,4
080770009002062,4
080459516001088,4
080770002001010,4
080459519012023,4
080770017021003,4
080770019001192,4
080770008012042,4
080810006001117,4
080299651002009,4
080770017033008,4
080770008012004,4
080299649001042,4
080299649003007,4
080770014033024,4
080299651001032,4
080459516003024,4
080490002072022,4
081070001002069,4
080459521001180,4
080459517023000,4
080490002071012,4
080490002041063,4
080810004002008,4
080810006001546,4
080770013023022,4
080810005006030,4
081039511001004,4
081070005004001,4
080459520032038,4
081039511001110,4
081039511002046,4
080490001001320,4
080490001001298,4
081039511002117,4
080810006001346,4
080770015021021,4
080459519022004,4
080770014022040,4
080490002042045,4
080459517011001,4
080770015043009,4
080770002002018,4
081070005003034,4
080770017073028,4
081070008001040,4
080770011021019,4
080770016001057,4
080490001001177,4
080299648001030,4
080579556001472,4
080770014041003,4
080770015042044,4
080299648001012,4
080770014021027,4
081070006003009,4
081039511002173,4
081070003002052,4
080770018002206,4
081039511001044,4
080770018002289,4
080490002032003,4
080459519021013,4
080299651002004,4
081039511002273,4
080459520031095,4
081039512003056,4
081070008001072,4
080810006001540,4
080770019003064,4
080770006014004,4
080770015033017,4
080770010024019,4
080770015042006,4
080299647003057,4
080770011041007,4
080490002072006,4
080490002062009,4
080770015022034,4
081039511002101,4
080770016002050,4
080579556001322,4
080770013021013,4
081039511004014,4
080810006001541,4
080770002002001,4
080770013022022,4
081070008001079,4
080459517012046,4
080770013042028,4
080299647002050,4
080490002072034,4
081070003001062,4
080770015041030,4
080770016002076,4
081039511001040,4
080490001001243,4
081070001002028,4
080810006001371,4
081070008001093,4
080810006001558,4
080459518032054,4
080770013043017,4
080770012002001,4
080459520013009,4
080770015031036,4
081039511002236,4
080490002071024,4
080299652012025,4
080459519011087,4
080770014023038,4
080770014021019,4
081070003001101,4
081070001001053,4
080770018002286,4
080810006001587,4
080490002052041,4
080770018002258,4
080299650021024,4
080810005005005,4
080810005003015,4
081070003001112,4
080810006001205,4
080770011032020,4
080770017064023,4
081039512002002,4
080490001001174,4
080459520032011,4
080810005005027,4
080459520011018,4
080490002032030,4
080810006001281,4
080490002062062,4
080299651001016,4
080579556001464,4
080770014023024,4
080770014023073,4
080299648004047,4
080770013042008,4
080770019001090,4
080299650011025,4
080459519024006,4
080770008022036,4
080490002053025,4
080490001001010,4
080299649002059,4
080459518034031,4
081039511002157,4
081039511002023,4
080770014044011,4
080770011043011,4
080459517012001,4
080470138012015,4
080459519021011,4
080770016002041,4
080770015043040,4
080770006013009,4
080579556001487,4
080459518022012,4
080810003002001,4
080459516003011,4
081070004003033,4
080770015021017,4
081039511002242,4
080490001002096,4
081070008001094,4
080770016002005,4
080490002051033,4
080770013044022,4
080459518021032,4
080459519022036,4
080810006002146,4
081070001002076,4
080299649001029,4
080459517021008,4
080770014023001,4
080579556001352,4
080299652021021,4
080299646003045,4
080770015022045,4
080770017072036,4
080459517023010,4
081039511001120,4
081039511002072,4
080770007003003,4
080810006002087,4
080770014031048,4
080810006002051,4
080770019001026,4
080299648001041,4
080299647002070,4
080299650013016,4
080810006002071,4
080459519024054,4
080299650013008,4
080770013042011,4
080459520032008,4
080299651003042,4
080770018001087,4
080770010024005,4
080130137053006,4
080299649002079,4
080299646001040,4
080299648001017,4
080810006001051,4
080490001001044,4
080810006002073,4
080770013023025,4
080770014023007,4
080770016002063,4
080490002052043,4
081070002001037,4
081039511002282,4
081070001002124,4
080770005002009,4
081070005002036,4
080770008011015,4
081039511001119,4
080810003001003,4
080459517012026,4
080770008011000,4
080810005003014,4
080299647002055,4
080459519011088,4
080459518032000,4
080770007002002,4
080770008022045,4
080770016002071,4
081070008001077,4
080770009001017,4
080810005003009,4
080579556001319,4
080299648002025,4
081039512001192,4
080299651001033,4
080770007002014,4
080810005001000,4
081039511003047,4
080770008022057,4
080770002002006,4
081039512002039,4
080770015022029,4
080459518022060,4
081039511002213,4
080459516001037,4
080770015031038,4
080490002062057,4
080810005006011,4
080579556001054,4
080810006001315,4
081039511002245,4
080770018002205,4
080770019001182,4
080770014031046,4
080459520031117,4
080459518022033,4
080459520012008,4
080770009002067,4
080770003001045,4
080770017021017,4
081039512002026,4
081070006002004,4
080579556001330,4
080810006002093,4
080770013043018,4
080490001001144,4
080579556001412,4
080770011043016,4
080770004004012,4
080770002001017,4
080810005004009,4
080770013041011,4
081039511003070,4
080459516001076,4
080770019003010,4
080810006001197,4
080770015023008,4
081039511001089,4
080770013043006,4
080770018002075,4
080459519011022,4
080810006002181,4
081039511003066,4
080770011044019,4
081070001002100,4
080490002062043,4
080459519023027,4
080770004002021,4
080810006002206,4
080459519011001,4
080299647001016,4
080810004004008,4
080770015022095,4
080579556001261,4
080810006002064,4
080770018002202,4
080299649002019,4
081070001002127,4
080770009001058,4
080490002061023,4
080490001002013,4
080810006001349,4
080459521004028,4
080770010023020,4
080810006001131,4
080459519024001,4
080490002051083,4
080299651001022,4
080770019001058,4
081039511001141,4
080299648004056,4
080299649001020,4
080299650022003,4
080770012001028,4
081039511001042,4
080770017073023,4
080770010013003,4
080810004005001,4
080299646002009,4
080459520031016,4
080459521001115,4
080770017023003,4
080459518042012,4
080490002051094,4
080459518032017,4
080770009002042,4
080770017063008,4
080770013041013,4
080770003002014,4
080770014043026,4
080770015032030,4
081070001002123,4
080490001001286,4
081070004002019,4
080459519012062,4
080490002041051,4
080490002052036,4
080459517023012,4
080770017024029,4
081070001001041,4
081070005001007,4
080299651002057,4
080770015024005,4
080770016001062,4
081039512001228,4
080299649002040,4
080459518032020,4
080490002051027,4
080579556001239,4
080770018002047,4
080770010022001,4
080770018001049,4
080459518022038,4
080459516001086,4
080579556002011,4
080810003002018,4
080490002072088,4
080770018001021,4
080299646004020,4
080770014023046,4
080770015042040,4
080770015022050,4
080770009002006,4
080810006001136,4
080810006001412,4
080770012001000,4
080579556001016,4
080770018001059,4
080579556001237,4
081070002002019,4
080770008011058,4
080810006002036,4
080770010011023,4
080459520031088,4
080459520032073,4
080770015044021,4
080770019001073,4
080810006001147,4
080579556001154,4
080490002072066,4
080770007003010,4
080770015041025,4
080459520043001,4
081039511001012,4
080299646001028,4
080770018002062,4
080459519012046,4
080770014021013,4
080770019001148,4
080490001001199,4
080810006002128,4
081039512001168,4
080459520044005,4
080490002042043,4
080810003001021,4
080770017071010,4
080299646001013,4
081039512003045,4
081070008001078,4
080459519022022,4
080579556001189,4
080579556001349,4
080490002072121,4
081070003001021,4
080459516003044,4
080299650022018,4
080490002072103,4
080130137063034,4
080459519011043,4
080810005005014,4
080490001001341,4
080299651002042,4
080459519022041,4
080770018002009,4
080459519011066,4
080459521001148,4
080579556001067,4
080770019002002,4
080770017071005,4
080579556001075,4
081070005003035,4
080299646001051,4
080770006023017,4
081039511002252,4
080490002052031,4
080490002051078,4
080810006002169,4
080810006001176,4
080770013032011,4
080810006001407,4
080459519023006,4
080770006013007,4
080770008022053,4
080459518022041,4
081039512003034,4
081039511002293,4
080770002002021,4
080299651001021,4
080579556001486,4
080459518021061,4
081039512002041,4
080770014033026,4
081039512003031,4
080770014032016,4
080490002072154,4
080299647001020,4
080579556001375,4
080299647002031,4
081070001002019,4
081070002001011,4
081070007022002,4
080459520032051,4
080770015044017,4
080299647001017,4
080770018002059,4
080459521003015,4
080770015033009,4
080490001001081,4
080770018002102,4
080770005001002,4
080459519013016,4
080299648001023,4
080770017024013,4
080470138012019,4
080810006001221,4
081070008001075,4
080299647002029,4
080490002042025,4
080459519012068,4
080770014022011,4
080770015043043,4
080459518032030,4
081039512003051,4
080490002041065,4
080810005005035,4
081070008002050,4
080490002061058,4
080770019001129,4
080299649002052,4
080490002072171,4
080299649003035,4
080459516001051,4
080810006001016,4
081070008001049,4
081070002002031,4
080770008011019,4
080299650011015,4
080579556001315,4
081039511002223,4
081070004002017,4
080490001001291,4
080810004001001,4
080490002051125,4
080810006001208,4
080770010024008,4
080299649003026,4
080770017062003,4
080770006022002,4
080459520041019,4
080490002042037,4
080770017022012,4
080490002061064,4
080770014033053,4
080770008012022,4
080579556001321,4
080770013043003,4
080810003001030,4
080299651002089,4
080299646002020,4
080770019003073,4
080459520031135,4
080770015023014,4
080810006001488,4
080490002041015,4
080770014022034,4
080810006001255,4
080490002041005,4
081070008002063,4
080490001001091,4
080770004002015,4
080459521001201,4
080810006002231,4
080490002052021,4
080810006001582,4
080770009002060,4
080299646003010,4
081070008001085,4
080459521001031,4
080810006001160,4
080810006001258,4
080299648001028,4
081039511002002,4
080459519012059,4
081070001001027,4
081070003001058,4
081070008001008,4
080459519022044,4
080490002072143,4
080459521001177,4
080810006001235,4
080770012001029,4
080770010023004,4
081039511004060,4
080299651002087,4
081039512003053,4
080810006001496,4
080770011043019,4
080579556001238,4
080770004002012,4
081039511004054,4
081070007031005,4
080770014023016,4
080770018002105,4
081070006003006,4
080459520044007,4
081039511003056,4
081039512001209,4
080490002072138,4
080490002072131,4
081070001002051,4
080770011022021,4
081070006001024,4
080770011022010,4
080810006001069,4
081070002001041,4
081070005003038,4
080810006001565,4
080770007003019,4
080459520032058,4
080490001001090,4
080299649001032,4
080770018002215,4
080459518041005,4
080770014021036,4
080810006001364,4
080459521001048,4
080299652012007,4
080770014031044,4
080299651002078,4
080459518022024,4
080579556001310,4
080770006024009,4
081039511002120,4
081070004001011,4
080770013032009,4
081070002001036,4
080770011044006,4
080770015022063,4
080770017022004,4
081070005004020,4
080459519024004,4
080770013032049,4
080770013031009,4
080770015022096,4
080299647002074,4
080299646002055,4
080490002061072,4
080299651001052,4
080490002062059,4
080770015022099,4
080770017051018,4
081070003002031,4
080810006002197,4
081039511002238,4
081039511002171,4
080770019001008,4
080459518021056,4
081070006001006,4
080490002053004,4
081070005004013,4
080810006001143,4
080299651003040,4
080770017052015,4
080490001001325,4
081070003001010,4
080770018001102,4
081070002001029,4
080770011032023,4
080459521001078,4
080470138011001,4
080770007002001,4
080490002061053,4
080490001001253,4
080770017072047,4
080579556001180,4
080490002062003,4
080299647002042,4
080490001001160,4
080459520043025,4
081039512001157,4
080770009001026,4
081070007012021,4
080299651002013,4
080459519024059,4
080579556001416,4
080490002053028,4
081039511004052,4
080770014031009,4
080770018001073,4
080770015022032,4
080470138012025,4
080770015022076,4
080459520044034,4
081070002002027,4
080770015021029,4
080579556001187,4
080770011022023,4
080490002071037,4
080770015024049,4
080459517022001,4
080770017022025,4
080770013023005,4
080490001001183,4
081039511002175,4
080459519024043,4
080770019003007,4
081070002001039,4
080770015022079,4
080299649002017,4
081070001002059,4
081039512001279,4
080770008021046,4
081070003001068,4
081070008002032,4
081070001002177,4
080299646001007,4
080490002041035,4
080770015023134,4
080810006001579,4
080770017033003,4
080810006001070,4
080299652021001,4
080770019001035,4
080490002051080,4
081070001002060,4
080579556001463,4
080770011044007,4
080770013023035,4
080770018002093,4
080810006001583,4
080490002053031,4
080459520011003,4
081039512002047,4
080459521001222,4
080810006001146,4
080459520011011,4
080459521004051,4
081070003001201,4
081070003002042,4
080490002071035,4
080770015022033,4
080470138012004,4
080579556001096,4
080770016001023,4
081039511004023,4
081070003001013,4
080770018001122,4
080299652022034,4
080459520042051,4
080770015044040,4
080770018002131,4
080459519012091,4
080459518021070,4
080770019003075,4
080490001001191,4
080299647002024,4
080459518022032,4
080770015044043,4
080810005006031,4
080490001002067,4
080810006001330,4
080459521001059,4
080490002061075,4
080770014022010,4
081070004001000,4
080770015043002,4
080770015023129,4
080810003001067,4
080810004001014,4
080770014044031,4
080810006001452,4
080770015042043,4
081070008002074,4
080770013032044,4
080770010023035,4
080770007002004,4
080770018002042,4
080459518042005,4
080579556001512,4
081070004003010,4
080459521004027,4
080490002051120,4
081070005002033,4
080770015031007,4
080770008021041,4
080770017033014,4
080579556001092,4
080579556001245,4
080770017063016,4
080299650013042,4
080459520042006,4
080490002071008,4
080770017072028,4
080490002052006,4
081039511002229,4
080770014023033,4
081070003001215,4
080770008022027,4
080770019003040,4
081039511004029,4
081070003001162,4
080299649001016,4
080579556001030,4
080770018002191,4
080770019003055,4
080770013041016,4
080770015024003,4
080579556002013,4
080490001001231,4
081039512001161,4
081070007012015,4
081070005004033,4
081039511001147,4
080579556001130,4
080459521003002,4
080459520031071,4
080490002031020,4
080459516001087,4
080490002053029,4
080130137051019,4
080810006001566,4
080770014031058,4
081039511002125,4
080810005003008,4
081070008001062,4
080770017052016,4
080459520043029,4
080770015033008,4
080770014022042,4
080770002002025,4
080459518041007,4
080459516001012,4
081039512001155,4
081039512001027,4
080299647003039,4
080579556001114,4
081070005004040,4
080459520032031,4
080490002072135,4
080810006001436,4
080810006002200,4
080459520031056,4
080770015023111,4
080810006001247,4
080459517022004,4
080770013022023,4
080770019001179,4
080459520041020,4
080299648002036,4
080810005002011,4
080490002071021,4
080810006001576,4
080770018002129,4
080490002061013,4
080459518042030,4
080459518022023,4
080770002001016,4
080299650021033,4
080490001002093,4
080490002053003,4
080810006002290,4
080770014032003,4
080299649003011,4
080810003001063,4
080299650012015,4
080770008021044,4
080770014043018,4
080770016002035,4
080770018001080,4
080770006022005,4
080770015043000,4
081070003002022,4
080810003001029,4
080490002042039,4
080490002072070,4
080770013021044,4
080459518032048,4
080299651002002,4
081070003002021,4
080770009001032,4
080490002072128,4
080770008011059,4
080299650022036,4
080459518043019,4
080770008012052,4
080459518034032,4
080810006001474,4
080490002071063,4
080459518022048,4
080459520041008,4
080459518032007,4
080459521003000,4
081039512001072,4
080490002032012,4
080770017024022,4
080299647003022,4
080770018001055,4
081039511004030,4
080459516001070,4
080770008011035,4
080770010023025,4
080770017022053,4
081039511002091,4
080459521001137,4
080770016002026,4
080770011022025,4
080770013023023,4
081070008001130,4
080770015022040,4
080490001001064,4
080459520013010,4
080299651002059,4
080459520042000,4
080490001002014,4
080770011031009,4
080770016002069,4
080770019003076,4
081039511001046,4
080490001001334,4
080770015023066,4
081039512001004,4
080770015022004,4
080579556001527,4
081070003001077,4
080770019001173,4
080299648004065,4
080810005002002,4
080810005002012,4
080490002051089,4
081070003001132,4
080770013031003,4
080459521001108,4
080810006002056,4
080299649003014,4
080490002051123,4
080810006001492,4
080299648004049,4
080459520044024,4
080490001001233,4
080459519022056,4
080579556001497,4
080770013023024,4
080810006002254,4
080770013042009,4
081039511002262,4
080770017022006,4
080810006002293,4
081039512001032,4
081070007012008,4
080770019001157,4
080810006001483,4
081070006001011,4
080459521001196,4
080459520032050,4
080490002042015,4
080770004003011,4
080770017032021,4
080299649002048,4
080770008021049,4
080770006025009,4
081039512001226,4
080810006001537,4
080770010022004,4
080770014043015,4
080770017052020,4
080770017051007,4
080459521001102,4
080299651003006,4
080299647003044,4
080459517013011,4
080770007003021,4
080579556001348,4
080490001001117,4
080459520031104,4
081039512001289,4
080770010022010,4
080770015043019,4
080299652012017,4
080459521001223,4
080579556001078,4
080459521001006,4
081039511004059,4
080770015023043,4
080459519012021,4
080770017031007,4
080459518022031,4
080770010021019,4
081039511002162,4
080579556001023,4
080490002062004,4
080459516002009,4
080810006001026,4
080490002062067,4
080770018001140,4
080770008021015,4
080459517024013,4
081070006003010,4
080459519013028,4
080459520042010,4
080810003001035,4
080299648004042,4
080770019002035,4
081070005004007,4
080299651002034,4
080770015032014,4
080770010013036,4
080459520042004,4
081039512001201,4
080490002053048,4
081070001001012,4
080770008022016,4
080299650012024,4
080770009002075,4
081070004002008,4
080770015023027,4
080459521001088,4
081039511001090,4
081039512001119,4
080770014023020,4
080459520031152,4
080490002042011,4
081070005003022,4
081039512001031,4
080459520031059,4
080459518032008,4
080459518034035,4
080770013021043,4
080770009002012,4
081070001002038,4
081070003001040,4
080770019001186,4
080490002072076,4
080770014031032,4
080459520012025,4
081039511002207,4
080770017024034,4
080770014021040,4
080299647002004,4
080299652012026,4
080770014021018,4
081039512001250,4
080299648001029,4
080579556001458,4
080770008022001,4
080770006014009,4
080490001001065,4
080770014021014,4
081070003002046,4
080770014023015,4
080770013021091,4
080770017064005,4
081070001002146,4
080770014021008,4
080770017073037,4
080810006001285,4
080490001001115,4
080770013044012,4
081070003002012,4
080459520032013,4
080299651001017,4
081039512001044,4
080299646001020,4
080459520011014,4
080459518043022,4
081070008001103,4
080770002002011,4
080299650022020,4
080770008012048,4
080770019003067,4
080459518032013,4
081070008001050,4
081039512001117,4
080770008022022,4
080579556001442,4
081070003002030,4
080490002072142,4
080770017072012,4
080490002032023,4
080810006001119,4
080770007003028,4
080770009001048,4
080490001001303,4
081039511001109,4
080810005001005,4
080490002041057,4
080490002041049,4
080459516001074,4
080490002072069,4
080459519011076,4
080770009001015,4
080770015032022,4
080810006002219,4
080459516001008,4
080770011021008,4
080770009001083,4
080770006021011,4
080770019001118,4
080470138012012,4
080810003001014,4
080810006002030,4
080579556001357,4
080770002001005,4
080770019003023,4
080490002062028,4
080770011022015,4
080770011043003,4
080579556001207,4
080770004001004,4
080579556001106,4
080770003002000,4
080810004004025,4
081070002002004,4
080770017033023,4
081039511003027,4
080810006002072,4
081039511002218,4
080770017051023,4
080299652022000,4
080810006001155,4
080459520044013,4
080459516002012,4
080770019003065,4
080810005005024,4
080299646003035,4
080459518021057,4
080459519012054,4
081070003001078,4
080770013031015,4
081039512001207,4
080490002061014,4
080459521001072,4
080459520031091,4
080770015023009,4
080299648004072,4
080459519023005,4
081039512003052,4
080770009001082,4
080770011024014,4
080770014023050,4
080579556002027,4
080810006001463,4
080579556001126,4
081070008001035,4
080459518022029,4
080490002072090,4
080490002072041,4
080579556001266,4
080770011031008,4
080490001001169,4
080459516001089,4
080770015041017,4
080490001001345,4
080770018001105,4
081039511001132,4
080299649001046,4
080810006002263,4
081070005003010,4
080810006002115,4
080770006023003,4
080299650011024,4
080459516001032,4
080770013021033,4
080770016002039,4
080770014022014,4
080490002072173,4
080770009002064,4
080459519022015,4
080770008022051,4
080770011022024,4
080770011022004,4
080299651002067,4
080770008021026,4
080770003001014,4
080770015023120,4
080459518041020,4
080299646003019,4
080579556001292,4
081039511001085,4
080459519022009,4
081039511002112,4
080490002031003,4
080770017073009,4
080459520012011,4
080770017073020,4
080770015031018,4
080810005003006,4
080770018001079,4
081039512001104,4
080770015024065,4
080299648001004,4
080770010023022,4
080770008022032,4
080810005002006,4
080810006002271,4
080459520031113,4
081039512001265,4
080459518022037,4
080490002061019,4
080490002051017,4
080770011042010,4
080770014023019,4
080579556001380,4
080299648001039,4
080459519021001,4
080299647003019,4
081070002001028,4
080470138012027,4
081070008001135,4
080459521004038,4
080770008011026,4
080459520042001,4
080810006001082,4
080770013022033,4
080490002072065,4
080299649003006,4
080770015023089,4
080770015023068,4
080459520042035,4
080490001002034,4
080770013031000,4
080490002062079,4
080459520012026,4
080490002072029,4
080459519022042,4
080490001001309,4
080459518021018,4
080490002071041,4
081070007012029,4
080299648001010,4
080770011032000,4
080579556001305,4
080459516003023,4
080459519022030,4
080299646001049,4
080770016002029,4
080770015042001,4
081070005004026,4
080459518021034,4
081070008002033,4
080770008011040,4
080810006001049,4
080770019002023,4
080810006001575,4
080770007001018,4
080299650022017,4
080459517024011,4
081039511001076,4
080770014032018,4
080459519021010,4
080770013031033,4
080130137062042,4
080490002053055,4
080579556001175,4
080459519021006,4
080579556001111,4
080490002053027,4
080810006002129,4
080490002041012,4
080770015041009,4
080459520031100,4
081039511003005,4
081039511003074,4
080810005005036,4
080459520032046,4
080490001001140,4
080490002052030,4
080770013031029,4
080459518021007,4
080459519022057,4
080810006001251,4
080299651002103,4
080770017052027,4
080490001001337,4
080770015022035,4
080299652012000,4
081070003001105,4
080459516001058,4
081070005002041,4
080490001001031,4
080770013043021,4
080770019001015,4
080810003001047,4
080770008022046,4
080490002041041,4
081039512001150,4
081039511002130,4
080770017024006,4
080770013041005,4
081070004003028,4
081039511003004,4
080299652022003,4
080770019001162,4
081070004003036,4
080459520044043,4
080770017022026,4
080459520031021,4
080579556001326,4
080770008021014,4
080299647003074,4
080459516001001,4
080810006001284,4
080299648003000,4
080459519022029,4
080490002051130,4
081070008002080,4
080130137053013,4
080770017073046,4
080490002072038,4
080490002072063,4
080770005002000,4
080770013021027,4
080770008021053,4
080810006002172,4
080459519021003,4
080459521001227,4
081070008002031,4
080299647001019,4
080490002072089,4
080810006001536,4
080579556001119,4
080459521003012,4
081039511002201,4
080459517012038,4
080490002072160,4
080770016002048,4
080459520031060,4
080770015023011,4
080770013043007,4
080490002051059,4
080770017072044,4
080770013032048,4
080770015022036,4
080770015024007,4
080770008021017,4
080459520041000,4
080579556001325,4
080810006002153,4
080490001001198,4
081039511001066,4
080770007003016,4
080459520042047,4
080299652021023,4
080770008011024,4
080770013031020,4
081039511001149,4
080459518021067,4
081039511004031,4
080459519012058,4
080299649001002,4
080770018001078,4
080299646001038,4
080770014041017,4
081039512003035,4
080810003002035,4
080579556001051,4
080770015044027,4
080490001001219,4
080770019001133,4
080810005005021,4
080490002053009,4
080459521001162,4
081039511001162,4
080770009002002,4
081070003001190,4
080459516001064,4
080459521001071,4
080490002061017,4
081070008001097,4
080770011021038,4
080770008022018,4
080770015023076,4
080459518021027,4
080459519024069,4
080490002072117,4
080770008011033,4
080459521001136,4
081070006001028,4
080810006001307,4
080770007002026,4
080770019001170,4
080770019001156,4
080810006002162,4
080770011031000,4
080770019001110,4
080459521002011,4
080770006023015,4
080770010023000,4
080770013022015,4
080579556001296,4
080770015023042,4
080810006001422,4
080770007001002,4
080810006001210,4
080770008011003,4
080770013021036,4
080810006001418,4
081039511002135,4
080810006001533,4
080810006002199,4
080770015031005,4
081039512001154,4
080770013023040,4
080490002032040,4
080810006001437,4
080810006001572,4
080299651002083,4
080770011041012,4
080770019001080,4
081070008002057,4
080770018001034,4
080770004002018,4
080770013022029,4
080770013042027,4
080770016001043,4
080770014022048,4
080770013021082,4
080579556001155,4
080770013043012,4
080770019003022,4
081070002001014,4
081070001001011,4
081070008001063,4
080770015032038,4
080770006023020,4
080490002062019,4
080490001002050,4
080490002052010,4
080459518022009,4
080770013021007,4
080459519011063,4
080810005005030,4
081039512002005,4
080770010021001,4
080770018002273,4
080459518022020,4
080470138012022,4
080579556001044,4
080459519024058,4
080770007002003,4
080770002001013,4
080299652011021,4
081039512003003,4
081039511001093,4
080459519013009,4
080490002032006,4
080459518031009,4
080810005001010,4
080299651003024,4
080579556001041,4
081070008002024,4
081070006003016,4
080770011044021,4
080770016001053,4
080770008021068,4
080459519022052,4
080810006001517,4
080770015031008,4
080459516003002,4
080770010024006,4
080490002062026,4
080770015042047,4
081070001002090,4
080579556001255,4
080459520031034,4
080490001002005,4
080299651003051,4
080770018001110,4
080490002041036,4
080810006002097,4
080299652011013,4
080770014033016,4
080299650021038,4
080770013031016,4
081039512001255,4
080770008011002,4
080490002042042,4
080459519021009,4
080770014042003,4
081039511002033,4
080459520042037,4
080770015023064,4
080490002062033,4
081070003001115,4
080490002061073,4
081070003002032,4
080770006022009,4
080810006002138,4
080770010022009,4
081070003001025,4
080770014022044,4
080490002051058,4
080770019001197,4
080770014033051,4
080810006001268,4
081039511003036,4
080579556002024,4
080770009002079,4
080810003002017,4
080299650021011,4
081039511003060,4
080579556001335,4
080770011041026,4
080770014022012,4
081039511003023,4
080459519011040,4
080459519022046,4
081070004002023,4
080770017052028,4
080459520031043,4
080770019001126,4
080770009001005,4
081039511001165,4
080299650012005,4
080459520041017,4
080579556001381,4
080810004001010,4
080770007002016,4
080770015024057,4
080770013043020,4
080459519011023,4
080459518034006,4
080490001001340,4
080459516001019,4
080490001002066,4
080299651002081,4
080770010012008,4
080459516001079,4
080459519012010,4
080579556001267,4
081070003001128,4
080770018001103,4
080770014033044,4
080579556001543,4
080459518042034,4
080299646003017,4
081070008002088,4
080459521004005,4
080459521001113,4
080770002001001,4
080770009001068,4
080770018002098,4
080299649002076,4
081070003001126,4
081039511002000,4
081070008002027,4
080810006002013,4
081070008002038,4
080490002072163,4
080810006001461,4
080459518032022,4
080459518041016,4
080299646003001,4
081039511002063,4
081039511001159,4
080770011042012,4
081070003001172,4
080459518034048,4
080770019001160,4
080770017031013,4
081039512001267,4
080770015023082,4
080770015022038,4
081039511002062,4
080770008011046,4
081070006002011,4
080490002072151,4
081039512001153,4
081070001002023,4
080810005006003,4
080810006001252,4
080299652022043,4
081070001002101,4
080459520042038,4
080579556001244,4
081070005003040,4
080770015023093,4
080770018002000,4
081070008001084,4
080490002042013,4
081039511002021,4
080490001002029,4
080770015021013,4
080459520032025,4
080810005002010,4
080490002062061,4
080299646002047,4
080770015024012,4
080770018002168,4
080459520032010,4
080770018002230,4
081039512001214,4
080299647003069,4
081039512001188,4
080299646002000,4
080770018002179,4
080490002061004,4
080299651002043,4
080810004001012,4
080490002061026,4
080299650011004,4
081039512001055,4
081039511001020,4
081070008001104,4
081070007021005,4
081070003001134,4
080579556001079,4
080770003002003,4
080459521004050,4
080459518034027,4
080459521003008,4
080770015021002,4
080810006002006,4
080770013042010,4
080579556001028,4
081070008001091,4
080490002051035,4
080770014021041,4
080810006001544,4
080770011041010,4
080459520031051,4
080770010023036,4
080299651002092,4
081070001002106,4
080459519012017,4
080770011032005,4
081039511003043,4
080810006001392,4
080579556002033,4
080770013021021,4
080459520012009,4
080459519022003,4
081039512001236,4
080579556001542,4
080770017033012,4
080770018001094,4
080459519011064,4
081070003001191,4
080459518021040,4
080770015023023,4
080299646004035,4
081070001002000,4
081070001001052,4
080459520011008,4
080490002061080,4
080490001001217,4
080299652021045,4
080490001001151,4
081039511002018,4
080299650013022,4
080490002051087,4
080299651003004,4
081039511002292,4
080770017023021,4
080770006014006,4
080579556001221,4
080579556001043,4
080770003001033,4
080770018002026,4
080299648004037,4
081070005002040,4
080579556001534,4
081070003001093,4
081070008002053,4
080770018002196,4
080459518032044,4
080299651003031,4
080770015042052,4
080579556001140,4
080490002041010,4
080770018002088,4
081039511003001,4
081070004002014,4
081070006001013,4
080490001002090,4
080490001001302,4
080770010023037,4
080810006002225,4
080810004003026,4
081070003001153,4
080810006001570,4
080770008022034,4
080490002072028,4
080810005006025,4
080490002062035,4
080770018001083,4
080459519012012,4
080459521003007,4
081070007011003,4
080459521001202,4
080770019001069,4
081070001002022,4
080810006002018,4
081070004001025,4
080770013021020,4
080490001001057,4
081039512001058,4
080770017022040,4
080770017031018,4
081070003002016,4
080490002042032,4
080459520013008,4
080579556001203,4
080490001001167,4
081070007011006,4
081070002001051,4
081070006003013,4
080810004003018,4
080459516002024,4
080770016002049,4
080770013021085,4
080810006002010,4
080770016001020,4
080459521001184,4
080770014021003,4
080770015023124,4
081039511001047,4
080459520013014,4
081070003001071,4
080459519012070,4
080490002051053,4
080459518034039,4
081070004003002,4
080770007003030,4
080459517012011,4
080459521001224,4
080459520031156,4
080770017064013,4
080299646004013,4
080459519023002,4
080770018001058,4
081070004002021,4
080459518041031,4
080770015022073,4
080770018002127,4
080770010023016,4
080770016002064,4
080459521003032,4
080770019001138,4
080810006001055,4
080579556001159,4
080770015023122,4
080490002072027,4
080770008012051,4
080459520032026,4
080490002072081,4
081070002001005,4
080490001001239,4
080770017064007,4
080490001001264,4
080490001001304,4
080299652011000,4
080299649001019,4
080810006001056,4
080810006002195,4
080770008021039,4
080459518031008,4
080490001001203,4
080490001001279,4
080579556001163,4
081039512002007,4
081070008002048,4
081039511002030,4
080490001001187,4
080459520031084,4
081039511004012,4
080579556001311,4
080770011021002,4
080770017023015,4
080299650013011,4
080810006002272,4
080579556001095,4
080299652011023,4
080490002072114,4
080299649002073,4
081070001002021,4
080770009001016,4
080770004001003,4
080299646002037,4
081070003002033,4
080770019002010,4
080810006002050,4
080770019003008,4
080770018001018,4
080770010024010,4
080770018002271,4
080490001001026,4
080490002032041,4
080770012001008,4
081039512001241,4
080770014031012,4
080299649001053,4
080810006002049,4
080770008011039,4
080490002042056,4
080770014033007,4
080299648004002,4
081070003001042,4
080579556001099,4
080459519011051,4
080770014023030,4
080459519013027,4
080770017053017,4
080459521001208,4
080770014021026,4
080770009002009,4
080770015043012,4
081070008002072,4
081039511003026,4
080810006001377,4
080770002002004,4
080770017064024,4
080770018002115,4
080490001001049,4
080770017024035,4
080770014031054,4
080459518041030,4
080770014042015,4
080770018002269,4
080810004003020,4
080579556001399,4
080579556001391,4
080490001001181,4
080299651001025,4
081070001001031,4
081070005001015,4
080770014023048,4
080770010013007,4
080770015024015,4
080770017051002,4
080459519012067,4
080770011031017,4
081070001001014,4
081070001002126,4
080810006001100,4
080770010024030,4
080299650013001,4
081070008002020,4
080299646002022,4
080579556001323,4
080579556001278,4
081070001002008,4
080770013031001,4
080810003001043,4
081039512001163,4
080810006001202,4
080490002062066,4
080299649003004,4
081039512003033,4
080770019001067,4
080299646004037,4
081039511001136,4
080490001002099,4
080490002061069,4
080579556001459,4
080770009001055,4
081070003001047,4
080770006013008,4
080810004004005,4
080579556001166,4
080810006001201,4
080770010023027,4
080299648002012,4
081070005002001,4
081039511001008,4
080810006001365,4
081070008001065,4
081070002001043,4
080299648001024,4
080770011044011,4
080770018002261,4
080770018002035,4
080579556001182,4
080299650021001,4
080299652012021,4
080490002071061,4
081070002001007,4
080299647002009,4
080770002001014,4
080770015021025,4
080770015022060,4
080810006001037,4
080770018002220,4
080459517021004,4
080770009002019,4
080770010011012,4
080770018001008,4
080459521001159,4
080579556001465,4
080459519011030,4
080770015044008,4
080810004003000,4
080770009001080,4
080459520031137,4
081070004003005,4
080770008021031,4
080459519022047,4
081039511002290,4
080490002052035,4
081070007012019,4
080459521001169,4
080770004003006,4
080810005004012,4
080770015021015,4
080770017051020,4
080770009002050,4
080490002051034,4
080459520032007,4
081070008001006,4
080579556001287,4
080770002002016,4
080459520012019,4
080770018002284,4
080470138012021,4
080579556001341,4
080770015023007,4
080770013021062,4
080459519012051,4
080770011021025,4
080459519011074,4
080770010011024,4
081039511004041,4
080770011023014,4
080810006001399,4
080459520044031,4
081070008001071,4
080770017024005,4
080810003001084,4
080299651002026,4
080299650011007,4
080299647003029,4
080299647003046,4
080459518041013,4
080490001001213,4
080770011044000,4
080459519012006,4
080459521001226,4
080770013023002,4
080770014043009,4
080770017052000,4
081070005004009,4
080490002032005,4
080459517012034,4
080459519012084,4
080770011021036,4
080770017052004,4
080490002072148,4
080579556001513,4
080810006001314,4
081070008002008,4
080299647001002,4
080579556001337,4
081070005003006,4
080579556001362,4
081070007031006,4
080810003001059,4
080490002062030,4
080299649001062,4
080810004001013,4
080770018002143,4
081070001001036,4
080770015021009,4
080770013043013,4
080299652022014,4
081039511001034,4
080579556002050,4
080770011022020,4
081070008001109,4
080770017051015,4
080490001001283,4
081070001002089,4
080490001001053,4
080770015023048,4
080770012002017,4
080770006025006,4
080770011043013,4
080810006001023,4
080459519023007,4
080459519024032,4
080459517011009,4
081070004003030,4
080299651002011,4
080770007002025,4
081070008002047,4
080770018001127,4
080770018001062,4
080770014022000,4
081039512001164,4
080810006001019,4
080770015024013,4
080470138012009,4
081039511002155,4
080770015043028,4
080490001001016,4
081039511001102,4
080770004002020,4
080490001001240,4
080810003001010,4
080299648004036,4
080770018002242,4
080770017031010,4
081039511003044,4
080299646002015,4
080810006001513,4
080299646004000,4
080810006001077,4
080299650013005,4
080770014044009,4
080459519011049,4
080459518041019,4
080810005003007,4
080299646004026,4
080770018001085,4
080810006002141,4
080810006001028,4
080299646003032,4
080490002052042,4
080490002072162,4
080770006013000,4
080490002061035,4
080490001002062,4
080810006002276,4
080459516003005,4
080459516001106,4
080770013022010,4
080770017023008,4
080490002072170,4
080490002062058,4
080490002032060,4
080810006002210,4
081070008001108,4
080770017022060,4
080770014023021,4
080770016001056,4
080770019001174,4
081039511002257,4
080770015022057,4
080579556001302,4
080130137052027,4
080770015022083,4
080299651002001,4
080490002072164,4
080810006002029,4
080299652022037,4
080770006012012,4
081039511002032,4
080770015021012,4
080490001001002,4
080770011021006,4
080810006001075,4
080459521001082,4
080810006001548,4
080770006022004,4
081070005002024,4
080299648004039,4
080810005005018,4
080770015024039,4
080490002053053,4
080490002072015,4
080459520041005,4
080459520031019,4
080459521004018,4
081039511002264,4
080459521001167,4
080770018002019,4
080770015042014,4
080299651003038,4
080810004004028,4
081070008002065,4
080770016002002,4
080770011031019,4
081039512003001,4
080459520042008,4
080770012001027,4
080579556001248,4
080770015023018,4
080490001001101,4
080770015023086,4
080459521001206,4
081070008001030,4
081070003001082,4
080459521004045,4
080810006002125,4
081070008001133,4
080459516001105,4
080459517024004,4
080770015023106,4
080459516001023,4
081070005001005,4
080490002053007,4
080459517023018,4
080299650022010,4
080770009001057,4
081070001002034,4
080770015023000,4
081070008001117,4
080770014041011,4
080770013043001,4
080490001002088,4
080770013023033,4
080299652011024,4
080770017053019,4
080459519024036,4
080770014031038,4
080490001002057,4
080810003001080,4
081070004001008,4
080810006002295,4
080770015043014,4
080299646003036,4
080459520044044,4
081039511002250,4
080770008021020,4
080490002071026,4
080770015022047,4
080459520032002,4
080459518042013,4
081070002001062,4
080459518021043,4
081070008001142,4
080770008021069,4
080770009001087,4
081039511001163,4
080459520041011,4
081070001002108,4
080299646003009,4
080299652022031,4
081039511002145,4
080470138012043,4
080459518022028,4
080459519011082,4
080459516003037,4
080770018001088,4
080299647002061,4
080299649001015,4
080810006001139,4
080299652012022,4
080459518043000,4
081070003002034,4
080770002001012,4
080299646002010,4
080459520011012,4
080770013023042,4
080770013032029,4
080770015021011,4
080459516002008,4
080459520041021,4
080770017022019,4
080579556001539,4
080770018002057,4
081070001002174,4
080299648001005,4
081070003001108,4
080770006011001,4
080770013044004,4
080490002032016,4
080770019001205,4
080299652012012,4
080299651003033,4
080770015043039,4
080490002072053,4
080579556001521,4
080459519024023,4
080810003002013,4
080770009002053,4
080770014021022,4
080770019001199,4
080459520032014,4
081070001002156,4
080579556001276,4
080810003001015,4
081039512001102,4
080459519013001,4
080579556002058,4
080770019003059,4
080770015021005,4
080459518022046,4
080770013032025,4
080299649002069,4
080770019001196,4
080770014044013,4
080490001001042,4
080299652012004,4
080459520032034,4
080810005006004,4
080810006001177,4
080770013031012,4
080770019001009,4
080810006002048,4
080579556001200,4
080770007003009,4
080770004004014,4
080770017052025,4
080770002001024,4
080459519021024,4
080770014022005,4
081070008002006,4
080810005001002,4
080770010013032,4
080459519011004,4
080299652012019,4
080770011031001,4
080459516002006,4
080770010011011,4
080459516001000,4
080490002062080,4
080810006001339,4
080770006012016,4
080770017072017,4
081039511003039,4
080770015022070,4
080459520031003,4
080810006001358,4
080459521001132,4
080579556001179,4
080299650021032,4
080770011032006,4
080490002051023,4
080770018001072,4
080770015043017,4
080810003001038,4
080770009002025,4
080770017032020,4
080770006014010,4
081070001002133,4
080770008022003,4
080770019001180,4
081039511002248,4
080770015021042,4
080490002041053,4
080770013022019,4
080810003001068,4
080299646002019,4
080459520031097,4
080459518032041,4
080299650013000,4
080299652021022,4
080459519022006,4
080490002072012,4
080770011042014,4
081039511002247,4
080770014041015,4
080299651002070,4
080299646004046,4
080770017052011,4
081070008001088,4
080770009001065,4
080579556001470,4
080770017022037,4
080810006001528,4
080770006024001,4
080770019001206,4
080810006002047,4
081039512003008,4
080770017051016,4
080299652021034,4
080770017073045,4
080299650011035,4
081039512001167,4
081039511004015,4
081039512001139,4
080770005001008,4
080459518042026,4
080459519012026,4
081039511001014,4
080770014022026,4
080490002072071,4
080810005005007,4
080770011042001,4
080459516001075,4
081070002001017,4
080810006002178,4
080810004003022,4
081070003002028,4
080490002051022,4
081070006001021,4
080770013023014,4
080810006002191,4
080770019003017,4
080770011024042,4
080770013042002,4
080770011021000,4
080810006001033,4
080579556002006,4
080459520032081,4
080459518021002,4
080299646004030,4
081039512002000,4
081070002001031,4
080299649001008,4
080810006001059,4
080770004004023,4
080770015043021,4
080490002032019,4
080810006001545,4
080810006002284,4
080770013021002,4
080770015022088,4
080579556001298,4
080770015041051,4
080810005002026,4
080299646001042,4
080770015041002,4
080770018002112,4
081039511002087,4
080770018002169,4
081039511002193,4
080770014023025,4
080810006001156,4
080770013023012,4
080770017022043,4
081039511002060,4
080770018002148,4
080810006002021,4
081039511002255,4
080770018002237,4
080490001002049,4
080770017064017,4
080770014043016,4
081070002001061,4
080810006001079,4
080770015021056,4
080490002051036,4
080770015032035,4
080490001001005,4
081070001001044,4
080770010024001,4
081039511002124,4
080490002072141,4
080770013022038,4
080770017073034,4
080810003001070,4
080770017033004,4
080770019001091,4
080579556001173,4
080299647001009,4
080770008011062,4
080490002072157,4
080770014031040,4
080490001001206,4
080810006001182,4
080770018002014,4
080770017033002,4
080770013022004,4
080810006002196,4
080579556001138,4
080459518031011,4
081070008001015,4
080770014023000,4
080490002051052,4
081070004002022,4
080459519024046,4
080770018002037,4
080770019001095,4
080299652011012,4
080459521004048,4
080299648004008,4
080490002051113,4
080810004002000,4
080299648001022,4
080299649003001,4
080299652011016,4
080490002061029,4
080459519023011,4
080770010013018,4
080579556001524,4
080579556001217,4
080459520031082,4
080459518021004,4
080770017031000,4
080810005001025,4
080490002071028,4
080810006002246,4
080770008012033,4
080299649001036,4
080459518032053,4
080579556001061,4
080459519012009,4
080770009001053,4
080579556001070,4
080770011042006,4
080459520031002,4
080770017072002,4
080770013023006,4
080459519011075,4
080770019001120,4
080299652022010,4
080770015031024,4
080810006001010,4
080810006001054,4
080459521001193,4
080299649003033,4
080459521003016,4
080810006001214,4
080770015042051,4
080470138011013,4
080459521001063,4
080810006001018,4
080490001001113,4
080459518021069,4
080770006013004,4
081070003001121,4
081070005002030,4
080459521001100,4
080459517021002,4
080770017072029,4
080770015022000,4
080770004004007,4
080770008011031,4
081070001001021,4
080490001002080,4
081070006001027,4
080490002041052,4
080770014021047,4
080459518031003,4
080770018002228,4
080810006001038,4
080459519021005,4
080770008011028,4
080770006025014,4
080579556001343,4
080490001002078,4
080459520031055,4
080770006014002,4
081070001002083,4
080459521001047,4
080770014033045,4
080459519021032,4
080579556001048,4
081039511002159,4
080770018002199,4
080459518034053,4
080490001002004,4
080299649002029,4
080459519022014,4
080490002072105,4
080770013042023,4
080299646002044,4
080490002062005,4
080459520043009,4
080770010022008,4
080770014021020,4
080770003001041,4
080299647003053,4
080459519013012,4
080490001002040,4
080490002053042,4
080579556001139,4
080770009001054,4
080770012002029,4
080770011021014,4
080810004003025,4
080770014043013,4
080299651002100,4
080770008011021,4
080810006002203,4
080810006001031,4
080770018002066,4
080770013023008,4
080770015044030,4
080459521001123,4
080770015032000,4
080459516003007,4
080459516001080,4
080770010023005,4
080770011024001,4
080770019001165,4
080810005005012,4
080490002052003,4
080770011031022,4
081039511002010,4
080770006022008,4
080810006002252,4
080299651002005,4
080299652021032,4
080299648004043,4
080459521001106,4
080770015041003,4
080770007001017,4
080770007003011,4
080770017053018,4
080490002072016,4
080770014023058,4
080810004005011,4
080299648001009,4
080459520031077,4
080299650012023,4
080490001002100,4
081070001002129,4
080490002072017,4
080810006002060,4
080459520031042,4
081039511001033,4
080770011032027,4
081039512001022,4
080299647001032,4
080770015041013,4
080490002072166,4
080770015032033,4
080459518034003,4
080459518041025,4
080770015023024,4
080579556001481,4
081070001002073,4
080459520041023,4
081070003002020,4
080770008021023,4
080770016001006,4
080459517021014,4
080459519024012,4
080459520032020,4
080770007003018,4
081039511004058,4
080810006001518,4
080770010024031,4
080490002061088,4
080770004001013,4
080579556001471,4
080490002051057,4
080770018002275,4
080770010011018,4
080770007001005,4
080459518043014,4
081070004002026,4
081070007031004,4
080579556001153,4
080459520031050,4
081070003001002,4
080770009001013,4
080299650013020,4
080770010011021,4
080299646003000,4
081039512001105,4
080770018001097,4
080770014041008,4
081070007012016,4
080810006001584,4
080299647003055,4
080770018002034,4
080770005001000,4
080770014022037,4
080770019003000,4
080810006001085,4
080770003001001,4
080459521001098,4
080459520031132,4
080299646002033,4
080459517012039,4
081039512001218,4
080770015042017,4
081039511002189,4
080770004001005,4
080770015022091,4
080770009001009,4
081070003002043,4
080579556001520,4
080459521001221,4
080770002002027,4
080810006001266,4
081039511002240,4
080770019001084,4
080299651003010,4
080459520042042,4
080770018002058,4
080810005005010,4
080810006001328,4
080470138012034,4
080459519012055,4
080459517012009,4
080459521001074,4
081070002001026,4
080299647001022,4
080770010013035,4
080770013023029,4
080459521004002,4
081039512003038,4
080459519012075,4
080810006002189,4
081070003001139,4
080459518022059,4
081039511002249,4
080299650021029,4
081070003001053,4
080770013021025,4
081070001002157,4
080770007001025,4
081070001002020,4
080459516001025,4
080770015022067,4
080810006001179,4
080770019002001,4
081070001001002,4
080459518042011,4
080770017073015,4
080579556001206,4
080490001002087,4
081070001002104,4
080459520042009,4
080299652021016,4
080770008011022,4
080459521001062,4
080810006002216,4
080490002042012,4
081070001002077,4
080810006002063,4
081039512002034,4
080579556001183,4
081039512001018,4
080299647002076,4
080299647003006,4
080770018001053,4
080810006002205,4
080459521001219,4
080770015024069,4
081070003001175,4
080770007002011,4
080770019001140,4
081070007021001,4
081039511002056,4
080770010013015,4
081039511002039,4
080490001001230,4
080810006001393,4
080810006002001,4
080299649001025,4
080490001001232,4
080490002061077,4
080770014023014,4
080770017061003,4
080299647003038,4
080299651001040,4
080770008022031,4
080490001002027,4
080770019003074,4
080770010013017,4
080579556001135,4
080810005003011,4
081039512001023,4
080770014021015,4
080299647001004,4
080299652011003,4
080490002051132,4
080770015041008,4
081070008002082,4
080770016002017,4
080770019001127,4
080810006001391,4
080459519013031,4
080579556001284,4
080770011024011,4
080770008012041,4
080770014043002,4
080770011042020,4
080770004001000,4
080490002072008,4
081070003002057,4
080459520032043,4
080459519011041,4
080770008022049,4
080770018002236,4
080459521002020,4
081039512001273,4
081039512001129,4
080770019001203,4
080299652021000,4
080130137053037,4
080459519012052,4
080299651002008,4
080770010012010,4
080810006001078,4
080770013032000,4
081070006001015,4
080770007001014,4
080770010024011,4
080459518033002,4
080770011022013,4
080770011023003,4
081039511002237,4
080459516001038,4
080490001001277,4
081070004003027,4
080490002051073,4
080459519011059,4
080770017022052,4
080299650021016,4
080490002052009,4
081070008001029,4
080770009002008,4
080770014044029,4
080459520031131,4
080770015022066,4
080770014041004,4
080770019003021,4
080299649002000,4
080770003001015,4
081039512001122,4
080299651003016,4
080770014033029,4
081039511001122,4
080459519023012,4
080459520032023,4
080459521002000,4
080770018002234,4
080459518032016,4
080770016002019,4
080770008022020,4
080490002072026,4
080490002061025,4
080770011044004,4
080459520044000,4
080810006001005,4
080459520044001,4
080579556001060,4
080810005005017,4
080770015041012,4
080770009001045,4
080579556001376,4
080810003001017,4
080770016001033,4
080459518022057,4
080770015042013,4
080490002051072,4
080770015041007,4
081070003002000,4
080459519011027,4
080459521004047,4
080490002061015,4
080299652011022,4
080810006001345,4
081039512001138,4
080490002052044,4
080770017062006,4
080459518022011,4
080459517011006,4
080770015022018,4
080770002002020,4
080770015044013,4
080770015041000,4
080810004003013,4
080770017021009,4
080299646002039,4
080459518031000,4
080459519013017,4
080490002072104,4
080299652021020,4
081039511001055,4
080770017071006,4
080459520032060,4
080770014021010,4
080810006002152,4
080490002032011,4
080770002001000,4
081039512001253,4
080579556001333,4
080490001002032,4
080459518021020,4
080770007002015,4
080459520042032,4
081070003001065,4
081070001001054,4
080770017031014,4
080770014042014,4
080810004002010,4
080770017022028,4
080770018002068,4
080490002051029,4
081070005004043,4
080770016002051,4
080810003001006,4
080579556001184,4
080770015024046,4
080459520042024,4
080459521001089,4
080810006001550,4
080459516001044,4
080579556001082,4
080810006002241,4
080770019003060,4
080459520032077,4
080459519011044,4
080770008021004,4
080459520041022,4
080770019001087,4
081039511002064,4
080770008022014,4
080490001001072,4
080299651003041,4
080299649001043,4
080579556001074,4
081039511003007,4
081070008002052,4
080770012002019,4
080770017064000,4
080810006001003,4
080770011032029,4
080810006002258,4
081039512001189,4
080459518032026,4
080459521003005,4
080299646001009,4
080490002062046,4
080810006001101,4
080299649001054,4
081070002001027,4
080770013044013,4
081039511002105,4
081070005002022,4
080770010023002,4
080299651002054,4
080770004004011,4
080810004004006,4
080579556001382,4
080770017021007,4
080299649003020,4
080459519013007,4
080770008012065,4
080810006001535,4
080810006002218,4
080810006001223,4
080770018002226,4
080490001001310,4
080579556001514,4
080459517023001,4
080770002002005,4
080490001001247,4
080490002041058,4
080459521003037,4
080490001001246,4
081070008001087,4
080810005002008,4
080299647002020,4
080459516001098,4
081039512002020,4
080459518034044,4
080810006001380,4
080770015023099,4
080810006001198,4
080770015022089,4
080459520031118,4
080299650012030,4
080810004003010,4
080770012002010,4
081070005004036,4
080459521001070,4
080579556002049,4
080770015033018,4
080770015022097,4
080490002031002,4
080459516003040,4
080770017071013,4
081070002002011,4
081070001002176,4
080770010013002,4
080770013032041,4
081070001001010,4
080810003002021,4
080770008012061,4
080490002072067,4
080299651001023,4
080490002053032,4
080770016001055,4
080490002051044,4
080299646001022,4
080810005002017,4
080459521001126,4
080770002002023,4
080490002041027,4
080299648001007,4
080810006001108,4
080299648004014,4
081070006003020,4
080770015041059,4
080459520043012,4
080490002071020,4
080810003002007,4
080770018002103,4
080459516003012,4
080490001001161,4
081070008001081,4
080490002042017,4
080490001002111,4
080810006001555,4
080770012001010,4
080810006002234,4
080490001002037,4
081039512003028,4
080810006002095,4
080299652022044,4
080770013031013,4
080490002061050,4
080459520043007,4
080299651003002,4
080770003001017,4
080459518022027,4
080770017073047,4
080490002051006,4
080579556001268,4
080299650022026,4
080490001001196,4
080579556001460,4
080459516001100,4
080810005001030,4
080770017032013,4
080579556001430,4
080579556001042,4
080459517013001,4
080459519024053,4
080579556001015,4
080770016001038,4
081070005003014,4
080459518021013,4
080810006001420,4
080459520042005,4
080770015022009,4
080490002071047,4
080459520042013,4
081039511002054,4
080810003001008,4
080579556002045,4
081070001002110,4
080770014032019,4
080299646002043,4
080810006002273,4
080299648001006,4
080770015021047,4
080770015032039,4
081070007032003,4
080579556001164,4
080299651001053,4
080459520031092,4
080490001002072,4
080459518021041,4
080459519013018,4
080770014031017,4
081070002001018,4
080770009002051,4
080770018002156,4
080770011043017,4
080490001001328,4
080130137053016,4
080770013032051,4
080770015031000,4
080810006002075,4
081039512002046,4
080770017072016,4
080299649002012,4
080810006002090,4
080770006021006,4
081070005002013,4
080579556001293,4
081070008002067,4
080299649001024,4
080299649001006,4
080459520031026,4
080299651001008,4
081070001001048,4
080459520011022,4
080299652012003,4
080770017051014,4
080810003001071,4
081070002001021,4
081070001002179,4
080810006002084,4
080459519012028,4
080579556001290,4
080770019003034,4
080459519023020,4
080810003001076,4
081070003002004,4
080299652011010,4
080459518021038,4
080299652021017,4
080770013032033,4
080490001001131,4
080770015031021,4
081070008001056,4
080810006001394,4
081039511004010,4
081070007012001,4
081039511001021,4
080770011041017,4
080459516001052,4
080490002051009,4
080459521001204,4
080459521001118,4
080770014032015,4
080459517023014,4
080579556001027,4
080459516002014,4
080490002053005,4
081039512001016,4
080459521001086,4
080770017033005,4
080770007003012,4
080459520031058,4
081070008001018,4
080770003001019,4
081039511004032,4
081070005003025,4
080459520044041,4
080459518021042,4
080459520013000,4
081039512002023,4
080810006001519,4
080490001001335,4
080770018002122,4
080299646003014,4
080459519012027,4
081070008001003,4
081070001002006,4
080579556001057,4
080770013032039,4
080770011022017,4
080459518022047,4
081070003001133,4
081039511002068,4
080459520012022,4
080770015044023,4
081070002001013,4
080459521001168,4
080770013031030,4
080490002062024,4
080770013023018,4
081070003002015,4
080299649002021,4
080770016002054,4
080490001001069,4
080459519012036,4
080770008011057,4
080459521004003,4
080579556001002,4
081070001001008,4
080810005001014,4
080299650022030,4
080459519011046,4
080770014043007,4
080459520042016,4
080810006002208,4
081039511002134,4
080770019002042,4
080459518021062,4
080490001001111,4
080299647002067,4
081039512001077,4
080299648004066,4
081070008001120,4
080770018001017,4
081039512001073,4
081039511002090,4
080770008021019,4
080770018001060,4
080459519012011,4
080810003001002,4
080299646004043,4
080810003001074,4
080770014023032,4
080810006001269,4
081070005002028,4
080770019001164,4
080299650022014,4
080810006001207,4
080299649002011,4
080490002061081,4
080770014023066,4
080459516001104,4
080770016001019,4
081070003002010,4
080459520043008,4
081070001002056,4
080459517011000,4
080490002041021,4
080299652011028,4
080770009002055,4
080770017021002,4
080770011043020,4
080459517013007,4
080770017022002,4
081070003001199,4
081070008001118,4
080770015022001,4
080490002061047,4
080459516001009,4
080579556001143,4
080770017063005,4
080770018001117,4
080459518022054,4
081039512001001,4
080810006002110,4
080770013021068,4
080490002031010,4
081039511001139,4
081039512001075,4
080770003002023,4
080299652012009,4
080770006023002,4
080579556001475,4
080459519013022,4
080770015024025,4
081039512003018,4
080770014031001,4
080490001001015,4
080770013022043,4
080579556001220,4
080299648002032,4
080459521002001,4
080810006001172,4
081070007012004,4
080299646004038,4
080459517024005,4
080490002031009,4
080770011041027,4
081039511002226,4
080770017053014,4
080579556001226,4
081070007032024,4
080299647002006,4
080459516003033,4
080770019001185,4
080770015022051,4
080299650011001,4
080299648004079,4
080459516001011,4
080579556001474,4
080299651002079,4
080770017072035,4
080459517024008,4
080299650022002,4
080490002031008,4
080770008021011,4
080459521003011,4
080299649001040,4
080810004004020,4
081070002002032,4
080770015021026,4
080770014021002,4
080770007001011,4
080810006001559,4
080490002072072,4
080299650013049,4
080490002051122,4
080810006001152,4
080770015044045,4
080810006001359,4
081070003001213,4
080459520042026,4
080770014033052,4
080770011042021,4
080770019003057,4
080490002051020,4
080459519022021,4
080490002031005,4
080770009001044,4
080770006014003,4
080770011022019,4
080299647003054,4
080810006001424,4
080770015044019,4
080490002062053,4
080490001001145,4
080299647001006,4
081070003001020,4
080459521002009,4
080770011023024,4
080770017064006,4
080770018001026,4
080770014022006,4
080299651001013,4
080459519012048,4
080810006001195,4
080770008012018,4
080459518022007,4
080579556002020,4
080810006001421,4
080459516001033,4
080770017021008,4
080770017072045,4
080459521002008,4
080770011023006,4
081039512001028,4
080770018002291,4
080770004002009,4
081039511003054,4
080770008012066,4
080810004005013,4
081039512001046,4
080299650011028,4
080810006001220,4
081070008001000,4
080579556001045,4
080299651002064,4
080810006002147,4
081039511004017,4
080490001001226,4
080810006002014,4
080770016002033,4
080770013031019,4
080770015023017,4
080299650012020,4
080459520011019,4
080770019002038,4
080459521002013,4
081070007032000,4
080490001001098,4
080770007002000,4
081039512001247,4
080459517012018,4
080770011022006,4
080459521001161,4
080490002042007,4
080299651003022,4
080770012002005,4
080770018002094,4
081070001001051,4
080459517012022,4
080770002001006,4
080810006001300,4
080579556001152,4
080810006002059,4
081070005002026,4
080490002052008,4
080770008011065,4
081039512001240,4
080459520043021,4
080490002041004,4
080299651003026,4
080770014022032,4
080770018002276,4
080770011044016,4
080299649003030,4
080459521002021,4
080770011022011,4
080579556001091,4
080490002042000,4
080459519011032,4
080770017022029,4
081070008001055,4
080299649001023,4
080459520031081,4
080459518022008,4
080770015023020,4
080459519011002,4
080770017021000,4
080810006002061,4
081070002001054,4
080770013042006,4
080490002041016,4
080770013021000,4
080459517024018,4
080770019001116,4
080490002031019,4
080770018002038,4
081070005003005,4
080770013031032,4
080490002072011,4
081070005004022,4
080459520012027,4
081070003001210,4
081039511004022,4
080459519011024,4
080770008011061,4
080490001001084,4
080490002051051,4
080459518041009,4
080770011024010,4
081070008002058,4
080770017052024,4
080459520044046,4
080770005001009,4
080579556001420,4
080770013021031,4
080770008022017,4
080490002072087,4
080299647002016,4
080810004004011,4
081070008001070,4
080770015031028,4
080770014043019,4
081070007022003,4
080579556001448,4
080770009001036,4
080459520031072,4
080490001002063,4
080770015031037,4
080770009001078,4
081070004002005,4
080459520031075,4
081070007012025,4
080459520043023,4
080299648001047,4
080770017024001,4
081039512001225,4
080770015023119,4
081070001001001,4
080490002053036,4
081070005003001,4
080459521001010,4
081039511002044,4
080770019002017,4
080299651002037,4
080770017021014,4
080770014043012,4
080770019001096,4
080459519011077,4
080770011044009,4
080770013023016,4
081039512002045,4
080770017033007,4
080299650012002,4
080579556001446,4
080810004003006,4
080770019003039,4
081039512001074,4
080770010012007,4
080770015023088,4
081070005002010,4
080299651003028,4
080459520044010,4
080770014023063,4
080770015044039,4
081070005002032,4
080770008022048,4
080579556001286,4
080299648002029,4
081070003001214,4
080299651002050,4
080459520043002,4
080810006002044,4
081070008001106,4
080770015033032,4
080770014033002,4
080299647001013,4
080770015021036,4
080490001001142,4
080459519023004,4
080810004005009,4
080299647002007,4
080490002052039,4
080490002042048,4
080490002072109,4
080459517022018,4
081039511003025,4
081070006002008,4
080770019001044,4
081039511002143,4
080490002051063,4
080490002051133,4
080459518042020,4
080810006001157,4
080459521001060,4
080770019001082,4
080459520032006,4
080770013023015,4
080299647001011,4
081039512001237,4
080770011043018,4
080490002052027,4
080770019001145,4
080770017022017,4
080579556001005,4
080459517021005,4
081039511002146,4
080770018002064,4
080770018001086,4
080770011021033,4
080459521001215,4
080770006012013,4
080459518021046,4
081070003001046,4
081070003001149,4
080459518032034,4
080770017022044,4
080579556001053,4
081039511002186,4
080459520031009,4
080770017053004,4
080299647003041,4
080770017064022,4
080299650011017,4
080490001001074,4
080490002051069,4
080299651002014,4
080459520041001,4
080810003001023,4
080770008022044,4
080770019001074,4
080810004001015,4
080770010023011,4
080770014044007,4
080770008012026,4
080490001001297,4
080770015032008,4
080579556002015,4
080299646001006,4
080579556001363,4
080770015022048,4
080810006002035,4
080810006001032,4
080770006025003,4
080810003001027,4
080770007001019,4
081070005001013,4
080770018001040,4
080459519024021,4
080490002041032,4
080299649003025,4
080459518034015,4
081070008002042,4
080459519024015,4
080770011041011,4
080770014033042,4
080459520042049,4
080299651001019,4
080299647002039,4
081039512001050,4
080810006001289,4
080770017073044,4
080770011024041,4
080299651001054,4
080810006001506,4
080770018002223,4
080459520044032,4
081070008001114,4
080810006001521,4
081039511002003,4
081070003001178,4
081039512001098,4
080459519024052,4
080810006002058,4
081070003001216,4
080459520032004,4
081039511001031,4
080770015024001,4
081070001002086,4
080770015031026,4
081070003001094,4
080490002071016,4
080490002071053,4
080579556001387,4
080490002072044,4
081039511002232,4
080770011041000,4
080770016001052,4
081070003002053,4
080770013022008,4
081070008002009,4
081039512001284,4
080770014022004,4
080579556001467,4
081039511002278,4
081039512001224,4
080770015033001,4
080810003002014,4
080299650012001,4
080770010013011,4
080579556002054,4
080459517012000,4
080299646002016,4
080810003001083,4
080810005002021,4
080459521004042,4
081039511002239,4
080299652011006,4
080810006002230,4
080770017063002,4
080490002042018,4
080770010011020,4
080770015021018,4
080490002031015,4
081070001002088,4
080299649002038,4
081070003001181,4
080579556001157,4
080770008021006,4
081070002002022,4
080459518021068,4
080459516002019,4
080299650011037,4
080810004004027,4
081070005002020,4
081039512002028,4
080770010012001,4
080299649003028,4
080770018001025,4
080490002052023,4
080810006001225,4
081039511003041,4
080459516002005,4
080299646002041,4
080770015044011,4
080579556001377,4
080459521001175,4
080459519024005,4
080770011023016,4
080770004002006,4
081039511004000,4
081070001002025,4
080579556002052,4
080770013032030,4
080459520031073,4
080770011024037,4
080770018001121,4
080459521001075,4
080770010012005,4
080459521001116,4
080770013022025,4
080299652011015,4
080459520031047,4
080459518034001,4
081039511003037,4
080579556002035,4
081070003001131,4
080770003001012,4
080459520031140,4
080459517024000,4
080810006002285,4
080299651002019,4
080770017073013,4
080770015023109,4
081070002002015,4
080459516001029,4
081070006001016,4
081039511002113,4
080579556001492,4
081070003002017,4
080490002072108,4
081039512001037,4
080299648002006,4
080770017021010,4
081039511002289,4
081070003002036,4
081039512003007,4
080299647003013,4
080770011021021,4
080459518041029,4
080490002052050,4
080810003001032,4
080770011023000,4
080770006011006,4
080770014023057,4
081070008001137,4
080490002062007,4
080490001001338,4
080770007003001,4
081070007012027,4
080770016001016,4
080770008011055,4
080770019001081,4
080770016001030,4
080459517012035,4
080459517021016,4
080459516001040,4
080770012002018,4
080579556001324,4
080810006001333,4
080770015033028,4
080459521004039,4
081070008002084,4
080299646004041,4
080770018001111,4
080810006001568,4
080459519022011,4
081070003001008,4
080299648002033,4
080770013031008,4
080459520032035,4
080459520041012,4
081070008002036,4
081039511003022,4
080459519012039,4
080299650022004,4
081070001002079,4
080490002072133,4
080490002072019,4
080579556001295,4
080459519023015,4
080459518034029,4
080579556001205,4
080770015031004,4
080770018002096,4
081039512003006,4
080130137053011,4
080770017031015,4
080770017032014,4
080299651002091,4
080810005005033,4
080770011044024,4
080770017063006,4
080299651002101,4
080770015022044,4
080459519023009,4
080299648004060,4
080770016001063,4
080770014023042,4
080579556001177,4
080770017071017,4
080770017023012,4
080299651002038,4
080490002072168,4
080459520032040,4
080299650012016,4
080810006002106,4
080770007001016,4
080490002072083,4
080490001002060,4
081070003001109,4
081070008001034,4
080459518032003,4
081039511003042,4
080490002051117,4
080810006001425,4
080459516001014,4
080770011042004,4
081039511001073,4
080810006001373,4
080490001001118,4
080490002071031,4
080459520011023,4
081039511002165,4
080770017032005,4
080770013042004,4
080810006001273,4
080770011021005,4
080770015022017,4
080299649001007,4
080459519021035,4
080579556001176,4
080490002061043,4
080459519011028,4
080810006001104,4
080459520043014,4
080770017072037,4
080770015021030,4
080770006011004,4
080459520044033,4
080459518032025,4
080770011031016,4
081070008001058,4
080770013021039,4
080770019001194,4
080770014031019,4
080770010023019,4
081070005002037,4
080299647002072,4
080490001001202,4
080490001002058,4
080459521002019,4
080459519022000,4
080810005003003,4
080770013023020,4
080770018002077,4
080299650022031,4
080770014033006,4
080299651003037,4
080770010012006,4
080490002061009,4
080810006002261,4
080770013032010,4
080770012001030,4
080459519012078,4
080299651001043,4
080579556001359,4
081039512001024,4
080770010024022,4
080299650013002,4
080810006002012,4
080459516003041,4
080770017052008,4
080490002051042,4
080459516001085,4
080459520032041,4
080770008012012,4
080770017053000,4
080459516001063,4
080770015023037,4
081039511001113,4
080770015023063,4
080810006002229,4
080459521001133,4
080770014033010,4
080770018002004,4
080810003001046,4
080770018002081,4
080299649002027,4
080459521001164,4
080490002053002,4
080299650021013,4
080299647002002,4
080459518042007,4
080770009002066,4
080770018002281,4
080770004004017,4
080770002001007,4
080459518042023,4
080770009001059,4
080459518031012,4
080770002001025,4
080770019001029,4
080299649001067,4
080299652012002,4
080490002061002,4
080459519012034,4
080770019003054,4
081070003001186,4
080459520031033,4
080459521004029,4
080770013023000,4
080490002051013,4
080770015023030,4
080810005001018,4
081070005002017,4
080770014023031,4
081070008001100,4
080459519013015,4
080459519024014,4
080770015024031,4
080770015021003,4
081070003001200,4
080810006001468,4
081039512001257,4
080299652022007,4
080770015032045,4
080459516002015,4
080770015042011,4
080770017072009,4
080459520043030,4
080770019003012,4
081070007011007,4
080770018002135,4
080770018002015,4
080770008012025,4
080770004001009,4
080770018002132,4
080770014023055,4
080770017071014,4
080810005001012,4
080810006002076,4
080299650011005,4
080299647003027,4
080299647002048,4
080770018002041,4
080459518034017,4
081070008001019,4
080770018001035,4
080459520044003,4
080459520032068,4
080810006001454,4
080299651001011,4
080770010011005,4
080579556001452,4
080810006002299,4
080770014043017,4
080459517022015,4
080770006025001,4
080299648004046,4
080810003002015,4
081039511002078,4
081039511003024,4
081070002001024,4
080770007001001,4
081070008001074,4
080770015024062,4
080490002041019,4
080459520044004,4
081039511002224,4
080810006002120,4
080459520041015,4
080459521001220,4
080459520013020,4
081039511001084,4
080770017052017,4
080770007001006,4
080490002072111,4
080770017022054,4
080770008021058,4
080770013021049,4
080770019003025,4
080490002041002,4
081039511002051,4
080459520031120,4
080770006014008,4
081039512001114,4
080770015023071,4
080770018002085,4
080810006002291,4
080810005005002,4
080459519011067,4
080579556001071,4
081039511003040,4
080770010023007,4
080770008021032,4
080770002001033,4
080490002032032,4
080770011023002,4
080770019001130,4
081039512001035,4
080130137053041,4
080810006002204,4
080459519011029,4
080299650013031,4
080299649002020,4
080810006001237,4
080810006001192,4
080490002051128,4
080770009001025,4
080770004004013,4
080770011041003,4
080770007002012,4
080459519012049,4
080459517024019,4
081039511002156,4
080770014031056,4
080490002032020,4
080459519011000,4
080770002001003,4
081039511002053,4
080810006002249,4
080299650012006,4
080459520043019,4
080459518032050,4
080770008021061,4
080299651003050,4
081070003002007,4
080459521003006,4
080770017062007,4
080459520031101,4
080770015023101,4
080299651002041,4
080770008012011,4
081039511001144,4
080459518022019,4
080770011022003,4
080490002052005,4
080770008021021,4
080459520011001,4
081039512001270,4
080490002051104,4
080490002072078,4
080299646004050,4
080770009001022,4
080770015024002,4
081070003002041,4
080459521001032,4
080810006001344,4
080810005003005,4
080770018002117,4
080459519022025,4
080770018002201,4
080770015041046,4
081039512001113,4
080299646001014,4
080299650013036,4
080579556001392,4
081070002001003,4
080810005005013,4
080459517012033,4
081070003002009,4
080459519023022,4
080490002041047,4
081039512003016,4
080770006025007,4
081070007021004,4
080770014033049,4
080579556001384,4
080459518021024,4
080770017022001,4
080459519012085,4
081070005003039,4
080459519022001,4
080459518032043,4
080770014033031,4
080770019001092,4
080770014031050,4
080459519013014,4
081039511002048,4
080490001001080,4
080459521001170,4
080770011041024,4
080770013032042,4
080770018002110,4
080770018002238,4
080770007003029,4
080299647001036,4
080490002042002,4
080770015024050,4
080810005002034,4
080299646003037,4
080770017022050,4
080770011021031,4
080579556001001,4
080770017023011,4
080770011044001,4
080770008011018,4
080490002032017,4
080299652022030,4
080770015023054,4
080299647003034,4
080299652021028,4
080459519013006,4
080459518021001,4
080490001001270,4
080459521002012,4
080490001002098,4
080490002042064,4
080770017022021,4
080770017022048,4
080770010012012,4
080299646001031,4
080810006001529,4
080810004004031,4
080770014044005,4
080299647002012,4
080299648004054,4
080299652012005,4
080299648002023,4
080299651003000,4
080770004003003,4
081039512001054,4
081070003001091,4
081039511001088,4
080579556001388,4
081039511001126,4
080490002061065,4
080490002032001,4
081070001002087,4
081039512001043,4
080770008022008,4
081070004001004,4
080459517024015,4
081039511002086,4
080490002052025,4
080810003002029,4
080459518042017,4
081039511001028,4
081070003001045,4
080810006002094,4
080770019003070,4
081039511002196,4
080490002061001,4
080459518022021,4
080299647002056,4
080579556001241,4
080770014022009,4
080770013041008,4
080770018001119,4
080770017053003,4
081070001002007,4
080810006001354,4
080770013021066,4
080299646002046,4
080810006002114,4
080770013021071,4
080770002001015,4
081039511001052,4
080770018002272,4
080459519024020,4
080770009001039,4
080490002071039,4
080810005002027,4
080470138012005,4
081070001001023,4
080490002072147,4
080810006001200,4
080299646004025,4
080770014033018,4
080579556001062,4
080770010012004,4
080299650011006,4
080579556001007,4
080810006001224,4
080770007001026,4
080770011024048,4
080770017023004,4
080579556001000,4
080770014022052,4
080770013032028,4
080459517022017,4
080770015021010,4
080770016002006,4
080810006002161,4
080810003001056,4
081070002001047,4
080810004004021,4
080770011043022,4
081039511002258,4
080770015023031,4
080770017051009,4
080770011023023,4
080459520031162,4
080459520044025,4
080490002062060,4
081070001002012,4
080490002061049,4
080459520031046,4
080490001001211,4
080770011024032,4
081039511002174,4
080459517023016,4
080459519024011,4
080810006002278,4
080299650013025,4
080770009002074,4
080810006001036,4
080459516002000,4
081070007022005,4
080770013031017,4
080459517021015,4
080490002053043,4
080490001001003,4
081039511003073,4
080770019001011,4
081039511001032,4
081070004001017,4
080459519022037,4
080579556001340,4
080770017032003,4
080490002052002,4
080770011032010,4
080810005006033,4
080810006001007,4
080770006023013,4
081039511001015,4
081070002001032,4
081039511001079,4
080470138012024,4
081070001002161,4
080770015033034,4
080299651003017,4
080770011024050,4
080810005006019,4
080459521003018,4
080770009002011,4
080770003001000,4
080459519013008,4
080459521002016,4
080299649002065,4
080810004002007,4
080299650012017,4
080490001001205,4
080490002062037,4
080299650013052,4
081039511003013,4
080579556001194,4
081039512001020,4
080770016001003,4
080299646001043,4
080470138012065,4
080810005006029,4
081070004003039,4
080770018001014,4
080459519011056,4
080810005001013,4
080770017062009,4
080490002062049,4
080770019002003,4
080770010011001,4
081039511001016,4
080770019001041,4
080770019002008,4
080770017023005,4
080490001001135,4
081070003001157,4
081070008001076,4
080810006001398,4
081070003001104,4
080299646003020,4
080459521001117,4
081039512003026,4
080770015022101,4
081070001001049,4
080770015022074,4
080459519012056,4
081070004003012,4
080299651002088,4
080770009002072,4
080770008021051,4
080459520042034,4
080770015043029,4
080299652022028,4
080770007003041,4
081070003001064,4
080770016001071,4
080579556001499,4
080459516001016,4
080299650012008,4
081070008002029,4
080299648004053,4
080299649001012,4
080459517011010,4
080299648004069,4
080459521001024,4
080459519024063,4
080810006002239,4
080579556002019,4
080770018002124,4
080579556001068,4
080770010011002,4
080299651002080,4
081039511002104,4
080770014023029,4
080579556001413,4
080770015023022,4
080770017033016,4
080299651003009,4
080770015041050,4
080810004005002,4
080810006002054,4
081070008001002,4
080490001001186,4
080770014033014,4
080770012002032,4
080490002072052,4
080459520041024,4
080459517012008,4
080770019001168,4
080299652021043,4
080459519012024,4
080810006001169,4
080459517012037,4
080490001002115,4
080770017051019,4
081039511002177,4
081039512001115,4
080579556001485,4
080490001001159,4
080770014023065,4
080459518034047,4
080490002032061,4
080490002032062,4
080299649001039,4
081070003001221,4
080459520042045,4
080770011041019,4
081039512001012,4
080490002062068,4
080579556001240,4
080810006001233,4
080490002072099,4
080459520043032,4
080770015021043,4
080770014031039,4
081039512001210,4
081039512001088,4
080459518041036,4
081070005004025,4
080770015024043,4
080770016001059,4
080459521001152,4
080770017024020,4
080770014042013,4
080770009002073,4
081039512001184,4
080770007003031,4
080299652012023,4
080770019001066,4
081039512001091,4
080490001001146,4
080459521001000,4
081039511003048,4
080459516002007,4
080770014044016,4
080770006012008,4
080770015041015,4
080770017051004,4
080459520032039,4
080459521004031,4
080810006001086,4
080299649002041,4
080299646003004,4
080299649001059,4
080810006002300,4
080770007001015,4
080490002041006,4
080579556001018,4
080459516002001,4
080770006021002,4
080770018001114,4
080299646002013,4
080810006001125,4
080770013042003,4
081070001002144,4
080459518034034,4
080459520012015,4
080810006001150,4
080490001001079,4
080810006002140,4
080770012001012,4
080770015021031,4
080770006013010,4
080299651001012,4
080579556002032,4
080299646004033,4
080770011023027,4
080459519024002,4
080459520012007,4
080810004005019,4
080299649001069,4
080810006001107,4
080459520032080,4
080490001001147,4
081039511001005,4
080770011024060,4
080490002042005,4
080770015042045,4
080299646002006,4
080579556001373,4
081070005002014,4
080770003001023,4
080810006001292,4
081070001002067,4
080579556002005,4
080299652022011,4
080770014022046,4
080770013032036,4
081070003001140,4
080490002051095,4
080299652022002,4
080770018002108,4
080770019001176,4
080490002072119,4
080490002071042,4
080459521001003,4
080490002072146,4
081039512001078,4
080299648004022,4
080770015033011,4
080770008011013,4
080810006002180,4
080770008012064,4
080810006001334,4
080810003001057,4
080579556001369,4
081039511002179,4
080770011041009,4
080770015033016,4
080770013021072,4
080299648002024,4
080459520031114,4
080770009002048,4
080490001001089,4
080299646001029,4
080490002071038,4
081070008002086,4
080459518041032,4
081039511001025,4
080459521001020,4
080299650022033,4
080810005001019,4
080770017051000,4
080459518034026,4
080770014023071,4
081070008002005,4
080579556002026,4
080770016002062,4
080770014023023,4
080770004003013,4
080490001001088,4
080810006002188,4
080810006001090,4
080770015043010,4
080770011044014,4
081039512002014,4
080770013044006,4
081039512001131,4
080459518041033,4
080770014044022,4
080810004003019,4
081039511004028,4
080299650013041,4
080459520011020,4
081070006003017,4
080459521004033,4
081039512001252,4
080770017024009,4
080770015043008,4
080299646004007,4
080490002051100,4
080770017072043,4
080299650011036,4
080770019001013,4
080770018001020,4
080770017051006,4
080810004003016,4
080770018001132,4
080810005005011,4
080490001002059,4
080770019001004,4
080579556001480,4
080770014022018,4
080770008012035,4
080459521004026,4
080299650013029,4
080459518034013,4
081039511001022,4
080770009001024,4
081039512003054,4
081039511003059,4
080299651003025,4
080490002072001,4
080770015024037,4
080490002052026,4
080490002071049,4
080770012002015,4
080459518022034,4
080490001002074,4
080770017072030,4
080490001001011,4
080770018002060,4
080770015042039,4
080770015021046,4
080770006011010,4
080770011024061,4
080810006001149,4
080810006002298,4
080770019003031,4
080459521004013,4
080459520043005,4
080490002062064,4
080579556001264,4
080810006001341,4
080470138012039,4
081070008002018,4
081070006001025,4
080459520032053,4
080770014023056,4
081039511002099,4
080490002062065,4
080770008011029,4
080770014021030,4
080459520031028,4
081070001002154,4
080810003001055,4
081039511001133,4
080299649001049,4
080770019003062,4
080579556001345,4
080490002041011,4
080459518032045,4
080810006001174,4
080770008011004,4
080459520031122,4
080299646002061,4
080770008012010,4
080770010024003,4
081039512003029,4
080770008012054,4
080770015031012,4
080810006002005,4
080579556002059,4
080459517024002,4
080299648004024,4
080770019001039,4
080770015021028,4
080770004004018,4
080299646003005,4
080299646003030,4
080490001001075,4
080770011031005,4
080490002051038,4
080810003002027,4
080770018002176,4
080490002041050,4
080459518034041,4
080299646001053,4
081039511002027,4
080459520031006,4
080490002052012,4
080579556001050,4
081070001002150,4
080490001001201,4
080490002072085,4
080459518021039,4
081070005002012,4
080579556001490,4
080770011043010,4
080770008021009,4
080459520041009,4
080770013023048,4
080770009002036,4
081039512001176,4
080770007003004,4
080770019001021,4
080770008021034,4
080459520032062,4
080810006001308,4
080459517013015,4
080770019001107,4
080770015023135,4
080770015041039,4
080459518033009,4
081070003001144,4
080299648002015,4
080459520031127,4
080810006002222,4
080459521001040,4
080770018002018,4
080299652021002,4
080770015021044,4
080770010021005,4
080770016001049,4
080459517012027,4
080810006001058,4
081039511001156,4
080459521004049,4
080490002062013,4
080770010021018,4
080770013023027,4
080770017032024,4
081070007031009,4
081070003001120,4
080770013041017,4
080299648004027,4
080459520031141,4
080770003001028,4
080579556001453,4
080770003001002,4
080770017023001,4
080459520031079,4
080299646001046,4
081070002002024,4
080299651003005,4
080810005006018,4
080299648001044,4
081039511001048,4
081070007012000,4
080299650021023,4
080490001001242,4
080490001002008,4
080770009002032,4
080770017052022,4
080459521001114,4
080490002051043,4
080459517013000,4
081039512001212,4
080770011024028,4
080459520044023,4
080770018002240,4
080770014033021,4
080579556001408,4
080579556001535,4
080459516001081,4
080459517013010,4
080299650011011,4
080810006002086,4
080459518033014,4
080299646003025,4
080810006002292,4
080299650021015,4
080770009002027,4
080770008022041,4
080770017021011,4
080770013032002,4
080299650011003,4
080579556001256,4
080770017022015,4
080810005003019,4
080770013021046,4
080299648002034,4
081070007032010,4
080299650011000,4
081039512002040,4
080770018001070,4
081039512001107,4
081039511002270,4
081070005003017,4
081039511002204,4
080459519013002,4
080810006002111,4
081070001001020,4
080299652011035,4
080810006001106,4
081070005004011,4
080770010021007,4
080770016002010,4
080770018001074,4
080770006023022,4
080459517013020,4
080490002042059,4
080770011023011,4
081039511001146,4
080770008022000,4
081070001001005,4
080459519022002,4
080490002051090,4
081039511001148,4
080490002051045,4
080459517023011,4
081039511004049,4
080459517013018,4
081070003001055,4
080579556001029,4
080459521004022,4
080770004001006,4
080810006001450,4
080299647003003,4
080579556001393,4
080770006011007,4
080579556001320,4
080299646003012,4
081039511002067,4
080770017072018,4
080770006023008,4
080490002041018,4
081039511002080,4
080770004002017,4
081070001002119,4
080770018002027,4
080299650013018,4
080770012001003,4
080770017052010,4
080490001001254,4
080299648001000,4
080459518042003,4
080299647002046,4
080770011023013,4
080579556001262,4
080770014043025,4
080770017031011,4
080459519012086,4
080770010024017,4
080770014043020,4
080299651002021,4
080770006023006,4
080770009001014,4
080490002051031,4
080490001001273,4
080770006011003,4
080299650021041,4
080770010024007,4
080770018002029,4
080579556001103,4
080770011024047,4
080299652021037,4
080490001001188,4
080770013021056,4
080470138012035,4
081070003001135,4
081070003001185,4
080299651001044,4
080770016002065,4
080770013032026,4
081039512001076,4
080579556001274,4
080299651003047,4
080770013041007,4
080490001001043,4
080490002062000,4
081039512001140,4
080770018002070,4
081039512001128,4
080770015023117,4
080770013042012,4
080299649001056,4
080770015023025,4
080770013021006,4
081039512001003,4
080490002041056,4
080770013032015,4
080770013032045,4
080810006001327,4
080490002042046,4
080299648001001,4
080490002032035,4
080490001002039,4
080459520031014,4
081070007032012,4
080770011024035,4
081039512001159,4
080490002051126,4
081070008002025,4
080459521001018,4
081039511002284,4
080770015033023,4
080579556001456,4
080810006002165,4
081070003001166,4
080770011023009,4
080459518041018,4
080770017051012,4
080299647002032,4
080770017031009,4
080459518033016,4
080490001001235,4
080299650011002,4
080299649001041,4
080770015043006,4
080770008021067,4
080459520031151,4
080810005005029,4
080770008012021,4
081039512001056,4
080770015033002,4
080770009002028,4
081070003001075,4
080459519012045,4
080459520043024,4
080770008022038,4
080490002072130,4
080490002042008,4
080770013022042,4
080770015041029,4
081039511002029,4
080459521004053,4
080459516001042,4
080770014044020,4
080770011022012,4
080810006002039,4
081039512001280,4
080770019003048,4
081070001002048,4
080459516003014,4
080579556001428,4
080490002072100,4
080490002061008,4
081070003001073,4
081070003002050,4
080770008022058,4
080770016002000,4
080810006002108,4
080459518034022,4
080770018002255,4
080299647003064,4
080770011041028,4
080459518042010,4
080299648002018,4
081039511002047,4
080579556001532,4
080770010024020,4
080459521003036,4
080770013041015,4
080579556001263,4
080770015042034,4
080299651002030,4
080459519011045,4
080490001001267,4
081039512001259,4
081039511001098,4
080810006001379,4
080490002072167,4
081070003002013,4
080490001001339,4
080770019003026,4
080770019001086,4
080810006001148,4
080459520032070,4
080810006001490,4
081039511001051,4
080299652022042,4
080770012002007,4
081039512001160,4
080810005002009,4
080770015033000,4
080459518043016,4
080770011024000,4
080299649001055,4
080810005002003,4
080770014033019,4
080770014031011,4
080490002071010,4
081039511001035,4
080770015032019,4
080770015021008,4
080810006001366,4
080490001001225,4
080810006002041,4
080770011023001,4
080770011024051,4
080459520013005,4
080459518032009,4
080490002032031,4
080459521004021,4
080770014043004,4
080299648001031,4
080770013032035,4
080490001002055,4
080810004004003,4
080130137053035,4
080770015042037,4
080459520031066,4
080770011042003,4
080810006001595,4
080490001001025,4
080770017024021,4
081039511001000,4
080770014041000,4
080770018001061,4
080810006001499,4
080770008012023,4
080299648001018,4
080770017051008,4
081039511004050,4
080770008012029,4
080810006001190,4
080770018001064,4
080770017072022,4
081070001002026,4
080490002071034,4
081070008001060,4
080770006023001,4
080299648004006,4
080770015021000,4
080770013021067,4
080459520044045,4
080490002051068,4
080299651003055,4
080490001001134,4
081070001002043,4
080770011024020,4
080810003001049,4
080579556001008,4
080459516001024,4
080459518022055,4
081039511002187,4
081070003002019,4
080459519013026,4
080770014032002,4
080770015032025,4
080770016002014,4
080770007001030,4
081039512001083,4
080770017063012,4
080770014032005,4
080299646002050,4
080770013044005,4
080770019002009,4
080810006002085,4
081039512003048,4
080770019001057,4
080459519013032,4
080459520044040,4
080770016001064,4
080810006001591,4
081039511002266,4
080579556001398,4
081039512001227,4
080770010023023,4
080579556001503,4
080770015022065,4
080770008011011,4
080459518021014,4
080299647002045,4
080299647001037,4
080810006001105,4
080459516003025,4
081039511002126,4
081070002001063,4
080770013021088,4
081039511001118,4
080770006012015,4
080770008012017,4
080299651002063,4
080299650022007,4
080810003001044,4
081039511002121,4
080770015024067,4
080770009001086,4
080770009001029,4
080770006012007,4
080770016002020,4
080459521001053,4
080770014041002,4
080459520042014,4
080810006002262,4
080770015023069,4
080459520012006,4
080770017072010,4
080810006001329,4
081039511003033,4
080770006023011,4
081070002001033,4
080770017033019,4
080459521001194,4
080299651003001,4
080459521001163,4
080299650011014,4
080810006001378,4
080770013021001,4
080299648004078,4
080299651002040,4
081070003002003,4
080490002042004,4
080770011032008,4
080770010023034,4
081070003001044,4
080770014032007,4
080810003001064,4
080459519011007,4
080459516002004,4
080299651002097,4
081070003001171,4
080490002042030,4
080299652011001,4
081070003001018,4
080770007001023,4
081039512003009,4
080810004003003,4
081039511001010,4
081039511001104,4
081039512001175,4
080490002062075,4
080490002052007,4
080770012001020,4
080579556001195,4
080770014031014,4
080299651002099,4
081070003001208,4
081070002002001,4
080459516002018,4
080459518022042,4
080459520031083,4
080770013022027,4
080579556002010,4
081039511003011,4
081070002001040,4
081070008001021,4
080299650011018,4
080770009001074,4
080490001001035,4
081039511002035,4
080299650022021,4
081039512001287,4
080770015023010,4
081039511003072,4
080459518021054,4
080459518021008,4
080299647002068,4
080459518032002,4
080490001001250,4
080770003001044,4
080770013043005,4
080770013043016,4
080770004003002,4
080459519022032,4
080770018002177,4
080299652021011,4
080459518022003,4
080579556001058,4
080459516003021,4
080770014041007,4
081039512001177,4
080459519012076,4
080770015043023,4
080770019001028,4
080770015033025,4
081070005004021,4
080770018001007,4
080579556001378,4
080299649001058,4
080810006001066,4
081039511002244,4
080490001001009,4
080490001001087,4
081070008001138,4
080770015044033,4
081039511002057,4
080770018002083,4
080770017022035,4
080579556001361,4
080770019001142,4
080459520031018,4
080770015041032,4
080770014023067,4
080770014043006,4
081070001001019,4
081070004003011,4
081070007032018,4
080299650012033,4
080770015023029,4
080810006001245,4
080810005002029,4
080579556002023,4
080579556001500,4
080770016002045,4
080770016002052,4
080459520041016,4
080770015022006,4
080459520032076,4
080490002071022,4
080770019001100,4
080299651001042,4
080459519011065,4
081070007012031,4
080459518021044,4
080459520041018,4
080770018002270,4
081039512002017,4
080810004003004,4
081070001002031,4
081070002001048,4
080459518033013,4
080459521002017,4
080459521001066,4
080459520044037,4
080810006002038,4
080490002072152,4
080299651002017,4
080770006013017,4
081039512002001,4
080299647003060,4
080770015041019,4
081070003002011,4
080579556001158,4
080299650011019,4
081070008001033,4
081039512001213,4
081070004003008,4
080299651002031,4
080770009001011,4
080770015024042,4
080579556001510,4
081039512001148,4
080459519013024,4
080770003002006,4
080299649003013,4
080770018002100,4
080810006001173,4
080770016001048,4
080299652022023,4
080459519012001,4
080770008021000,4
080579556002055,4
080770015024006,4
080490001001029,4
080770003002025,4
080459521001105,4
080299648004005,4
081039512001116,4
080770015042041,4
080490001001020,4
080770015023019,4
080770011032012,4
080770014031024,4
080459519011039,4
080770014031030,4
080770019001172,4
080770018002235,4
081070002002010,4
081070003001017,4
080299652022027,4
080810006002202,4
080299652011018,4
080459521001028,4
080770013031007,4
080770008022013,4
080770012002013,4
080459519011053,4
080770015032016,4
080490001001168,4
081039512001100,4
080770006024002,4
080770017052018,4
080459517023006,4
081070005002025,4
080579556001009,4
080770012001026,4
080770018002121,4
081039512001090,4
080490001001330,4
080490002042057,4
080459520044014,4
081070001002040,4
080299647002005,4
080770014021004,4
080770009002030,4
080579556001224,4
080770018001024,4
080299649001044,4
080770009001037,4
081039511002230,4
080810006001263,4
081070001001026,4
080770016001060,4
081070001002107,4
080770019001175,4
080770015023001,4
080770019001181,4
081039511003038,4
080770006012002,4
080770011024066,4
080770015024035,4
080770015023077,4
080299647001033,4
080810004004023,4
080770018001118,4
080579556001505,4
080459518022022,4
081070001001022,4
080770014031052,4
080770011043014,4
080490002072094,4
080459518041015,4
080770009002000,4
080459516002013,4
080490001001329,4
081070004003019,4
080770007003024,4
080770019003072,4
080299651002073,4
080459520031125,4
080579556001012,4
080770010022005,4
080459520011031,4
080770013023031,4
080579556001129,4
080810006001390,4
080810006001460,4
080770017072004,4
080459518041002,4
081039511002131,4
080770015024041,4
080770014043005,4
080459520031096,4
081070004003024,4
080459521004023,4
080459519024057,4
081039511004043,4
080770016001029,4
080470138012018,4
080810004003021,4
080770010024016,4
080299652022021,4
080770014021049,4
080299646001024,4
080770017022009,4
080579556001107,4
080299650013040,4
080490001001285,4
080770018001113,4
080299649002067,4
081070003001000,4
081070003001102,4
080459520042041,4
081039511004016,4
080459521001199,4
080770009001028,4
080810006001581,4
081039511004040,4
080459521001052,4
080770018002142,4
080770014023053,4
080770015032013,4
081070003001030,4
080770015043027,4
080299649002042,4
080299646002005,4
080770008022028,4
080770009002069,4
080770015044007,4
081070008002016,4
080470138012007,4
080770013042021,4
080299648004077,4
080459520042027,4
080770003001005,4
080299648004058,4
080459518043020,4
080470138011003,4
080299651002075,4
081070007031008,4
080299652022016,4
080299652022046,4
081070008001005,4
080810006001259,4
080459519024067,4
080770011024018,4
080770018002157,4
080770019001083,4
080810006002233,4
080299650011008,4
080770015021034,4
081039512001173,4
080459520032059,4
080459518042004,4
080459517012004,4
080459521001081,4
080579556002028,4
080490002072031,4
080770006013005,4
080579556001455,4
081070003001084,4
080770018002071,4
080299651001006,4
081039511003045,4
080490001001175,4
080299648004019,4
081070003001198,4
081039512001065,4
080490002053040,4
081070001002014,4
081070008001119,4
080459518032015,4
080770013021055,4
081070001001037,4
080459520031068,4
081039512001009,4
080299646003029,4
080770013021081,4
080770019001088,4
080299651003045,4
080810006002209,4
081039511002164,4
080490002041029,4
080770015022098,4
080810006001297,4
080459518034042,4
080770016001069,4
080490002072132,4
080810006002296,4
080770018002017,4
080459521001151,4
080459521003017,4
080459520042011,4
080770011032016,4
080770014044000,4
081070006003012,4
081039512001070,4
080470138012020,4
080490002051114,4
080770013032023,4
080810006001530,4
080770014031020,4
080490002061071,4
080770006012005,4
081070001002078,4
080490002051124,4
081070002002002,4
080770015023137,4
081070003001158,4
081070008002002,4
080490002062018,4
080770010021002,4
080770004003000,4
080770018001101,4
080770010011013,4
080490002042035,4
080770008022052,4
080810003001001,4
080810006001305,4
080770014031055,4
080770014022038,4
081039511002088,4
080459519024017,4
080459520031070,4
080770007003005,4
080579556001409,4
080490002071048,4
080770018002054,4
081070004003021,4
080579556001365,4
080459521003023,4
080810006002247,4
080579556002008,4
081039511001134,4
080810006002065,4
080810006001130,4
080459519021007,4
080299649001057,4
080770014042001,4
080770017032011,4
080770013021078,4
080810006001072,4
081039512001260,4
081070005003027,4
080810003002000,4
080770017051013,4
080579556001427,4
080770015044000,4
080770014023052,4
081070005003020,4
081070003001107,4
081039512001071,4
080459519023014,4
080459517012025,4
081070004001013,4
080770015044004,4
080490001001321,4
080490002051103,4
080490002071054,4
080810006001326,4
081070006002009,4
080459520031154,4
080810006001505,4
080770011024015,4
080770006024010,4
080810006001171,4
080770008012032,4
080490002032008,4
080299648001021,4
081039512003019,4
080810006001472,4
080459518021073,4
081070003001111,4
080459518034045,4
080579556001170,4
080770010013000,4
080770017052019,4
080459520031090,4
080459518043008,4
080459519011062,4
080459520031153,4
080770009002065,4
080810006001433,4
080459520031106,4
080459521001174,4
080459520012005,4
080470138012057,4
081039512003049,4
080579556001260,4
080810006001203,4
080770015033027,4
080770008022010,4
080770008021066,4
080490002051076,4
080579556002039,4
080490001001060,4
080770018002167,4
081070007022000,4
080770013021063,4
080770013021003,4
080470138011010,4
080490002052047,4
080579556001039,4
080770015042036,4
080770017053008,4
080579556001531,4
080770007003006,4
080579556001504,4
080770018001082,4
080490002032051,4
080770017022022,4
081070005003028,4
080579556001003,4
080770017023020,4
080810005001024,4
080459520032027,4
080770016001040,4
080810005001016,4
080579556002002,4
080490001002026,4
080490002042024,4
080459519022016,4
080490002061056,4
080770013022034,4
081039512002011,4
080299646002034,4
080770013021059,4
080810003001048,4
080770018002016,4
080490002051015,4
080459518021055,4
081070008001013,4
080770015041041,4
080770011023007,4
081070003001019,4
080490002032046,4
080770018001016,4
081039511001029,4
080770012001018,4
080810006001387,4
080470138011009,4
080770014021033,4
080299651003053,4
081070003001034,4
080770017024017,4
081070004001001,4
080770006021012,4
080810006002142,4
080810005005037,4
080770012002022,4
080459517012020,4
080770003001016,4
080579556001033,4
080299651002069,4
081070004002018,4
081070007031002,4
080459520044035,4
080770011042019,4
080810003002012,4
081039511001061,4
080459519021026,4
080459520042030,4
080770010024027,4
080459519011026,4
081039511004020,4
080459520032047,4
080770016001042,4
080770015032041,4
080810006001343,4
080459521001179,4
080459516003027,4
081039512001238,4
080770014023051,4
081070006001009,4
081070005003029,4
080299646001021,4
080770019001036,4
081070007032022,4
080490001001103,4
080770017073008,4
080299649002046,4
081070001002003,4
080770015022081,4
081039512001145,4
080579556001197,4
081039511002096,4
081039511002042,4
080770015022058,4
080810006001477,4
080490002061070,4
080770015022061,4
080770009002033,4
080770013032046,4
080490002062040,4
080770019001121,4
081070007032009,4
080490002051096,4
080459519022031,4
080490001001030,4
080299651001036,4
080490002051112,4
080299647002014,4
080770004001011,4
080770012002000,4
080770009002052,4
081039512001256,4
080770013021054,4
081070008002087,4
080810005005020,4
081070001002136,4
080770017023016,4
080770004004005,4
080490002062052,4
080810003001075,4
081070003001194,4
080299650022013,4
081039511002089,4
080459518021064,4
081039511002197,4
080770019001131,4
081039511004038,4
080770013043019,4
080810005003002,4
080459519024008,4
080490001001322,4
080770019001109,4
080770015044038,4
080459521001172,4
081039511003071,4
080459521001061,4
080459519011069,4
080459521004043,4
080770017023009,4
080490002041033,4
080770008022019,4
080459521001001,4
080770019003035,4
080770018001092,4
080299647002000,4
080459519021030,4
080770009002014,4
080459519024042,4
080810006001538,4
080579556001192,4
080470138012000,4
081070003002061,4
080770019001105,4
080810006001574,4
080770017071009,4
080459517023017,4
080770014044035,4
080770017024007,4
080459518022053,4
080770018002227,4
080459521001211,4
080459521001017,4
081070004003035,4
080459521001150,4
080810006001388,4
080299649002028,4
080770016002009,4
080459520012014,4
080770019002012,4
080810006001050,4
080770013023026,4
081070001002128,4
081070007031010,4
080459519024044,4
081039512001134,4
080770004002003,4
080459516001092,4
080770013021011,4
080490001001037,4
081039512003037,4
080770008012043,4
080459521001083,4
080810006001350,4
081039512001047,4
080810006001484,4
080459518022005,4
080810003002020,4
080770015031014,4
080770014023013,4
080490001002023,4
080770015024008,4
080490002072049,4
081070003001192,4
080459521004004,4
080770008021002,4
080770017053015,4
080770002002007,4
081070007012002,4
080459518033012,4
080770014021029,4
080810005005032,4
080810006001567,4
080770008012067,4
080770015024047,4
080459520031108,4
080770014041018,4
080770014042008,4
080299646003041,4
080490002071025,4
080770007003022,4
080299646003034,4
080299646004042,4
081070001002138,4
080770014022003,4
080459518042032,4
080459519021031,4
080770015033035,4
080459517022002,4
080770013021004,4
080459519011031,4
080770009001033,4
081039511002191,4
080810006001067,4
080459521001128,4
080299646004032,4
080770016002032,4
080490002062070,4
080770011024002,4
081070004003029,4
080579556001150,4
080459521001012,4
080770018001009,4
080490001001229,4
081070001002049,4
081070008001045,4
080299646001000,4
081070007011004,4
080770017061006,4
080299650022011,4
080490002032009,4
080490001001227,4
080770014044024,4
080459519011079,4
080579556001494,4
080770005002006,4
081070001002037,4
080299650012019,4
081039512002048,4
080770014021007,4
080810006001163,4
080459520042028,4
080299646003006,4
080770009002029,4
080459520031094,4
081070002001038,4
081039511004047,4
080459521001087,4
080770015041036,4
080770015023108,4
080810006001180,4
080490002042044,4
081039511002094,4
080299650011013,4
080770016002008,4
080459520031133,4
081039511001060,4
080459520041006,4
080470138011000,4
080770015033005,4
081070006003019,4
081039512002010,4
080459519012008,4
081070007012036,4
080490002051116,4
081039512002043,4
080459518034009,4
080770004001008,4
080770017051001,4
080770018001000,4
080810006002194,4
081070005004014,4
080810006001586,4
080770008021054,4
080770015022075,4
080299649003016,4
080299652021018,4
080770013021077,4
080490001002114,4
080770013022045,4
080459520031103,4
080770014023003,4
080459520011017,4
080810006002224,4
080770007003013,4
080459519011036,4
080810006001400,4
080459519012088,4
080770018002194,4
080459520031155,4
081070008002041,4
080770018002209,4
080770011021022,4
080459521001033,4
080579556001178,4
080770013032053,4
080770015043034,4
080459519021036,4
080770014033025,4
080299648002000,4
080299648004059,4
080770008021033,4
080490002032007,4
080490002053017,4
080770018002125,4
080770008012015,4
080770011023026,4
080459521002014,4
081070001002182,4
080770017072055,4
080770017052001,4
081039512001245,4
080770008021027,4
081070003001114,4
080770013023041,4
080810003001085,4
081039511002291,4
080770008021010,4
080579556001334,4
080770014023069,4
080299649001000,4
080459517012021,4
080810006002228,4
081039511002123,4
080459520012001,4
081070003002048,4
080770017022014,4
081039511002085,4
080770011042016,4
080299647003061,4
080770017071012,4
081039512001191,4
080459516001072,4
080459521001034,4
080459518032036,4
081039512003050,4
080459518034011,4
080459519012080,4
080770015041054,4
080490002053020,4
080770015031023,4
080770017024003,4
080459520031062,4
081070008001059,4
080579556001025,4
081070008001073,4
080490002053033,4
080810006001142,4
080810006001129,4
080459520031089,4
080459518033003,4
080490002041003,4
080490001001256,4
081039511004042,4
081070008001098,4
080770017022016,4
080490001001193,4
080579556001223,4
080770017053011,4
081070004001014,4
080770009001072,4
080770019001113,4
080459520031027,4
080490001002102,4
080490002071057,4
080770006013015,4
080770018002036,4
080810005002014,4
081039512001017,4
080579556001026,4
080579556001495,4
080770014023040,4
080770003002004,4
080490002051111,4
080490002072122,4
080770018001041,4
080770014023064,4
080770018002097,4
080299649002030,4
081039512001041,4
080490002061082,4
080490001001051,4
081039512001112,4
081039511001019,4
081070004003001,4
081070004003023,4
080459518033017,4
081039511003046,4
080770014031010,4
080459516001084,4
080459516002002,4
080459519011085,4
081070006001020,4
080770011021030,4
080490001002031,4
080579556001426,4
080770017022038,4
080299646003018,4
080770015042049,4
080490002061086,4
080579556001102,4
081070007032021,4
080770018001043,4
081039511002097,4
080459520012003,4
080770003001013,4
080130137053012,4
080299649003031,4
080770019003015,4
080770018001004,4
080459518034038,4
080459519022038,4
080490001001055,4
080770014042017,4
080810004003024,4
080459521004044,4
080490001001156,4
080770015022026,4
080459519024040,4
080770017072000,4
081070006001008,4
080490002071036,4
080770014032014,4
080770010023001,4
080770017063001,4
081070008001039,4
080490002061054,4
080490002032052,4
080299651002045,4
081070002001070,4
080579556001445,4
081070001002114,4
080299648002002,4
080810006002136,4
080770018001047,4
080770014023037,4
080810006002145,4
080490001001292,4
080490001002085,4
081070006002001,4
080810006001068,4
080810005006024,4
080470138012032,4
080459518034005,4
080810006001456,4
080490001001136,4
080299647002058,4
080470138012014,4
080459521001171,4
080770011044017,4
080490002051108,4
081039511002065,4
080490002061046,4
080770009001070,4
080579556002047,4
081070008002046,4
080459521001107,4
080770015033026,4
080470138012030,4
080770018002171,4
080579556001059,4
080770008012053,4
080770009002031,4
080459518021022,4
080459521001091,4
081039511002178,4
080770014031026,4
080770018002032,4
080490002051004,4
080770018002091,4
080770017023017,4
080459520013018,4
080299650022000,4
080770017072007,4
080810006001041,4
081039512002031,4
081070002001034,4
080770015021041,4
080299651003052,4
080770017061011,4
080770014031021,4
080810006001340,4
080299650013053,4
080299646001004,4
080490002042021,4
080770014031003,4
080490002032010,4
081070008001082,4
080490001001266,4
080299648002019,4
081070004002007,4
081039512003044,4
080490001001323,4
080299651002027,4
081070003001026,4
081070005004037,4
081039512001258,4
080770002002009,4
080770010023013,4
080490002042029,4
080459519012077,4
080459519021025,4
080810005004010,4
080770007001022,4
080459519024029,4
081039512001061,4
080459516003020,4
080770013021075,4
080810003001011,4
080770019001141,4
081070008001124,4
080299646001019,4
080579556001454,4
080770003001030,4
081070001002039,4
080770015021039,4
080770018002183,4
080770011031004,4
080299646001044,4
081039512001064,4
081039511002160,4
080299652011025,4
080299651001015,4
081039511002037,4
081039511001056,4
080810006001098,4
080490001001139,4
080579556001118,4
080579556001083,4
081070005004027,4
081070003001004,4
080490001001153,4
080770013041012,4
080810006001580,4
080810006002223,4
080459521002025,4
081039512001106,4
080299649002049,4
080579556001216,4
080490001001294,4
081039511002267,4
080459521002004,4
080770007003027,4
081039511003035,4
080770018002007,4
081070007022001,4
081070002002016,4
080770018002172,4
080490001001036,4
080299651002058,4
081070002002026,4
080459519024038,4
080770016001073,4
080459520031032,4
081039511004005,4
080579556001019,4
080579556001353,4
080770004004021,4
080770019001071,4
081070006001026,4
081070004003034,4
080490001001143,4
080770013032054,4
080299649002072,4
080770008021016,4
080770016002060,4
080770014031041,4
080770019001190,4
080810006001065,4
080810005002031,4
081070003001141,4
080770018002067,4
080459516003006,4
080490002071009,4
081039511002016,4
080770018001006,4
080459516001056,4
081039511001065,4
081070002001052,4
080810006001504,4
080770016001000,4
080770013023013,4
081039512001126,4
081070008001004,4
080459519011054,4
081070001002094,4
080490002072056,4
080810006002121,4
080299647003073,4
080299648001020,4
080579556001282,4
081070003002035,4
081070007012007,4
080490002052000,4
080299650013023,4
080490002042040,4
081039512003055,4
080470138011012,4
080770011031013,4
080770011021017,4
080770019001062,4
080770017072031,4
080770010013023,4
080770018001028,4
080130137053040,4
080770015023132,4
080770015023104,4
080459518041037,4
080490001002007,4
080810006002009,4
080459519024024,4
080810004001000,4
080459519012092,4
080770011032015,4
080770013044017,4
080770019001101,4
081039512001060,4
080770015023047,4
081070003002025,4
081039512002018,4
080459521001039,4
080459519012079,4
081070001001018,4
080459519013021,4
080459520041007,4
080810006002032,4
081039511001023,4
080810004005020,4
080810006002282,4
080490001002107,4
081039511001091,4
080459520031115,4
080490002071000,4
080299650013035,4
080490001001244,4
080770018001106,4
080770008012045,4
080459518034012,4
080810006001228,4
080770017021015,4
080579556002000,4
080459521001069,4
081070008001115,4
081070006001004,4
080770009001041,4
080299646004049,4
081070005004003,4
080770015024033,4
080770015023098,4
081070001001003,4
080459518021000,4
080810006002126,4
080459518033008,4
080770018002193,4
080490002061006,4
080579556001113,4
081070008001127,4
080770011043008,4
080770008021047,4
080770003001022,4
080459518021026,4
080810006002175,4
080299652021033,4
080770015023125,4
081070003001116,4
080770006012014,4
080490001001333,4
080459519011072,4
081070006003007,4
080770019001019,4
080770014031018,4
080459519021018,4
080299652022019,4
080770015023107,4
080810006002255,4
080490001002110,4
080770004002002,4
080459521001141,4
080770015022039,4
080810006002201,4
080299646003021,4
080490002053021,4
080299650012013,4
081070003001170,4
080579556001518,4
080770008012046,4
080770018002084,4
080299651001046,4
081039512001069,4
080770019001093,4
080770013031011,4
080579556002022,4
080579556001346,4
080770014023022,4
080459517012029,4
080770013032019,4
081070001001004,4
080459517013006,4
080770017023022,4
080770019003006,4
080810006001153,4
080810006001511,4
080459521004024,4
080810006001573,4
080459520031036,4
080770016001047,4
080299647003012,4
080299651002074,4
080579556001366,4
080299649002034,4
081039512001172,4
080770018001066,4
080770017061007,4
080770010011006,4
080299651001003,4
080770019001201,4
080770009001051,4
080810006001397,4
080299651001055,4
080459520044016,4
081039511002149,4
080579556001386,4
080770013041009,4
080770018002044,4
080810006001353,4
080770015023083,4
080810006001553,4
080770002002022,4
080490001001269,4
081039511001075,4
080770019003030,4
080579556001507,4
080770015031009,4
080770011031003,4
081070003001087,4
080299646003003,4
081070001002066,4
080810006001525,4
080459519012083,4
081039511001131,4
080299652011004,4
080770013021050,4
081070003002055,4
080299648001026,4
080770014044008,4
080770018002086,4
081070008001083,4
080770018001135,4
081070002002021,4
080299652021008,4
080770011023010,4
080770011024017,4
080810006002024,4
080810003001000,4
081039511001072,4
080810006001429,4
080810004005016,4
080770011043026,4
081070005004005,4
080770018002248,4
080299650011022,4
081039511004034,4
080490002032064,4
080770019003036,4
080770015024060,4
080810005002030,4
080299650013024,4
080579556001291,4
080770018002246,4
080459521002023,4
080770008012036,4
080770013022018,4
080810005001008,4
080770008011052,4
081070003001211,4
080770011024064,4
080459521001134,4
080459519024025,4
080810003001062,4
080770017024011,4
080770019001020,4
080299647002027,4
080770016001068,4
080770019003019,4
080459518033007,4
080770013043009,4
081070001002011,4
080579556001468,4
081039512001217,4
080459518021003,4
081070001002070,4
080459516001057,4
080770015022069,4
080459518021066,4
080459518022036,4
081070001002065,4
081039511002066,4
080810003001078,4
080770018002184,4
080459521003021,4
080299651002036,4
080810005002028,4
080490002071014,4
080770015022049,4
080770015024071,4
080459521001188,4
080770013021058,4
080770013032014,4
080490001001209,4
080299650012010,4
081070001001055,4
080579556001081,4
080810006001045,4
081039511001071,4
080299648004074,4
080299652022001,4
080770017051011,4
081039512001222,4
080810006001372,4
081039511002114,4
081039511002001,4
080810006001121,4
081039512002057,4
081070008002077,4
080770013022024,4
080770003002022,4
080459516001039,4
080579556001131,4
080770014033023,4
081070008001069,4
081039511003053,4
080770015032007,4
080770014023011,4
080770019001163,4
081039512001084,4
080810006001368,4
080770015032027,4
080459521001014,4
080459518032023,4
080770015041045,4
080810005001011,4
080579556001219,4
080770014031000,4
080770003001011,4
080770013032037,4
081070008002056,4
080770013021073,4
081070008002085,4
080459519022058,4
080299648001019,4
080770015023073,4
080579556001522,4
080810006001159,4
080770018002182,4
080770011024034,4
080810006001109,4
080490002051109,4
080770017073029,4
080579556001329,4
080459521001181,4
080770015032043,4
080299648001045,4
080770009002047,4
080490002051008,4
080459519012013,4
080770004004010,4
080299652022035,4
080810006001470,4
080770014023004,4
080770006013003,4
080770018001120,4
080490002072112,4
080490002062017,4
080490002062027,4
080770008012006,4
080579556001306,4
080299652022008,4
080299651003019,4
080770002002029,4
080770018002099,4
080490002051064,4
081070003002002,4
080770014044019,4
080770007003039,4
080299649003000,4
080490002061040,4
081070005002038,4
080770010023009,4
080299650011033,4
080810006001347,4
080459518021028,4
080459520042003,4
080299646004039,4
080490001001121,4
080810005005038,4
080459518034025,4
080770013032050,4
080770003001039,4
080810004002006,4
081039512001278,4
080490002041017,4
080490002042006,4
080459519023019,4
080299646004028,4
080459518033005,4
080299647003056,4
081070008001146,4
080770005001001,4
080770019003047,4
080770017024015,4
080810005001009,4
080770008022040,4
081070007032014,4
080490002053019,4
081039511004004,4
080579556001064,4
080770013042026,4
080299651002082,4
081039511003008,4
080459520032056,4
080770014033043,4
080490001002112,4
080299651001010,4
080770015042010,4
080770008011034,4
080770018002287,4
080299649002070,4
080579556001438,4
080579556002060,4
080490001001317,4
080770015043024,4
080770016002028,4
080299648002027,4
080299647002075,4
080770019001106,4
080770008012040,4
081039511003016,4
080579556001162,4
081039511002214,4
080459521001209,4
081039511001003,4
080770019001085,4
080459521001213,4
080459520043013,4
080459516001054,4
081070008001105,4
081070004003032,4
080490001001259,4
080770018002165,4
080490001001258,4
080770010022003,4
080130137053009,4
080770003001007,4
080459518022000,4
080299647002051,4
080490002052029,4
080770011022008,4
080770011031020,4
080810006002124,4
081070003001067,4
080299650013006,4
080490001001166,4
080770011043002,4
080490001002053,4
080579556001171,4
080770015021058,4
080770015023012,4
080459518042016,4
080770015042020,4
080459521001112,4
080299647002071,4
080770011044020,4
081070004003000,4
080459518021015,4
080770011041023,4
080459519022019,4
080490001001120,4
081070003001156,4
080299648001035,4
080459521001156,4
080490002072060,4
080579556001112,4
080770015021001,4
080770018002253,4
081070002002012,4
080770017022003,4
080810006001480,4
080459517024014,4
080770013021064,4
080810006001073,4
081039511001108,4
080490002032056,4
081039511002256,4
080770011044015,4
080770009002021,4
080810006002023,4
080770013021014,4
081070001002035,4
080459516001066,4
080459521001009,4
080459521003019,4
080770011043021,4
081039511002074,4
080490002031014,4
080770017031012,4
080459520031078,4
080459519012029,4
080459521003031,4
080579556001414,4
081070003001183,4
080810006001102,4
080770014032004,4
080579556001124,4
080459516002017,4
080459517023015,4
081070008002089,4
080810006001487,4
081070004003006,4
080299648004061,4
080770014044001,4
080490002072159,4
080459517022012,4
080770013023017,4
081039511002106,4
080459520013002,4
080490002051086,4
080459520011007,4
081070001001040,4
080770015042033,4
080579556001116,4
080299647003005,4
080299651002047,4
080299652011026,4
080770013022013,4
080490002032066,4
081070006002000,4
081070003002060,4
080579556001243,4
080770006024000,4
081039512001123,4
080770015024056,4
080810006001459,4
080299651001031,4
081039511001030,4
080490001001171,4
081070001002082,4
080459520012002,4
080490002051067,4
080459520044020,4
080459517012048,4
080459516003018,4
080770006023007,4
080459519012050,4
080770015043013,4
080770011031011,4
081039511002195,4
080770014042004,4
080579556001433,4
080770016001022,4
080579556001199,4
081039511001043,4
080490002072037,4
080810005006034,4
080299646002029,4
080770016002030,4
081070003001081,4
080579556001477,4
080810006002184,4
080770013023044,4
080770017071008,4
081070008001051,4
080299646004027,4
080459520011027,4
081039511002110,4
080770019001017,4
081039512001181,4
080770013022012,4
080770015023038,4
080770019001075,4
080770015023079,4
080770014032000,4
080770018002126,4
081039511002168,4
081070007012010,4
080770006024004,4
081070001002102,4
080770018002160,4
080299649002015,4
080490002053013,4
080770015031033,4
080770008011051,4
080490001001324,4
081039511002208,4
080299650011012,4
080490002072021,4
080810006001277,4
080299646002045,4
080299647003049,4
080770013032024,4
080579556001506,4
081039511004053,4
080299647002038,4
080459519013025,4
080770010011010,4
080579556001142,4
080299650011030,4
080299647001014,4
080770011042011,4
081070005004019,4
081070008001116,4
080459518032019,4
080770010013021,4
081070003001015,4
080459520031147,4
080299650012007,4
080490001002044,4
081039512001010,4
080810004001011,4
080299646004004,4
080770019001065,4
080810006001097,4
080299651001045,4
080459520044008,4
081039511002141,4
080299648002010,4
080459518022058,4
080459519024028,4
081039511002026,4
080490002072062,4
080810003001050,4
080770014023008,4
080770009002045,4
080490002042016,4
080810006002232,4
080770018002245,4
080810006001384,4
080770018002049,4
080459521001218,4
080459520031052,4
080459519024003,4
081070003001176,4
080490001001218,4
080770014022002,4
080299648004073,4
080810003001016,4
080770018002040,4
080770018001012,4
080459520012000,4
080770018001124,4
080770007001029,4
081070005002016,4
080770011024031,4
081039512001099,4
080459516001041,4
080770018002033,4
080459519011071,4
080459521001186,4
080770013023043,4
080459519022024,4
080810003001041,4
080810006001291,4
080770011024053,4
080299649001050,4
080459520031150,4
080490002042061,4
080459519022012,4
080810004003014,4
080770018002277,4
080490002053039,4
080299648001013,4
080299652021005,4
081070001002170,4
080770019001059,4
080770015022019,4
080770019001049,4
081070008002021,4
080490002061083,4
080299652022005,4
080770014023043,4
080770015023112,4
080770013021070,4
080770014033020,4
080810003002003,4
080770015042030,4
081039511001083,4
080770003001035,4
080579556001300,4
081070005003041,4
080490002072039,4
080490002042014,4
080459517012042,4
080459521001147,4
080770002001022,4
080810006001320,4
080810006002089,4
080579556001125,4
080810006002166,4
081070002001002,4
081039511003034,4
080470138012003,4
080459516001005,4
080770009002077,4
080810006001486,4
080770008022039,4
080770015033014,4
080770018002174,4
080299651003015,4
081039511002225,4
080770007001000,4
080459521001153,4
080490002051032,4
080770013032020,4
080470138011011,4
080770019001077,4
081070003001086,4
080130137062040,4
080459519021002,4
080459519024022,4
080770008022007,4
080770015021020,4
080770008021018,4
080299652011033,4
080459520013004,4
080299649002047,4
080490001002095,4
080459521004001,4
080459520032030,4
080810006001508,4
080770010013001,4
080299647001026,4
080810005002019,4
080490002051075,4
080490002072155,4
080770019001050,4
080810006001039,4
080459520044027,4
080490002051071,4
081039511002012,4
080770014022021,4
080770017053016,4
080490002061084,4
080770015024055,4
080770013023007,4
081070003001148,4
081070002001057,4
080770008022023,4
080810006001430,4
080770011043024,4
080770017032006,4
080770009002024,4
080810003001012,4
080770015041028,4
080299650021040,4
080459520011016,4
080770018002292,4
080770015032005,4
080770006011002,4
081070003001097,4
080770015042008,4
080770010023008,4
081070005002039,4
080459517021003,4
080770016001034,4
080770007003026,4
080770012002014,4
080770010013014,4
080299649001018,4
080770019003044,4
080299649002071,4
080490002041060,4
080770012002021,4
081039511002098,4
080770017023002,4
080459518041034,4
080810006001137,4
080299646001026,4
080770014033033,4
080770012002008,4
080470138012008,4
081039511002202,4
080770018002045,4
080770015033006,4
080459519023023,4
080770009001023,4
080770009001004,4
080299650011031,4
080770019003003,4
080470138012002,4
080770015021057,4
080770016002015,4
080490002072175,4
080810006001094,4
080459520043011,4
080810006001133,4
080770012001016,4
080770014033015,4
080459518031013,4
080770005002004,4
080770007002013,4
080490002071045,4
080459518021053,4
080490002052028,4
081070005002005,4
080459521004025,4
081070007021003,4
081070004001026,4
080490002052032,4
080459519012014,4
080490001002025,4
080770015022027,4
080490002042027,4
080770015044032,4
080579556001186,4
080770015024059,4
080579556001034,4
080770002002024,4
080770018002213,4
080770017073025,4
080459520031112,4
080770014031007,4
080770003002018,4
081039511002013,4
080770015044003,4
080459518021051,4
080459517024006,4
080810006001594,4
081070001002112,4
080299646001036,4
080770007003020,4
080770006024005,4
080459518034037,4
081070003001113,4
081070001002131,4
080770017022055,4
080770018002260,4
080459518021059,4
080810006001002,4
080810006002256,4
080579556001021,4
081070003001165,4
080770014044014,4
080299647002018,4
081070004003038,4
080459519021014,4
080490001001133,4
080770019003043,4
080579556002057,4
080770015022103,4
080810004002003,4
080299649003010,4
081070008001136,4
080299647003065,4
080490001001096,4
080579556001441,4
080459520043017,4
080770008012030,4
080490002072023,4
081070003001056,4
081039512003015,4
080810005006027,4
081039511002287,4
081070001001013,4
080810006002002,4
081070002002033,4
080459521001110,4
080459520032033,4
080459516001048,4
080490002032067,4
080770017064012,4
080459519021038,4
080770007002018,4
080810006002143,4
080770011042017,4
081039512002054,4
080459520013011,4
080810006001409,4
081070007012011,4
080810005006015,4
080459518033011,4
080810006001516,4
081070006003011,4
080299648001042,4
080770014023006,4
080459521004006,4
080810004005010,4
080490001002009,4
080459519011037,4
080299649002062,4
080490002072161,4
080770015032029,4
080770013021015,4
080459519024039,4
081070003001205,4
080579556001133,4
080770006024007,4
080459521003028,4
080770006011000,4
080810005005000,4
080810006001212,4
080490002032002,4
081039511001002,4
080770013032008,4
080299648004062,4
081070004001012,4
080459519013000,4
080770014022029,4
080299650022032,4
080299648004017,4
080810005006014,4
080770011041022,4
080579556001251,4
081070007011005,4
080459518021063,4
080459519011038,4
080459519012041,4
080770017022020,4
080770012002009,4
080770014033041,4
080770011021034,4
080579556001297,4
080770018002257,4
080770015023049,4
080490002042036,4
080459521001182,4
080770009002070,4
081039512001147,4
080770015041043,4
080770009001047,4
080299651002055,4
080579556001434,4
080770011032019,4
080459520011002,4
080490002052038,4
080770019001143,4
080579556001190,4
080459516002011,4
081070008002073,4
080810006001262,4
080490002061032,4
081070003001060,4
080490002051019,4
080299650021003,4
080810006002074,4
081070001002151,4
080459517012003,4
080770010011016,4
080810006002083,4
080579556001545,4
080770011042002,4
080490002052014,4
080299647002047,4
080299649002074,4
081039512001285,4
080299646001012,4
080459518032028,4
080810006001140,4
081039512001051,4
080810003002025,4
080810005005009,4
080459520044039,4
081039512002013,4
080770011043009,4
080459520013001,4
080579556001294,4
080299647002025,4
080579556001172,4
080770015023092,4
080770010013016,4
080459520044042,4
080770011044005,4
080770019003053,4
080459516002016,4
080299652022029,4
080770015023115,4
080810006001381,4
080770006013020,4
080770009001019,4
080459519024034,4
080770008022024,4
080770014031025,4
080459517021017,4
081039511002049,4
080770018002288,4
080770015032003,4
080770019001024,4
080579556001234,4
080770002002008,4
080770014023054,4
080770015022059,4
080459520043016,4
080459520031124,4
080770015042054,4
080459519011014,4
080770015024016,4
080770018002190,4
080810003002016,4
080770015023084,4
080770014043022,4
081039511003062,4
080770014044002,4
080299652021025,4
080299647001000,4
080810005006007,4
081039511002119,4
080810006001481,4
080490002072051,4
080459516003001,4
080490002032036,4
080299648001034,4
080770017032000,4
080299649003015,4
080299652011008,4
081039512001013,4
080770013044010,4
080459518021009,4
080459516001006,4
080770019001089,4
080299647003017,4
080299650022027,4
080770011021029,4
080810006001110,4
080470138011017,4
080490002042060,4
081070001002055,4
080770010024028,4
080810006001500,4
080459519024037,4
080770014033048,4
080459518021025,4
080299652011005,4
080770018002152,4
081039511002163,4
081039511003055,4
080770003001003,4
080770013023049,4
080770014033022,4
081039512001204,4
080299648001036,4
081070004001022,4
080770017021016,4
080299650021014,4
080490002071067,4
080770019001202,4
080459519022040,4
081070003001197,4
080299650011034,4
080459520032022,4
080490001002001,4
080770006012009,4
081070003001159,4
081039511002034,4
080459518034023,4
080490002072030,4
080299648004064,4
081070003001188,4
080299652012016,4
081039512002015,4
080130137051020,4
081070008001038,4
080299647003052,4
080459520031102,4
080770002002010,4
080459520011015,4
080490001002054,4
080459519011017,4
080770018002186,4
081070007012020,4
081070002001009,4
081070007011008,4
080810004001016,4
080579556001198,4
081039511001017,4
080770015043015,4
080770016001061,4
080770013021008,4
080770009002041,4
080299646002051,4
080490002062076,4
080770013023009,4
080459519012090,4
080770007001003,4
080579556001014,4
080299650012004,4
081070004003018,4
080490002061055,4
080459518021011,4
081070006001005,4
080810006002244,4
080490001001047,4
080770019001117,4
080810006002017,4
080459518042018,4
080770019001094,4
080770015021004,4
080490001002064,4
080770013022041,4
080459520011036,4
080490002053018,4
080459519024010,4
080490002041046,4
081070003001014,4
080810006002103,4
081070008001112,4
080299646004047,4
080490002032054,4
080770015042016,4
080810006002034,4
081039511002132,4
080459517021011,4
080490002052018,4
080299652021024,4
080810006001465,4
080770018001126,4
081070001002004,4
080490002072156,4
080770008012058,4
080770015044028,4
080770004004020,4
080770013044023,4
080299650012034,4
080770018002061,4
080459519011006,4
080770008022004,4
080299652022039,4
080770013023050,4
080770010012003,4
080459521001109,4
081070001001042,4
080490002053044,4
080299650021010,4
080459519024065,4
080459519012071,4
080490001002091,4
080770010011008,4
080579556001424,4
080770013032018,4
080459516001062,4
081070003001074,4
080490002052045,4
080810006001188,4
080770018002021,4
080810006002214,4
080770011023022,4
080810006001014,4
081039511002281,4
080459521001158,4
080459519012035,4
081070005004006,4
080770017073040,4
080770017064020,4
080459517023023,4
080770014023068,4
080299649003027,4
080770015023097,4
081070008001017,4
080490001001032,4
080770016001011,4
081070003001206,4
080490002052033,4
080579556001515,4
080770014031051,4
081070003001063,4
080459521001225,4
080490002061024,4
081070001001028,4
080299648004004,4
080459517011007,4
081039511003058,4
080490002031016,4
080459518022014,4
080770005001005,4
081039512001149,4
080810005005023,4
081070005003031,4
080299649001037,4
080299652012020,4
080810006001539,4
080770018002151,4
080810006001000,4
080770017051026,4
080770015021019,4
080770009001071,4
080459519022045,4
080299646001048,4
080770014032022,4
081070007032020,4
080579556001469,4
080459520031039,4
080490001001238,4
080770009002038,4
080299647001024,4
080770017051024,4
080770018002079,4
080810005002001,4
080459516001036,4
080770002001021,4
080490001001102,4
080810006001241,4
080579556001089,4
081070008001139,4
080459517021000,4
080490001002084,4
080459518042028,4
080459518032027,4
080459520032083,4
080299649002032,4
080459520032003,4
081070003001089,4
080490002072047,4
081039511004045,4
080770010022006,4
080299649003021,4
080459517013019,4
080490001001265,4
080810006001395,4
080770018001044,4
080770010013027,4
081039511001069,4
080770019003063,4
080810006001405,4
081039511001011,4
080490001001137,4
081039512001190,4
080459516001071,4
080459518032039,4
081070003002044,4
080459517023020,4
080299648004028,4
080770013023037,4
080770009001040,4
080810006002101,4
081070008001026,4
080459518032011,4
081070008002034,4
080770007003007,4
080459519022008,4
080810006001417,4
081070006001001,4
080770006022007,4
080770018002285,4
081070003001119,4
080299646004048,4
081039511002077,4
080299652021035,4
081039512001082,4
080770008011017,4
080770019002011,4
080770014031015,4
080459520031015,4
080770011022005,4
080459521003010,4
080490002072045,4
081070001002132,4
080299650013047,4
080299651003029,4
080770014033017,4
080579556001484,4
080770011023021,4
080459520032042,4
080490002051060,4
081039511001154,4
080770013041000,4
080770015021033,4
080299649002026,4
080770002001018,4
080810006001294,4
080490001001082,4
080490002072046,4
080459521002006,4
081039512001268,4
080459516001002,4
080490002032049,4
080770011044010,4
081070003001022,4
080299646003015,4
080770003001036,4
081070001002058,4
080459518043009,4
081070002002028,4
080810004003007,4
080299647001025,4
081039512001086,4
080770015022086,4
081039512001011,4
080299647002069,4
080490001001252,4
080770009001069,4
080810006001154,4
080579556001222,4
080810006002144,4
080579556002030,4
080770014022024,4
080490001002073,4
081070008002054,4
080459521001025,4
080459520031130,4
080810006001434,4
080770014022036,4
081070003001163,4
080770018002247,4
080770018001133,4
080459518032031,4
080299646001017,4
080770014031036,4
080770019003056,4
080770017023014,4
080810004001003,4
080459520031105,4
080770015024072,4
080459521001129,4
080490002072150,4
081070001001050,4
081070002002018,4
080770016002074,4
080810006001577,4
080490002072096,4
081039511004036,4
080810003002034,4
081070005001006,4
080770016002022,4
081070003002039,4
081039512001036,4
080770019001149,4
080299646001002,4
080770013022014,4
080299651002018,4
080810006001236,4
080770018001093,4
081039512001219,4
080810006001118,4
081070005004034,4
080579556001281,4
080770015033013,4
080299646004029,4
080299648002004,4
080459518032049,4
080770015044042,4
080770013022032,4
080299646001050,4
080579556001120,4
080770011032001,4
081039511002206,4
080579556001436,4
080770015044044,4
080299647002036,4
080459518021019,4
080459520011025,4
080770013044003,4
080579556001046,4
081070007012017,4
080459518021010,4
080770013021080,4
080770014021011,4
080770011032003,4
080770011024062,4
080490002031018,4
081070007032006,4
080770014031006,4
080459518041022,4
081070002001012,4
080490001001343,4
080459521001122,4
080770015024022,4
080299652021019,4
080490002072110,4
080770018002146,4
080459521001095,4
080770013031026,4
080459519011013,4
080299647003025,4
080770013022030,4
080810005002013,4
080459517012031,4
080459519012005,4
080770011024008,4
081039511001096,4
081070007011009,4
080770017073048,4
080770010023029,4
080770012002023,4
080770017032010,4
080770019003052,4
080579556001080,4
080299652021007,4
080579556001374,4
081039512001109,4
080490002072033,4
080770011024021,4
081070003001150,4
080770015033015,4
080770018001039,4
081039512003017,4
080770017052002,4
080490001001126,4
080810006001167,4
080770018002089,4
080459516001095,4
080459520032067,4
080810006001168,4
080299649003034,4
080770018002043,4
080770015023070,4
080770014033036,4
081070003001080,4
080770002001031,4
080770009001081,4
080770013022020,4
080770015023090,4
080770008011047,4
080490001001281,4
080810006002190,4
080490001002094,4
080490001001249,4
080770003001043,4
080490002032014,4
080490002051024,4
081070002002035,4
080810004002002,4
081039511002194,4
080299648002037,4
080299652011009,4
080490001002109,4
080490001002105,4
080299649002063,4
080770017024014,4
080770015022085,4
080459518022062,4
080299652021027,4
080810006001426,4
080490001001182,4
080490002062039,4
080770013022011,4
080490001001170,4
080770013044021,4
080810006002037,4
080490002032027,4
080299646001005,4
080770008022056,4
080770015022014,4
080770018002175,4
080459520043027,4
080299647001034,4
081070003001088,4
080770007002007,4
080490001001336,4
080490002041055,4
080459518022010,4
080770019001191,4
080770018002153,4
080490002041013,4
080299648001038,4
080299647002077,4
080299650022035,4
081039511002075,4
080770018002192,4
080770015033019,4
080770017022059,4
080770011021027,4
080490002071003,4
081070001002064,4
080459518043002,4
080770019003001,4
080770015024030,4
080459518034000,4
080770014023044,4
081039511001116,4
080770003002002,4
080770007002021,4
080770003002011,4
080490001001237,4
081070004001006,4
080459516003032,4
080770016001032,4
080770006021013,4
080770018001141,4
080770010013031,4
080459518032046,4
080490001001046,4
080770017031001,4
081070005004008,4
080770015033024,4
081039512001277,4
080810003002006,4
080299649002057,4
080459518032024,4
080299647001003,4
081039511002253,4
080770016001009,4
080490002072139,4
080299651001037,4
080490001001272,4
080770013021060,4
080770018002239,4
081070001002075,4
080490002053034,4
080470138012010,4
080579556001338,4
080770015023036,4
080770011031012,4
081039511004001,4
080770019001007,4
080459519012031,4
080770013032038,4
080770019001124,4
080299648004068,4
080810006002167,4
080299651002090,4
080810006002045,4
080770018002120,4
080770011023018,4
080810003002009,4
080299649001021,4
080770014042012,4
080299648004015,4
080490002061085,4
081039512001125,4
080770009002059,4
080459516001043,4
080770015044022,4
080770015041010,4
080770011043012,4
080490002071023,4
080770015044010,4
081070006002003,4
080299651001038,4
081070008002007,4
080579556001017,4
080459520031013,4
081070002001004,4
080770013043000,4
080770017031019,4
081039512001196,4
080299646004003,4
080810006002154,4
080770015043020,4
080770015032040,4
080459519022035,4
080579556001538,4
080770011024059,4
080770019001037,4
080810006002186,4
080770007001021,4
080579556001354,4
080770018002072,4
080490001001105,4
080459519011018,4
080299646001039,4
080810006002212,4
080810006001162,4
080770014021006,4
080770003001034,4
080770013023003,4
080490002051002,4
081039512001097,4
080490001001022,4
081039512003036,4
081070003002006,4
080770011044018,4
080770008022037,4
080490001001076,4
080810004004022,4
081070008002070,4
080470138012028,4
080810004005005,4
080490002061061,4
080459520011033,4
081070004003041,4
080810006001342,4
080490002051000,4
080490002052016,4
081070001002166,4
080770005002001,4
080770010011017,4
080459519023008,4
080770012002003,4
080459519011048,4
080579556001254,4
080459518032005,4
081070008002040,4
080490002061038,4
080770018002200,4
080770008012019,4
080299649001051,4
080579556001312,4
080299649002001,4
080299646004023,4
080810004001005,4
080770014033027,4
080459517012007,4
081039511001068,4
080130137053033,4
080459520011035,4
080770016002042,4
081039511003029,4
080299647001008,4
080810006002109,4
080459520011034,4
080770018002154,4
080459518031002,4
080770017022008,4
080770014022015,4
080490001001348,4
080299648004031,4
080770015024054,4
080299646004015,4
080770017071004,4
081070002001045,4
080770019001032,4
080299650013046,4
080810006001302,4
081070001002155,4
081070004002025,4
080579556001379,4
080810006001362,4
080770006021010,4
080490002053054,4
080459520013017,4
080459519013004,4
080770018001131,4
080490002041022,4
080299649002068,4
080770019001155,4
080810005006006,4
080810006002082,4
080770019001047,4
081070005001001,4
080459521001155,4
080810006002266,4
080770014022019,4
081070001002029,4
080299649003018,4
081070008002014,4
081070005002009,4
080770019001119,4
080490002061012,4
080299652021009,4
081039512003025,4
080770013042014,4
080810005005008,4
080579556002048,4
080770010023017,4
080459521001036,4
081070008002045,4
080770015033003,4
080770018002166,4
080810006002088,4
081039512001197,4
080490002061068,4
080770010011019,4
080770015043035,4
080770017021005,4
080459520031053,4
080770014021034,4
080770017023019,4
080770009001073,4
080299651001028,4
080770015024058,4
080490001002116,4
080490002053045,4
080490002042051,4
080299652011027,4
080459520013003,4
080770012001013,4
080459520042039,4
081039511003021,4
080810006001145,4
080459521001023,4
080299647002010,4
080490001001093,4
080770013031027,4
080579556001491,4
080299652021012,4
080130137051018,4
080770007002008,4
080770014043010,4
080459518041012,4
081070001002164,4
080459519011061,4
080459520042012,4
080810003001019,4
080490002031012,4
080770006025004,4
080490002072009,4
081070001001047,4
080770014033050,4
080770017073004,4
080490001001184,4
080490002042050,4
080579556001406,4
080299650013045,4
081039511001092,4
080490001001154,4
080299651001048,4
080490002062029,4
080490002031006,4
080770018002046,4
080299649003017,4
080579556001010,4
080770016001044,4
080770008021005,4
081070001002149,4
080770015033007,4
080770011043000,4
080770007001028,4
080770013021024,4
080770018001002,4
080770005001010,4
080490002061060,4
081070003001179,4
080299648001050,4
080810005005015,4
080770015042032,4
080770011024036,4
081039512002009,4
080770017053005,4
080770017053002,4
080459519011025,4
080459516001021,4
080770018002012,4
080490001001123,4
080770016001070,4
081070005004000,4
080770010023015,4
080770011032002,4
080490002072165,4
080579556001181,4
080810006001099,4
080459520031023,4
080810006002217,4
080810006002287,4
080770007001033,4
080299646003043,4
080459520041003,4
081039511003064,4
080770016002007,4
080459521001049,4
080490002061048,4
081070001002063,4
080770017024018,4
080770015033031,4
080299652012013,4
080770018002161,4
080579556001147,4
080770018002082,4
080459521001015,4
081039512002049,4
080459518034007,4
080810005003017,4
080770008011012,4
080490002041064,4
080299648004044,4
081039511004025,4
080770015032011,4
080490002042053,4
080459518021071,4
081070004003025,4
080579556001461,4
080770015041055,4
081070003001207,4
080810006001355,4
081039512001096,4
080770017024033,4
080459517022000,4
080810006002053,4
080459519011005,4
080770015031015,4
080579556002001,4
080770016001050,4
081070004003040,4
080770015042038,4
080770009001008,4
080810006001369,4
081070005002006,4
080770017072006,4
080579556001257,4
080770018002039,4
080770011042015,4
080770017024004,4
080770011041020,4
080770006023019,4
081070008002068,4
080490002061031,4
080459519012015,4
080459519012065,4
080459517012030,4
080490001001006,4
080490002051079,4
081039512001092,4
081039512001108,4
080299651003057,4
080770018002211,4
080490001002035,4
080459519021029,4
080770009002005,4
080490002071065,4
081039511002216,4
080299651002095,4
080770017023000,4
080459519021033,4
081070007011002,4
080770010021015,4
080770017053021,4
080490001002052,4
081070003001057,4
080579556002037,4
081070004001010,4
080770008012038,4
080770011041018,4
080299651003039,4
080459520032075,4
080459519023025,4
081070003002037,4
080130137062045,4
081070008002030,4
081070008001037,4
080770018001052,4
080770003001006,4
080299651003044,4
080770018002136,4
080770015023075,4
080459517023022,4
081070005003015,4
080299646002012,4
080770018001142,4
081039512002024,4
080490002041000,4
080470138011004,4
080459518034019,4
080770015023085,4
080770018001048,4
080810003002004,4
081070008002064,4
080459516001065,4
081070003001177,4
080459520031145,4
080770009002004,4
080490001002056,4
080459520032012,4
081070005003042,4
080810006001042,4
080770014033030,4
081039512002052,4
081070002002034,4
081070003001189,4
080770017072026,4
080459517012016,4
081039511001124,4
080810006002160,4
080810006001218,4
081070003001136,4
080770014043011,4
080770002002026,4
080770011023017,4
080459519012061,4
080490001001260,4
081039511002280,4
080770004002001,4
081070008002017,4
080770018002178,4
080770013021026,4
081070005003009,4
080770018002006,4
080770010024018,4
080459519022054,4
081070003002058,4
080459518022026,4
080810005006009,4
080770011032017,4
080770016002011,4
080299647003011,4
080490002072136,4
081070005004024,4
080770015022010,4
080459520031080,4
080459521001139,4
080770002002003,4
080459520032071,4
080770013031025,4
080459519012072,4
080770008022005,4
080770014043024,4
081070008002051,4
080770011032014,4
080459517023009,4
081070005002019,4
080770013044011,4
080770010023024,4
080490001001245,4
080770011043001,4
080770008011032,4
080770008021064,4
080459516001068,4
080770018001057,4
080810003001034,4
080770015042015,4
080770015023013,4
080770002002002,4
080579556001401,4
080770017021013,4
080459519012073,4
080459516001003,4
080490002071004,4
080770004002007,4
080810006001299,4
081039511001114,4
080770011024013,4
080770011032036,4
080770008012056,4
080299649001004,4
080770003001009,4
080459520043000,4
080770015021054,4
080459520031048,4
080770013032012,4
080810006001226,4
081039511004051,4
080299651001039,4
080770011041008,4
080810006001479,4
080459519011011,4
081070003002040,4
080770017063017,4
080770010022012,4
080810006002020,4
080770007003038,4
080490002072115,4
080459520011029,4
080459520044030,4
080770011021023,4
080770019001204,4
080299652022033,4
080770016002073,4
080770019002028,4
081070005002031,4
080299651003030,4
080490002051097,4
080459519021020,4
080770011024027,4
080459520032048,4
080770017073017,4
080459521004009,4
081039512001262,4
081070003001061,4
080459521004011,4
080459518032012,4
080299649001010,4
080810005004006,4
080490001001104,4
080770014021038,4
081070006003015,4
080770006023005,4
080299648004045,4
080459521004014,4
080490002032057,4
080810006001242,4
080490001002113,4
081070008001047,4
080459518042029,4
080810006001052,4
080810006002025,4
080770008021003,4
080770004002013,4
080490001001165,4
080770018001042,4
080490002061028,4
080459516003022,4
080490002051001,4
080299649002009,4
080770015023080,4
080299649002006,4
081070004003022,4
080770018001139,4
080810005001028,4
080579556002018,4
080490001002086,4
080299652021026,4
080770019001184,4
080770014033040,4
080490001001248,4
080490002032034,4
080770002002017,4
081070002002036,4
080770017031020,4
080490001001027,4
080770014044032,4
080770011021003,4
080770018002262,4
080810006002055,4
080770009001043,4
080459520031063,4
080810006002117,4
081070008001025,4
081070005004031,4
080459520044002,4
080770019001070,4
080579556001258,4
080770017033001,4
080299648004040,4
080770015033004,4
081070004002015,4
080770019001076,4
080459517012002,4
081070003001043,4
080299650011016,4
080770013023032,4
080459521001084,4
080299646002053,4
080459516001028,4
081039512001040,4
080459519024050,4
080770011022000,4
080299652021013,4
080459521004054,4
080770017073022,4
080770014031049,4
080490001001023,4
081070001002130,4
080770017032004,4
080770013023028,4
080810006002221,4
080579556002053,4
081039511002111,4
080459517021001,4
081039511001117,4
080299648001016,4
080459516001055,4
080299647001001,4
080770014033028,4
080459520012013,4
080770017024032,4
080770004004024,4
080770017072046,4
081070004003013,4
080299650021039,4
080299652022041,4
081039511001049,4
080770011021004,4
080810006001510,4
080770010013010,4
080770008011010,4
081070003002051,4
080470138011014,4
080770018002280,4
081039512001286,4
080299647002008,4
080770015021049,4
081039512001130,4
080459518021035,4
080810005003013,4
081039512001229,4
080770004002014,4
080490001001276,4
081039511002069,4
080459519023010,4
080770003001042,4
081070008001125,4
080770016001018,4
080770008021012,4
080459520031020,4
081039512003002,4
080130137052028,4
080459518043012,4
081070001002071,4
080299646002021,4
080770018001033,4
080770014041005,4
080579556001279,4
080299651002053,4
081039511001166,4
080770009001030,4
080810006002286,4
080810006002269,4
080810006001318,4
080770012002027,4
080459521001190,4
080770017063003,4
080770019001111,4
080459520044006,4
080770017053009,4
080299648002028,4
080579556001121,4
081039511002122,4
080490002071007,4
080770016002012,4
081070003001184,4
080299646001008,4
081070008001147,4
080459518021033,4
080490001001316,4
081070004003026,4
080490001001295,4
080299650013007,4
080490001001004,4
080459516003042,4
080299647003028,4
081039512003042,4
081070008001012,4
080770019003041,4
080490002072120,4
080770013021035,4
080770017072015,4
080299649003002,4
081070008001036,4
080299648002005,4
080770008021065,4
080490001001282,4
080770002001029,4
080810006002113,4
080770014023059,4
080770017072041,4
080579556001523,4
080490002051010,4
081070005003011,4
080459516001077,4
080770015031022,4
080579556001115,4
080459518022004,4
080579556001314,4
080579556001498,4
080490002052040,4
081039512001242,4
080770013021041,4
080770015023003,4
081070007021002,4
081070007031007,4
080810005006020,4
080770015042027,4
080770007001004,4
080810004004016,4
080299647002073,4
080770015041027,4
080470138012011,4
080299647003062,4
080770009001031,4
080459521001079,4
080299651001029,4
080490002061022,4
080770017072003,4
080770013021092,4
081039511001036,4
080579556001227,4
080810006002133,4
080299652011017,4
080770019001023,4
081070005002015,4
081070004002010,4
080770016002001,4
080579556001540,4
080490002072153,4
080299652022036,4
080770013021069,4
081070004001024,4
080459521002022,4
080810006002274,4
080299652021015,4
080490002042063,4
080770014033034,4
080770018002048,4
080299646004034,4
080770019001001,4
081070001002147,4
080299648004010,4
081070004003007,4
080299647001012,4
081070002001001,4
080770010013033,4
080810006002131,4
080459516003038,4
080770008021042,4
080770009002015,4
080810006001360,4
081070003001122,4
080770015022054,4
080810006001578,4
081070007012003,4
080490002072101,4
080299649003032,4
080459521003035,4
080770013022044,4
080770015031002,4
081039512002036,4
080810006001185,4
081070008001064,4
081039512003027,4
080770002001004,4
080770010011022,4
080810006001030,4
080579556001128,4
080459519021023,4
080299650012028,4
080459519012044,4
080490001001210,4
080459521004041,4
081039512001234,4
080459519022013,4
080810006001144,4
080810006001331,4
080299647002033,4
080459520031011,4
080770015023133,4
081039512002055,4
080770010011009,4
081070001002030,4
080770004004001,4
080490001001048,4
081070002002006,4
080490002051091,4
080770016002021,4
080579556001367,4
080810004004026,4
080770013022040,4
080810006001141,4
080810006002183,4
080770019001061,4
080490002062036,4
080770015021055,4
080459520031107,4
080770018002145,4
080770015024066,4
080770008011049,4
080770017072027,4
080299650012036,4
080490002072064,4
081070003001127,4
080459521001054,4
080459518032037,4
080810006002091,4
080490002071059,4
081039511002228,4
080770013044008,4
080490002042009,4
080770006013014,4
080299648002009,4
080770019003028,4
080490002042026,4
080770018001075,4
080810005001004,4
080579556001541,4
080459518021029,4
081070003001079,4
081070008001024,4
081070001002165,4
080299651003007,4
080770015031020,4
081039511002115,4
080770015044009,4
080490002051048,4
080459521004020,4
080770019003042,4
080459520011005,4
081039511004011,4
081039511002118,4
080810006001557,4
081039512003041,4
081039512001025,4
080770018002188,4
080490002042028,4
080459519024027,4
081039511001135,4
080770008022002,4
080459521001064,4
080459519024047,4
080770018001098,4
080459517013009,4
080459521004015,4
080299651002025,4
080770008022030,4
081039512001223,4
080459519011058,4
080770018002173,4
080490002052004,4
080770015022028,4
080770014021028,4
081070008002062,4
080490002041031,4
081039512001235,4
080770018002119,4
081039511002184,4
080299651003046,4
080299652021036,4
080770007002010,4
080299646003007,4
080299651002093,4
080770008011064,4
080770018002197,4
080459519024013,4
080299650013050,4
080579556001088,4
080490002031007,4
080459518042015,4
080299650022006,4
080490002072116,4
081039511003069,4
080770014031037,4
081070008001057,4
080770009001001,4
080770009001063,4
080459520044047,4
081070002001060,4
081039512003046,4
080299649002051,4
080459520031161,4
080459519024016,4
080770018002002,4
080770015042022,4
080770017073002,4
081070005004017,4
080770018001076,4
080810003001026,4
080770014033047,4
081070008001102,4
080770009002039,4
081039512001034,4
081039511003010,4
080770015043001,4
080770017071000,4
080810004005021,4
080770008012047,4
080299652011034,4
080770018002243,4
081070006001002,4
080459520044019,4
080490001001176,4
080810006001476,4
080490001001099,4
080770010024013,4
080810006001257,4
080770017063011,4
081070006003018,4
080299648004038,4
080490001001040,4
081039512001067,4
080810003001020,4
080459520032069,4
081070002001019,4
080810006002250,4
080299647002021,4
080770014041016,4
080579556002007,4
080770009002071,4
080810006001211,4
080810006002132,4
080770015021022,4
080459521001200,4
081070003002056,4
080490002032038,4
080810006001280,4
080490001001215,4
080490002041048,4
080490002051131,4
080490002053000,4
080770014021043,4
080810003001036,4
080299651002077,4
080810005005028,4
080299646001041,4
080770018001005,4
080299647002059,4
080770009002058,4
080810006002116,4
080770015022090,4
080579556001087,4
080490002071030,4
080579556001289,4
080770015024028,4
081039511003057,4
081039512001030,4
080459517012047,4
080770011024058,4
081070001002032,4
080459521001178,4
080770014041010,4
080459518042000,4
080490001001116,4
080299651002024,4
080299652021029,4
080770017071015,4
081070001002152,4
080490002052037,4
080810004005007,4
080770014021037,4
080299648004034,4
080770015031001,4
081039511003049,4
080459518022006,4
080770011041029,4
080579556001108,4
081070005003003,4
080299646002035,4
080770017073003,4
080770011041006,4
080810006001088,4
080299649003005,4
081039511002147,4
080459518031010,4
080579556001440,4
080770004002008,4
080810006001406,4
080299647001030,4
080299650021009,4
080579556001031,4
080770013031014,4
080490001001223,4
080459517022014,4
080459520044026,4
080770011024003,4
080770011022014,4
081070001001016,4
080810005003010,4
080770013032043,4
080770012001022,4
080770019001018,4
081070006001007,4
081039511002148,4
080299646003042,4
080770018001144,4
080490001001315,4
080459518042002,4
080459520032079,4
080490001002070,4
080810006001445,4
080459516001096,4
081070007021006,4
080579556001032,4
080299650012009,4
080459516001022,4
080459520031116,4
080770009002007,4
081070007032017,4
080770013021052,4
080770015023123,4
080770009002013,4
080459520031067,4
080299647002019,4
080810005002020,4
080810004003023,4
080490002051115,4
081070007031003,4
080459518041014,4
080770015043037,4
080459519023016,4
081039512001089,4
080490001001241,4
080770015041047,4
080490002071069,4
081070005004023,4
080579556001236,4
080770018002113,4
080490002041024,4
080490001001050,4
080770008022012,4
080770008011053,4
081070003002059,4
080299646004014,4
080459517021009,4
080770019001171,4
081039511004018,4
080810004002004,4
080810006001043,4
080770013021019,4
080770016002013,4
080770015023103,4
080299648004026,4
080579556001144,4
081070001002093,4
080770018001051,4
080490001002018,4
080490001002033,4
080299649002033,4
080810006002155,4
080299647003040,4
080459517024007,4
081039512001121,4
080770011041013,4
081070005004012,4
080579556001204,4
080770007002005,4
080490002072025,4
080459521001144,4
080459519013030,4
080459521001007,4
081039511002040,4
081039512001135,4
080299649002031,4
080810006002043,4
080770009002017,4
080770018002139,4
080810003002002,4
080579556001165,4
080770016001015,4
080490002062014,4
080770004004003,4
080810006001286,4
080770014022016,4
080770011031014,4
080810006001196,4
080299647001018,4
080770017064004,4
080579556001309,4
081070008002060,4
080770014031035,4
080459519012020,4
080810006001592,4
080459521004035,4
080770014044028,4
080299647003002,4
080770003001031,4
080770010024000,4
080810004001007,4
081039511001160,4
080299647002044,4
080490001001312,4
080299647003043,4
081070001002044,4
080770013021087,4
080810004005006,4
080490002071019,4
080770015033033,4
080770015043016,4
081039512001202,4
080299652012014,4
080459518032042,4
080299646004012,4
081070001002140,4
080459519024041,4
080770009002034,4
080770014044027,4
080810005002023,4
080459520031143,4
080770011021032,4
080770019001200,4
080299649002055,4
080299647002064,4
080459520031074,4
080770018001032,4
080770014032017,4
081070003001167,4
080490002061016,4
080299650011026,4
080770011042018,4
081070008001010,4
080770008012028,4
080770017022041,4
080770019001055,4
080459518033001,4
080770011043004,4
080459516003017,4
080299650022005,4
080299652011030,4
080299650011029,4
080770015044026,4
080770015021006,4
080810006001482,4
080299652022040,4
080490002071068,4
080810006001462,4
080810006001489,4
080459518031006,4
080810006001532,4
081039511001070,4
080770013044019,4
080459517022003,4
081039511003012,4
080770018002252,4
080770014032020,4
080490002072129,4
080459520031098,4
080770013021090,4
080299652022013,4
080810006001427,4
081070001002085,4
081039511001157,4
080490001001288,4
080490001001224,4
081070001001007,4
081039511004019,4
080810005003012,4
080770014021009,4
080770007002019,4
081039511004021,4
080770015024020,4
080810006002253,4
080490002061007,4
080299647002043,4
080770011041004,4
080770010021013,4
080490002053001,4
080810006001096,4
080770008022042,4
080770011023015,4
080770014023047,4
081070008001122,4
080770010021010,4
080770014032009,4
080810006001497,4
080770009001052,4
080299650022016,4
080490001001150,4
080490002062050,4
080299650021022,4
081070008002055,4
080810006001081,4
080770006023010,4
080459520032072,4
081039511001125,4
080770017051025,4
081070005001010,4
080490002072059,4
080299652022012,4
080770018002008,4
080810006001128,4
080459520031001,4
080459519024045,4
080770015023005,4
080459517023005,4
080770009002040,4
080770009001064,4
080459520032066,4
080770015041023,4
080459518021047,4
080490001001112,4
080490001002065,4
080459517023024,4
080459518022035,4
080770014033011,4
080770006023012,4
080770017061005,4
080770015041060,4
080810005006032,4
080490001001287,4
080459520032044,4
080770017052014,4
081070006002006,4
080459520011024,4
080299647002034,4
080299651003011,4
080579556001403,4
081039511002251,4
080770015043011,4
080770013023034,4
080810005003020,4
081039511001123,4
080770015023110,4
080770015022102,4
080579556002056,4
080579556001202,4
080579556002016,4
081039511001100,4
080490002042020,4
080770013022035,4
080770013031005,4
080770015031017,4
080770015032012,4
080459521004055,4
081070004001015,4
081070008002049,4
080299647002022,4
080459521001076,4
080299651001007,4
080770015024048,4
081070003001154,4
080490002032059,4
081070001001039,4
080810006001213,4
080770015022082,4
080490001001127,4
080459517012012,4
080459520012018,4
080770015023028,4
080770010023032,4
081039512001244,4
080770010023010,4
080810006001293,4
080299650013026,4
080299651001047,4
080490001002016,4
080770017024023,4
080299648001051,4
081070008001041,4
081039512001220,4
081039511002006,4
080459521003014,4
081070002002037,4
080459520042023,4
080770019003038,4
080810006002245,4
080810006002259,4
080810006001447,4
080579556001283,4
080579556001423,4
080770019003061,4
080770014033032,4
080490002052011,4
080490002053047,4
081039512001156,4
080810004001004,4
080299647003066,4
080810006001264,4
080490002072018,4
080810003001082,4
080770016002057,4
080770013043027,4
080770003001010,4
080490002051098,4
080490002041061,4
080579556001443,4
081070002002025,4
080490001001290,4
080770015023065,4
080770010022002,4
080299646004018,4
080770008022006,4
080490002061042,4
080770008012055,4
080579556001049,4
080130137053019,4
080459516003016,4
080770018002052,4
081070007032001,4
080810005005019,4
081070001002072,4
080770018001013,4
081039511001057,4
081070005003023,4
080770014041013,4
080459516001108,4
080810006001385,4
080810005002016,4
080299646002003,4
081039511002275,4
080459520032082,4
080490002053016,4
081039511003019,4
080770019001135,4
080770015041035,4
080770015032034,4
080770012002020,4
081039511002073,4
080770015022042,4
080579556001100,4
080770018001084,4
080810003001004,4
080459517022009,4
080299652012006,4
080459521002002,4
080770013022021,4
080579556001528,4
080810006001467,4
080770018002268,4
080770015023052,4
080459518021072,4
080459521001135,4
080459520011013,4
080579556001085,4
080770010011015,4
080770006025002,4
081070002002000,4
080770013041014,4
080459519011016,4
080770018001138,4
080459521001138,4
080810006001183,4
080770004001010,4
080770019001193,4
080770017072021,4
080810004004012,4
081070005004038,4
081039511001094,4
080459520042052,4
080770018001071,4
080770011032034,4
080770011021020,4
080770010023028,4
080770017073026,4
080810006001253,4
080770015023058,4
081039511002183,4
080459521001119,4
080770008012050,4
081039512002027,4
080299646004017,4
080770014033039,4
080299647002063,4
080770008022043,4
080459518032047,4
080810004003027,4
080299652022015,4
080770018002134,4
080459518034024,4
080770017031008,4
080490002072055,4
080490002032039,4
080459520031030,4
080490001001013,4
080770013042019,4
080770019001152,4
080299649001048,4
081070003001155,4
081039511001151,4
081070001002111,4
080770019003058,4
081070003001051,4
081070003001118,4
081070007012032,4
080459519024056,4
080770010022011,4
080770014023070,4
080770002002013,4
080770015022104,4
081039511002136,4
081039511001169,4
080770017073019,4
080770004002004,4
080770015044036,4
080579556001132,4
080770010021008,4
080490001001028,4
080459520032019,4
080770009001002,4
080770008011054,4
080770006012011,4
080770013022016,4
080490002062063,4
080770013041010,4
080770011022009,4
081070004003004,4
080459521001068,4
080299652022038,4
080810006001515,4
080770015042003,4
080299650022019,4
080810005001020,4
081070003001011,4
080490002062032,4
080459519022059,4
080770017072052,4
080459520031061,4
080299650013019,4
080459521001104,4
080490001001305,4
080770019001122,4
080579556001327,4
081070008002066,4
080810004004014,4
080299650013034,4
080490001001189,4
080810006001520,4
080810006001127,4
080770006022006,4
080490002051041,4
080459519022053,4
080810006001267,4
081070005003019,4
080770007001031,4
080770018002210,4
080770015022052,4
080459517012023,4
080770014031023,4
080770015031029,4
081070001002120,4
080490001001062,4
080770017033024,4
080770015031016,4
080770012001023,4
080770013042005,4
080770009001012,4
080770016002066,4
080459520013013,4
080490002042034,4
080770015022092,4
080579556001065,4
081039511003050,4
080459518034021,4
080770008011048,4
080770016001031,4
080770016001067,4
080810006002077,4
080770014023049,4
081039512001066,4
080299650013038,4
080459517024010,4
080770005002002,4
081039512002003,4
080770011032018,4
080770013032006,4
080770009001021,4
080459519012038,4
080490001001332,4
080810006001317,4
080459519022023,4
080299650021004,4
080459518043018,4
080490002061051,4
080459518022018,4
081070004002002,4
080459521003009,4
080770006021003,4
080579556001228,4
081070001002046,4
080770011032024,4
080770015031011,4
080810006001306,4
080470138012029,4
080810006001260,4
080299649002066,4
080770014021046,4
081070001001038,4
080770006012003,4
080770015042026,4
080490001002103,4
080770011021001,4
081070003002054,4
080770015022072,4
080770019001159,4
080459521001183,4
080810005006012,4
081070004003003,4
080459516003008,4
080770010021017,4
080770015023061,4
080490001001308,4
080770006013018,4
080770010021003,4
080459519011060,4
080299647003050,4
080490002061036,4
080770016001026,4
080770008021055,4
080770010012009,4
080810006002268,4
080299646003046,4
080459520012021,4
080770018001115,4
080770014044010,4
080770015041037,4
080459518033015,4
080459516001059,4
080299647003007,4
080770006021009,4
081070001002057,4
080770015041053,4
080770011031018,4
080770013044001,4
080770019003029,4
081039511003068,4
081039512003023,4
080770017071016,4
080299651003020,4
080770015042012,4
080810006001215,4
080490002071062,4
080810005004008,4
080490002071001,4
080459518032040,4
080459516003003,4
080810006001457,4
080490002071064,4
080770017062005,4
080459521004000,4
080770010021023,4
080459518042022,4
080770015041018,4
080459518022051,4
081070003001070,4
080459520032036,4
080810006001013,4
080770008011014,4
080770017064016,4
080490002072024,4
081039512002037,4
080490002053046,4
080770018002149,4
080459517013017,4
081070008001061,4
081070003001033,4
081039512003021,4
080770013043011,4
080770013021009,4
080579556001303,4
080770015043042,4
080490001001179,4
080299650022015,4
080490002051040,4
080810005001001,4
081070008002075,4
080770017022047,4
080770015042000,4
080299646003002,4
080299649002054,4
081070003001003,4
081039512002025,4
080459516001053,4
080490002031000,4
081039511004033,4
080770016002070,4
080810006001448,4
080459520041026,4
080299652012027,4
081070001002171,4
080810006001113,4
080810006002127,4
080490001001261,4
080770011024023,4
080810006001428,4
080299651002061,4
080770014022028,4
080810006002123,4
080810006002220,4
080459521004019,4
080490002051062,4
080579556001308,4
080810006001181,4
081070004002020,4
080770017022032,4
081070008002001,4
081039512002042,4
080579556001280,4
080810006001249,4
080459518021036,4
080770013044014,4
080770013041001,4
080459520031119,4
080459516001082,4
080490002041062,4
080299647002049,4
080770008012057,4
081070005004030,4
080490001001318,4
080459520043004,4
081070001002172,4
081070005003004,4
080770013031018,4
080770006025000,4
080579556001086,4
080810006002243,4
080459521001090,4
080770011024043,4
080810006001017,4
080579556001370,4
080770015022022,4
080299648001003,4
080459520011030,4
080459518022017,4
080459521003020,4
080459518041028,4
080459521001096,4
080770018001031,4
080770014021012,4
081070003001069,4
080770019001177,4
080490001002010,4
080770009002057,4
080770018002050,4
080459518032001,4
080770015031025,4
080770004001014,4
080770015024010,4
080770006022011,4
081070003001054,4
080459521001044,4
080490002051107,4
080770018001030,4
080770002001011,4
080770015021061,4
080770018001125,4
080810006001021,4
080810004004017,4
080579556001006,4
080770017063009,4
080770014044012,4
080490002052046,4
080490002042033,4
080130137053020,4
080810005006022,4
080459516001094,4
080459516001013,4
080770004004006,4
080770011032009,4
081039512002019,4
080770018001036,4
080810005002005,4
080490002051088,4
081039511002043,4
080459520042033,4
080810003001018,4
080490001001094,4
080770013022026,4
080810005002022,4
080770014033035,4
080490001002011,4
081039511004039,4
080810004005017,4
080770006013006,4
080770014023010,4
080770014021023,4
080299646002030,4
081039512001005,4
080490001001311,4
081070001002041,4
080770016002025,4
080459520031123,4
080299646004001,4
080810006001151,4
080770017051010,4
080490002032058,4
080579556001174,4
080770015031027,4
081039511003032,4
080459518032038,4
080490001001208,4
081039511002261,4
080770014022033,4
080299650022022,4
080459521001149,4
080459521001097,4
081070006001012,4
080770019001112,4
080810005006028,4
080459520032078,4
081070005003032,4
080770007002009,4
081039511001058,4
080770013021076,4
081039512001142,4
081039512003039,4
080490001001119,4
080770015024018,4
080459518034049,4
080770018001123,4
081070004002006,4
080299648004055,4
080810006001274,4
080490002051105,4
080299652022017,4
081070003001050,4
080459517022016,4
080810006002016,4
080459518021058,4
080770012002028,4
080299649001065,4
080459516003043,4
081070001002109,4
080770015024026,4
080459521002018,4
081070007022006,4
080490001002047,4
080299650012029,4
080459520031136,4
081070003001169,4
080770019001048,4
080459519012004,4
080299648004084,4
080579556002012,4
080299647001005,4
080490002061044,4
080770007002006,4
080579556001402,4
080490001001344,4
080299647003008,4
080459516002003,4
080459519022043,4
080770014022007,4
080299647003009,4
080299647002015,4
080810006001491,4
080770014031029,4
080770015022031,4
080770018002282,4
080579556002040,4
080459520031126,4
080459519011021,4
080770015043033,4
080130137053038,4
080490001001149,4
080459520041013,4
081039511001038,4
080810006001248,4
080810006001376,4
080579556001259,4
080299647003016,4
080299650013003,4
080770015023096,4
080770015043026,4
080299651003003,4
080770016002072,4
080770017033006,4
080770009001066,4
080770014044034,4
080299650021028,4
080770019001136,4
081039511002190,4
081070001002122,4
080810005001003,4
080490002051074,4
081039512003032,4
080810003001022,4
080459521001035,4
080810004003009,4
080810006002170,4
080490002062077,4
081070008002044,4
080459518021012,4
080770019002016,4
080490002061041,4
080770015042007,4
080299648002007,4
080459520032032,4
080770014033005,4
080770017072038,4
080299650013021,4
081070003001023,4
080810006002177,4
080299646002011,4
080770013042013,4
080459520032045,4
080490002041026,4
080459518031005,4
080579556001193,4
080490001001114,4
081070004001020,4
080770017064014,4
080770013021032,4
080299650021012,4
080770017031003,4
080130137053031,4
081070002002003,4
080579556001530,4
080770014031016,4
080299649001033,4
080810006002134,4
080490002032037,4
081070005001009,4
080810003001042,4
080459519011057,4
080770014021005,4
081070003001164,4
080490002041059,4
080579556001351,4
080490001001034,4
080459520031005,4
080770013021034,4
080770015023130,4
080459520031087,4
080770007003000,4
080770013043014,4
081039511002052,4
080770008011020,4
081070001001024,4
080770011043025,4
080770011021024,4
080490002062055,4
080299646001032,4
081039512001079,4
080770006023023,4
080770014022031,4
080770019002006,4
080770015023056,4
080770013044002,4
081070005003033,4
080770016002058,4
081039512002032,4
080770019001188,4
080770015043018,4
080459520042029,4
080770014022045,4
081039511002004,4
081039511002083,4
080770010013024,4
080299648004001,4
080770006011009,4
080770008012027,4
080770014023005,4
080459520032015,4
080299646002048,4
080770015031003,4
080579556001160,4
080459519011035,4
081039512003024,4
080770009002076,4
080810006001588,4
081039511002100,4
080770017033020,4
080770015033012,4
080810006001449,4
081070003001001,4
080770010022000,4
080770008012062,4
081070003001024,4
081070002001022,4
080459517022011,4
080579556001502,4
080810006001296,4
080459519012022,4
080770014043003,4
081070001002097,4
081039511002221,4
080459521001093,4
080459519024049,4
081039511002234,4
080459521001037,4
080459521004034,4
080459518021031,4
080810006001009,4
080459521001008,4
080299646004031,4
080490001002019,4
080490002072098,4
080770017052003,4
080810006002176,4
081039512001195,4
080299648001008,4
080299646002040,4
080770009002056,4
080299648004051,4
080299647002052,4
080810006001526,4
080579556002003,4
080770008022009,4
080770014032001,4
080490002072082,4
080810006001227,4
080299646002024,4
080459519024066,4
080299649002050,4
080770017073030,4
080770019003004,4
080810006001034,4
080459519024026,4
080459519024048,4
080810006001240,4
080490001001056,4
080579556001271,4
081039512001198,4
081039511001026,4
080770017024019,4
080459519011078,4
080770003002016,4
080579556001285,4
081070001002137,4
080770008022054,4
080770010024015,4
080770017073012,4
080299650013009,4
080770005001006,4
080770015021062,4
080770010011004,4
080490001001086,4
080770019001198,4
080579556001242,4
080490002041023,4
080459521001176,4
080459521002010,4
080299649001045,4
080770018001063,4
080770015023074,4
080770017022000,4
080810005005006,4
080770015041014,4
080770016001076,4
080299647003031,4
080299648002022,4
080459518022052,4
081070003001092,4
080579556001169,4
080299648004032,4
080490001001236,4
080299651002071,4
080770018002138,4
080770007001024,4
081039512001249,4
080459518032032,4
080810003001073,4
080770011042000,4
080459521001160,4
080459520032052,4
080299651003012,4
081070003001085,4
080579556001432,4
080770017052006,4
081070001002139,4
081070008001080,4
080770014033004,4
080770012002024,4
081070003002005,4
080459519024051,4
080459520031045,4
080490002061063,4
080299652012010,4
080299647003030,4
081070008001111,4
080579556001457,4
080770015042029,4
080459516001010,4
080770017022039,4
080770017061010,4
080459519013035,4
080459517021012,4
080770010023033,4
080770013044007,4
080459521001080,4
080770010024021,4
080770011021013,4
080459517013008,4
080770016002046,4
080810006001256,4
080770019001034,4
081070005003024,4
080770011022018,4
080810004004018,4
080770015024027,4
081070001001000,4
080770015024044,4
080459519011047,4
080810005001021,4
080459521001029,4
080459518022061,4
080459518021023,4
080459519021008,4
080770010021006,4
080459516003029,4
080770011041002,4
081070003002014,4
080770014031042,4
080459521003025,4
080490002072005,4
081070004002003,4
080579556001167,4
080579556001389,4
080770007003033,4
081039511002288,4
080770013032016,4
080770019001064,4
080299646004009,4
081039512002053,4
080770017032001,4
081070008001067,4
080770017021020,4
080770014022050,4
080459521001214,4
080770017053020,4
080579556001439,4
080770008021040,4
080770019002032,4
080299648002030,4
080810006001439,4
080770019001115,4
080299647002001,4
080299648004052,4
080459518021060,4
080770010024026,4
081070003001072,4
080299650013043,4
080490001001301,4
080770008012024,4
080810003002022,4
080490002032063,4
080459520032018,4
080770002001034,4
080579556001509,4
080770015044025,4
080770013021040,4
080299646004036,4
080579556001418,4
080770019001046,4
080770007002022,4
080459516001093,4
080770002001020,4
080810006001495,4
081070005002018,4
080770013021057,4
080810006002096,4
081070007012023,4
080770013041019,4
080299650013013,4
080299651003018,4
080459521001121,4
080299649001060,4
080770009001020,4
080810003001025,4
080770019001010,4
080770008021070,4
080770015022100,4
080770008012059,4
080579556001232,4
080459519011012,4
080459518034018,4
080459521001041,4
080770008021001,4
080459519024070,4
080579556002004,4
081070003001138,4
080459517023019,4
080579556001419,4
080579556001168,4
080810006001593,4
080299650022012,4
080810005001026,4
081039512001271,4
080459517024017,4
080770011023012,4
080770015032001,4
080810006002007,4
080490002062051,4
080770008012044,4
081070003001152,4
080490001001204,4
080299648002001,4
080770019001195,4
080810006002275,4
080299647001035,4
080490002061066,4
080770015024017,4
080459520031086,4
081039511002031,4
080810006001035,4
080770011024024,4
080459521001203,4
080770006024006,4
080770012001017,4
080770010024012,4
080299649001034,4
080770016001039,4
080810006001283,4
080459516003000,4
080299648004075,4
080770016001005,4
081039511004061,4
080490002052020,4
080810006002251,4
080770007003035,4
080770016001065,4
080810004002011,4
080770011044002,4
080490002062073,4
081039511002220,4
080299650011010,4
080299648002014,4
080459517013004,4
080770008011042,4
080490002042055,4
080459521004010,4
080770009001018,4
080299647001010,4
080459518043004,4
080299650013048,4
081039511002024,4
080490001001263,4
081039511002182,4
080770015023035,4
080770008012037,4
080770018002224,4
080770017073038,4
081070002002008,4
080770015041005,4
080299651003043,4
080770014042002,4
080770014031022,4
080490002051066,4
081039511002081,4
081070008001027,4
080770016001075,4
080490002041001,4
080459520032055,4
080770017061001,4
080770015043005,4
081070008001132,4
080459520032064,4
080770011021039,4
080459521001173,4
081039512001266,4
080459519024064,4
080770013044009,4
080770010023026,4
080810006002068,4
080299647003010,4
080459519011052,4
080459521001101,4
080770017072019,4
080810006002022,4
080579556001161,4
080490002062023,4
080770017033013,4
081039512001049,4
080770015042021,4
080770019002034,4
080459516001109,4
080770019002029,4
080459519022048,4
081070008001121,4
080299650012026,4
081039511001039,4
080490002062072,4
080770015021023,4
080490002072004,4
081070003002026,4
081039511003063,4
080770006021008,4
080770011032031,4
080810006002092,4
080579556001208,4
080770017052023,4
080490001001342,4
080299650022024,4
081039511002246,4
080299647003036,4
080579556001496,4
080299648004063,4
080490002041042,4
080459520031040,4
080810003001033,4
080459519012037,4
080770013021016,4
080490002041030,4
080770017033011,4
080810004004024,4
080770015023057,4
081070008001066,4
080770014023072,4
080459519024000,4
080770017073010,4
080299648004050,4
080579556001093,4
080459520032029,4
080299651003056,4
080770019001103,4
080810004004004,4
080299649001030,4
080490002051106,4
080810006001186,4
080770012001002,4
080810005006021,4
080770014023017,4
081070008002010,4
080490002071058,4
080490002051121,4
081070008001007,4
080770015021035,4
080299650013037,4
080490002041025,4
081070001002173,4
080299647001015,4
080459518034040,4
081039511002007,4
080299652022025,4
081039511004009,4
080490001001107,4
081070008002011,4
080299648004083,4
081039512001261,4
080810006001008,4
080770011024019,4
081070008002078,4
081070001001046,4
080770011031006,4
080490002042023,4
080299648002003,4
080770012001005,4
080299651002039,4
080459520044018,4
080770011024055,4
080490001001289,4
081070007012005,4
080770014021025,4
080770015024021,4
080770008012060,4
080770013031021,4
080770018002187,4
080770014044033,4
081070001002010,4
080770019001146,4
080459517012013,4
080770011021007,4
080299652012011,4
080770013043028,4
080810005004011,4
080770014042000,4
081039512001171,4
080459519012064,4
081039511003052,4
081039512001170,4
080770015022071,4
081070008002015,4
080579556001313,4
080299651002015,4
080299649003008,4
080770015044037,4
080459517012032,4
080490002031004,4
081070001002175,4
080810006001304,4
080770019002041,4
080770018002133,4
080770017023010,4
080770008011043,4
080810006002150,4
080770004004015,4
080459516001061,4
080299651002007,4
080579556001444,4
080770018002095,4
081039511002283,4
081039511002274,4
080490001002104,4
080490002062011,4
080770015023040,4
081039512003000,4
080490001001228,4
080770014022008,4
080459519013003,4
080490002041043,4
081070005003026,4
080770016002068,4
080770019003018,4
080770017063004,4
080810004001008,4
080490001001327,4
080459516001069,4
080810004005015,4
080770012002002,4
080299646004006,4
080770019002040,4
080579556001404,4
080810006001493,4
080770019001139,4
081039511001167,4
080810005001022,4
081039511001107,4
080299649002035,4
080770018001108,4
080770013021061,4
080770015041056,4
081039511004024,4
080770016001013,4
080490002072043,4
080770015024068,4
080490002032028,4
080770011022002,4
081070001002054,4
080810004004009,4
080459521001094,4
081070003001005,4
080770010021021,4
080490002051011,4
080770016001046,4
080299651002033,4
080579556001407,4
080299646002007,4
080770014022049,4
080770007003025,4
080490001001274,4
080490001002006,4
080770009001079,4
080770018002249,4
080770015032026,4
080810004003002,4
080770008011036,4
080770019003032,4
080459518022025,4
080770014022001,4
080770017073000,4
080299651002028,4
080810006001599,4
080810003002028,4
080770014033038,4
081039511003009,4
080770012002012,4
080770015031039,4
080490002053014,4
081039511002277,4
081039511003030,4
080770017022010,4
081039511002172,4
080579556001013,4
081039511002020,4
080770018002020,4
080770015022021,4
080770018002181,4
080770009001091,4
080459518022043,4
081039511001152,4
080770015022055,4
080770015043007,4
080770017072008,4
080770017053001,4
080579556001396,4
080490001001085,4
080459519024062,4
080770016002053,4
080299652022024,4
080770018001109,4
080770018002106,4
080579556001328,4
080770019001040,4
081070005003018,4
080459517021010,4
080770015024038,4
081039512001193,4
080770019001002,4
080459521004012,4
080770014023027,4
080770019001209,4
080770011031015,4
080299652021044,4
080459520032037,4
081070001001029,4
080459521001165,4
080299651002046,4
080770019001108,4
080459521001026,4
080770010013004,4
080770015023032,4
080770015042028,4
080490002062047,4
081070005001003,4
080810006001523,4
080770008012014,4
081070008001144,4
080299648004082,4
080770014032021,4
080299652021039,4
080770008012005,4
081070008002081,4
081039512001085,4
080770019001027,4
080470138011006,4
080459519024068,4
080770019001183,4
080770006021007,4
080579556001546,4
080299652021041,4
080579556001036,4
080459518043006,4
080770007003037,4
080770013042029,4
080770003002012,4
081039512001282,4
080810006002168,4
080459516001099,4
080459517012043,4
080770019001012,4
080770017072011,4
081070002002020,4
080299650012003,4
080810006001423,4
080579556001117,4
080770017064003,4
080299646004024,4
080770017051003,4
081070001002009,4
080770015032023,4
080459521001077,4
080579556001063,4
080579556001020,4
080470138012001,4
080299651002020,4
080459518041011,4
080770013022002,4
080770015042050,4
080770016002024,4
080770019002022,4
080770015042053,4
080770012002026,4
080770019001060,4
081070002001023,4
080810006001238,4
080299646002025,4
080459517023004,4
080770009001084,4
081039511002103,4
080770015024004,4
080810006001234,4
080770015022087,4
080810006001040,4
081070001001006,4
080490001001097,4
080770015022094,4
080770017064018,4
080299651001049,4
081039511002059,4
081070003001035,4
080770016001010,4
080490002072002,4
080459518041003,4
081070003001098,4
080770018001019,4
081070001002158,4
081070003001143,4
080770011032035,4
080770011024025,4
081070004002004,4
080770017021001,4
081070006001010,4
081070002001066,4
080459519024019,4
081070001002061,4
080490002061067,4
080459518031001,4
080459519011080,4
080459520042007,4
080770017072014,4
080770017022056,4
080490002071033,4
080579556002014,4
080299646002028,4
080810003001053,4
081070003001193,4
080770013042001,4
080459520031041,4
080810006001411,4
080459520042022,4
080810006002270,4
080810006001534,4
080459518021074,4
080299646003008,4
080459518041004,4
080770003001049,4
080810004003017,4
081070008001053,4
080770017032019,4
081070007012026,4
080579556001110,4
080299647003020,4
080770009001003,4
080490002051030,4
080490001002030,4
080770013031010,4
080770013032005,4
080299647002026,4
080770007001032,4
080459520044036,4
081039512001187,4
080770006023004,4
080459520031093,4
080459520031085,4
080810006001512,4
080299646003013,4
081070003001039,4
080490002071006,4
080130137053025,4
080459521001127,4
080459519012016,4
080770006013001,4
080490001001306,4
080299648002038,4
080299646002038,4
081070003001032,4
080770018002114,4
080770017073024,4
080470138012023,4
080770018002241,4
080770017071018,4
080299646001027,4
080770010023003,4
080770011024065,4
080490002062034,4
080770004001012,4
080770011042013,4
080490001001039,4
080770017072039,4
081039511004008,4
080299650022025,4
080459518021065,4
080299648004009,4
080459520032001,4
081039511002254,4
080130137062041,4
080299649002053,4
080579556001397,4
080299649003022,4
080770017031016,4
080770015022062,4
080490002032029,4
080770014021017,4
080459521004046,4
080770015041052,4
080770012001001,4
080770019003068,4
080810006001027,4
081070005002000,4
080299646004022,4
080770004001001,4
080490002062071,4
080459518022056,4
080459520031000,4
080459519012030,4
080810006001189,4
080299651003054,4
080810006001514,4
080810006002179,4
080770014032008,4
080810003002032,4
081070008002059,4
081070005004010,4
080490002032021,4
080459520031138,4
081070002002014,4
080770008012020,4
080770009001088,4
080299647003045,4
081039511002137,4
080579556001252,4
080770018001137,4
080770018002010,4
080459517024009,4
080459518034016,4
080770018002056,4
081070008002043,4
080299651002010,4
080459516001045,4
080459517012036,4
080770015044034,4
080770013032007,4
080810005002024,4
080299651003021,4
080810006001230,4
080770017072040,4
080770010021020,4
080459521001198,4
080459517023003,4
080459521001154,4
080490002032043,4
080770015023033,4
080299649002077,4
080459518022044,4
081070004003017,4
080579556001478,4
080490002032044,4
080770018001038,4
080770018001128,4
080579556001307,4
080810004004029,4
080770016002075,4
080490002031011,4
080770015022013,4
080770010013028,4
080810006001112,4
080770003002013,4
080770007002023,4
080770008021013,4
080770013021074,4
080770017022024,4
080810005002007,4
080490001001083,4
080770019001158,4
080770018001143,4
080299648002020,4
080770011041014,4
080770018002025,4
080810006001367,4
080770005001004,4
080770015023102,4
080579556001344,4
080490002061079,4
080490002062069,4
080810006001363,4
081070004001021,4
080770015041044,4
081070006002010,4
080299652021042,4
080770018001100,4
081070008001009,4
080770008022025,4
080810006001199,4
081039511001037,4
080490002041008,4
081039511002205,4
080770015024036,4
080770015023094,4
080810003001069,4
080299651001018,4
080770018002162,4
080810005001027,4
081070007012035,4
080299646002018,4
080299646003038,4
080459517023007,4
080770015023015,4
080490001001190,4
080490002072079,4
080459521001191,4
080299646001016,4
080459519023018,4
080459517012044,4
080770013023051,4
080770015041057,4
080770011043023,4
081070008001011,4
081070004003014,4
080490001001314,4
080810006001089,4
080579556001429,4
080810006001295,4
080459519011003,4
081039511002108,4
080770009001035,4
080770008012000,4
081039512001232,4
080579556001332,4
080770011024040,4
080490001002089,4
080459521003034,4
080299646003028,4
080579556001519,4
080810006002277,4
080810006001250,4
080770014033000,4
081070008001031,4
081070008001128,4
080770013022031,4
080490001001141,4
080299647001029,4
080770014033046,4
080299652011011,4
080770017022045,4
080490002052013,4
080770018002283,4
080810003002030,4
080459518022013,4
080810006002163,4
081070001002062,4
081039511001018,4
080459519021037,4
080579556001156,4
081039511001145,4
080770016001004,4
081070003001218,4
080490002051110,4
080810006001276,4
081070005004018,4
080459521001130,4
080770016002016,4
080770017062000,4
080810006001122,4
080299652011014,4
081070002002007,4
080770016002031,4
080299652021014,4
080299646001034,4
080299649002056,4
080459517012006,4
080770013021086,4
080579556001213,4
080770016001036,4
080459520042036,4
080770018002214,4
080770007003002,4
080459518022045,4
080770017072023,4
080459520031148,4
081039511002169,4
080770011044013,4
080770014042005,4
080299646002032,4
080579556001253,4
081039512001021,4
081039511002198,4
080579556001211,4
080459520031007,4
081070005002021,4
081039511003006,4
080459520031012,4
080299652011007,4
080459519022050,4
080770015041040,4
080459517012045,4
080810006001164,4
080459518021016,4
080299648004070,4
080459521001120,4
080770015044035,4
081070007012024,4
080770015041004,4
081070003002029,4
080770014033013,4
081039511003002,4
080770018002180,4
080459519024055,4
080770019001161,4
081070005001004,4
081070008001145,4
080579556001247,4
080770012001011,4
081070004001016,4
080490002051085,4
080770009001076,4
080490001002075,4
080459516003035,4
080770005002008,4
080459519013036,4
080490001001162,4
080299649001031,4
080299652021038,4
080459521001050,4
080770018001130,4
080490001002002,4
080299647003037,4
080459519012040,4
080810006002185,4
080770008011030,4
080770018002140,4
081070005003021,4
080770015042046,4
080810003001040,4
080299646001037,4
080459517013014,4
080770004002011,4
080299651002076,4
080299647003035,4
080490001001021,4
081070008001001,4
081039511001106,4
080770014021035,4
080299652021010,4
080299650013012,4
080490002051050,4
080299648004035,4
080770008011041,4
080130137063028,4
080459519022028,4
080810006002052,4
080810006001374,4
080770014021039,4
080299650012038,4
080810005004005,4
080579556001336,4
080470138012026,4
081070001002115,4
080299650021008,4
081039511001053,4
080579556002036,4
080459518043011,4
080810006002198,4
080299648004057,4
080579556001011,4
080770008012002,4
080459521001207,4
080810006002008,4
080299648004029,4
080299649002060,4
080459520041025,4
081039511002153,4
080459521001002,4
081070002001042,4
081070004002016,4
080770015031006,4
080490002051119,4
080810006001111,4
081070006003000,4
081039511002140,4
080490001001058,4
081070005002004,4
081070008001046,4
080770002001028,4
080770017063010,4
081039512003014,4
080770015032042,4
081039511002128,4
080770003001032,4
080770015023051,4
080770015031019,4
080459520012010,4
081039512001186,4
081039512003020,4
080770013043002,4
080810006001158,4
080770006025008,4
080770015022016,4
080770018002266,4
081070008001089,4
080490002071056,4
080299649002003,4
080770015032006,4
080299649001013,4
081070003001049,4
080770019001099,4
080810005002033,4
080459519011019,4
081039512001276,4
080810003001037,4
080770019001000,4
080810006001006,4
080490001001347,4
081070004001003,4
080459517013013,4
080459516002023,4
080810006001310,4
081039511002235,4
080810006002046,4
080490002062078,4
081070005003036,4
080770013032021,4
080810006002158,4
080579556001537,4
081039512001081,4
080579556001097,4
080770017024002,4
080770008012003,4
081039511002138,4
080490001002077,4
080770013021089,4
081039511002008,4
080299648003001,4
080770015043004,4
080770013031028,4
081039512001205,4
080810006002173,4
080810006002118,4
080770011024030,4
080490002052024,4
081070003001036,4
080770018002069,4
080579556001411,4
080459516001017,4
081070003001222,4
080810005001023,4
080459517021013,4
080770011021011,4
080770015043022,4
080810006001161,4
080490001001045,4
080299648001015,4
080490002042019,4
080299650012022,4
081070001002091,4
080770003001008,4
080299650013004,4
081070003001006,4
080770008011027,4
080770013032040,4
080770015032018,4
080770017062004,4
080810004002009,4
081070001002053,4
080770019001134,4
080299646003039,4
080770013021022,4
080459519023017,4
080459521001197,4
080770015021060,4
080770015044001,4
081070005003012,4
080770018002295,4
081039511002276,4
081070004001009,4
080490002061057,4
080299650012035,4
080770018002212,4
081070004001002,4
081070001002092,4
080770010012011,4
080459520011026,4
080810005002025,4
080490002031017,4
080459518034033,4
080490001001148,4
080490002072144,4
080770015022007,4
080770013042025,4
081039512001057,4
080770008021062,4
080810006001503,4
080770015024040,4
080770009002037,4
080459516001018,4
080459519023000,4
080770013043015,4
081039512001169,4
080299646004045,4
080810006002040,4
081070001002143,4
080490001002021,4
080459521001058,4
080299649001038,4
080459520044011,4
081039511003028,4
080459518033010,4
080490002072061,4
080490001001275,4
081039512002051,4
080490002061033,4
080459519013019,4
080579556001196,4
080770002002015,4
080770006024012,4
080810005005031,4
080459519012000,4
080459518032004,4
080299647003068,4
080770013023001,4
080770008011044,4
080770006022000,4
080810003001065,4
080770017033021,4
080770011024039,4
080770017072005,4
080579556001533,4
080299648001032,4
080579556001277,4
080770017024026,4
081039512001062,4
080490002051046,4
081070008001129,4
080299649001035,4
080299647001031,4
080459520031146,4
080770017073032,4
080770012001006,4
080810006002174,4
080459520042015,4
080579556001055,4
080770013043026,4
080810006002026,4
080770003001020,4
081070003002023,4
080770018002076,4
080299650021017,4
081070004002011,4
080770017052026,4
080810006001275,4
080490002042062,4
080770009001000,4
080770017073039,4
080770017022011,4
080770008022011,4
080770011021016,4
080770017032023,4
080770018002225,4
080579556001299,4
080299648001025,4
081070003001037,4
080459519013011,4
080770003002005,4
080770013022028,4
081070005002002,4
080770015043036,4
080770017022058,4
080810006001272,4
080770010021012,4
081070004002024,4
081039512001095,4
080490001001194,4
080770017072049,4
080810006001204,4
080490002061000,4
080770014023036,4
081070001002042,4
080770018002251,4
080810006001469,4
080299649002016,4
080770019002021,4
081070008001110,4
080490002061045,4
080770011043015,4
080459519021004,4
080770014023026,4
080810006001217,4
080770013031002,4
080770014021024,4
080810005006016,4
080770015022078,4
081070006003003,4
080579556001269,4
080490001001130,4
080490002061034,4
080770007001012,4
080770018002001,4
080579556001488,4
080770013021047,4
080579556001104,4
080459517012017,4
080459516001097,4
080459516001083,4
080770011032028,4
081039512001221,4
080770013041018,4
080459521003027,4
080770009002046,4
080299651003048,4
080770008021052,4
080770014044017,4
080770015023045,4
080770014041009,4
080459521003030,4
081039511001137,4
080810006001356,4
080299652011031,4
080459520031035,4
080810006001414,4
080770006023016,4
080770013043004,4
080299648004020,4
080770017023013,4
080770007003034,4
080490002052049,4
080770014023009,4
080770017071011,4
080770015021059,4
080490001002051,4
080770011031002,4
080579556001188,4
080459516001102,4
080770012001009,4
080770017033000,4
080810006002207,4
080579556001301,4
081070001002148,4
080299649002018,4
080770017064002,4
080770008022026,4
081039512001158,4
080299648002016,4
080459521001146,4
080770019001187,4
081039512002029,4
081070001002017,4
080459520012020,4
080770013032052,4
080770017024027,4
080299647003015,4
080770011032026,4
080770015024045,4
080810006002159,4
081070003001117,4
081070001002095,4
080459518042025,4
080459517024012,4
080770015024024,4
080579556001364,4
080770010013020,4
080770014031008,4
080459519011020,4
080770015043030,4
080770017031017,4
080770019003014,4
080810006002187,4
080299650011023,4
080770019002024,4
080810006001138,4
080770013031022,4
081070002001030,4
080770015022012,4
080810006001209,4
080490001001125,4
080299650021036,4
080770014032011,4
080490002051101,4
080810006001442,4
080770019001005,4
080810005006005,4
080770008012031,4
080770012002004,4
080579556001040,4
080459521001005,4
080770013043010,4
080770015041022,4
080770009002068,4
080299649002023,4
080490002072075,4
080810006002033,4
081070003001031,4
080579556001134,4
080770014023035,4
080459519022005,4
080459519013037,4
080299646001030,4
081039511002167,4
080770015022043,4
080770013021030,4
080490002062010,4
081070006003008,4
080770003002015,4
080770014044006,4
080579556001304,4
080459521003013,4
080810006001323,4
080459518034028,4
080299651001002,4
080770017032009,4
080810006001261,4
081070003001147,4
080490002072093,4
080579556001225,4
081039512001165,4
081039511002092,4
080770019001042,4
080490002042010,4
081070008002003,4
080770018002254,4
080810006001322,4
080459518034030,4
080459521003003,4
080770018002244,4
080770019001045,4
080490001001197,4
080770018001129,4
080810006002248,4
080810006001025,4
080810003001005,4
080770016001027,4
080810006001502,4
081070005004029,4
080490002072010,4
080299651002096,4
081070007012012,4
081039511002093,4
081039511004046,4
080299647002023,4
080299647003042,4
080459520031134,4
080770004002010,4
080459519023024,4
080810004005004,4
080490002072125,4
080770016002003,4
080770008022029,4
080459520032065,4
080810005001029,4
081039511002161,4
081070001002081,4
081039512003022,4
080459521001103,4
080810006002289,4
080810006001022,4
081070003001219,4
080770018002087,4
080810003002036,4
080770011032025,4
080490002032048,4
080299652022018,4
081039512003043,4
080770015042018,4
080770004003004,4
080459519011083,4
080810006002042,4
080490001002069,4
080770017073016,4
080770017021019,4
080459520032074,4
080579556001056,4
080490002072137,4
080490002071052,4
080490002032055,4
080810004004007,4
080490002062042,4
080770011021012,4
080770017024028,4
080770008021038,4
080490002071027,4
080459518022049,4
080459516001026,4
080459518021021,4
081070001002016,4
080810006001419,4
081070008002061,4
080770014031047,4
080490002051037,4
080459519021034,4
080770015043025,4
080810006002213,4
081070003001110,4
080579556001372,4
080459518042014,4
080459518032018,4
080770010013008,4
080459521003001,4
080770017024016,4
080770015033029,4
081039512002006,4
080299650013030,4
080770014023062,4
080810006001453,4
080490002062001,4
080299648004081,4
081039511002009,4
080770011023025,4
080299647003048,4
080490002062020,4
080490002051049,4
080459519011008,4
080299648004016,4
080459518041017,4
080810006001316,4
080770015044031,4
080810006001438,4
080299647002060,4
080299649001022,4
080770002001030,4
080770019003050,4
081039511002082,4
081070004001019,4
080579556001360,4
080770017064010,4
080770019001038,4
081039512002058,4
080490002032050,4
080770008021036,4
080459516001047,4
080459520031099,4
080770009002026,4
080459516003028,4
080579556002042,4
080770014041020,4
080770008012013,4
081039512001290,4
081039511003003,4
080459521001085,4
081039511002180,4
081039512001239,4
080770019001147,4
080299647003059,4
080490002052001,4
080299649002024,4
080299651002000,4
080299650012011,4
080459518042027,4
081039511002045,4
080810003001072,4
080770014031005,4
080810006002288,4
080770017064015,4
080459521001016,4
080459517012040,4
080810006001585,4
080770017052009,4
080770010013013,4
081039511001063,4
080770017022061,4
080459517021006,4
080299646003016,4
080299649002014,4
081070007032025,4
080299651001034,4
080770015023121,4
080810006001382,4
080459520012016,4
080459520032057,4
080770015023002,4
080770018002053,4
081070001002018,4
081070006002005,4
080459518031004,4
080459518043015,4
080459518021048,4
081070001002145,4
080770011044008,4
080299652022004,4
080490002042038,4
080299647001023,4
080770018001015,4
080490002051070,4
081070001002134,4
080299650013032,4
080770017051021,4
080299650012037,4
081070003001028,4
080459520044021,4
080810004003028,4
080459520031024,4
080810005002000,4
080299647002062,4
080770007003040,4
080299649002058,4
080810006002100,4
080770015023026,4
080810006001062,4
080810004004002,4
081070004001007,4
080490002072113,4
080810006001287,4
080770011031007,4
081039512001007,4
080810006001270,4
080459520031160,4
080770007001009,4
080770007001020,4
080459519012060,4
080459520032016,4
080470138012044,4
080770007003008,4
080770011032011,4
080770008022050,4
080770011043007,4
081039512001038,4
080459518034046,4
080579556001517,4
080770014033001,4
080459520042018,4
080770018002078,4
080459517012024,4
080490002061078,4
080770015023021,4
080770013023021,4
080459518022039,4
080490001001071,4
081039511001082,4
080770011022022,4
080770017052013,4
080810006001319,4
080579556002025,4
081070005003037,4
080490002061059,4
081039511002170,4
080810006001175,4
080459517022005,4
080810006002151,4
080770015044018,4
080579556001415,4
080579556001105,4
080579556001066,4
080770016001074,4
080299647003070,4
080459520042031,4
080770010021000,4
080459516003019,4
080490002072050,4
080810006001076,4
080459520044038,4
080459520041004,4
081070008001054,4
080770015042009,4
080459516001020,4
080810006001370,4
080299650013039,4
080810003001051,4
080490002052034,4
080579556001270,4
080770011024029,4
080770010011000,4
080770017072001,4
080770019002033,4
080770007003032,4
080490002072123,4
080770014022025,4
080770014042010,4
080770017064019,4
080770017072042,4
080810006002267,4
080770008022035,4
080490002061011,4
080459519012019,4
080579556001489,4
081070005002023,4
080490001002076,4
080490002051092,4
080770010024024,4
080810005001007,4
080770019002025,4
080459518034043,4
080810006001352,4
081070008001141,4
080299646002036,4
080770013032034,4
080770004001002,4
081039511002036,4
080299649002039,4
080299648001040,4
080490002072036,4
080770012001004,4
080459521001124,4
080810006001416,4
080459516001103,4
081039512001233,4
080770017022005,4
081070003001038,4
081039511001045,4
080299651001050,4
080299646001035,4
080770014031057,4
081039511004057,4
080770002001032,4
080770010023030,4
081070008001131,4
080579556001394,4
080490001001038,4
080459521001131,4
080810006001507,4
080770013042016,4
080459520042046,4
080490002072073,4
080299646001054,4
080770010023031,4
080770019001144,4
080490002071046,4
080770007001027,4
080770017024012,4
081039511001138,4
080579556001526,4
080459521001045,4
081070003001187,4
080459517013021,4
081070005004015,4
081070002001068,4
080579556001390,4
081070003001016,4
080470138012006,4
080459519011084,4
080810006001351,4
080459520031110,4
080459519011086,4
080490002053038,4
080770015024000,4
080770015021048,4
081070001001033,4
080770015043032,4
080490002053011,4
080490001001067,4
080579556001449,4
081070004003031,4
080770006014001,4
080459519011033,4
080490002062048,4
080770004003009,4
080490002072124,4
081070002001010,4
080770017061008,4
080770019003011,4
080810005001015,4
080299651003032,4
080490002051056,4
081039511004044,4
080459519011070,4
080299649002078,4
080299647002041,4
080810005001006,4
080810006002240,4
080770011023020,4
080810006001475,4
080299649001003,4
080770003002026,4
080810003001024,4
080490001001257,4
080299648004000,4
080299651003013,4
080490001002117,4
080459520043006,4
080770011024049,4
080770004003001,4
080490001002097,4
080299650013017,4
080770015022068,4
080459519021027,4
080770013021010,4
081070001002141,4
080770013023019,4
080299652012018,4
080770014023039,4
081039512001283,4
080490002052022,4
080770019002014,4
080470138012084,4
080770006023021,4
080770006024003,4
080490002072126,4
080299648004033,4
080299646004016,4
080299648002013,4
080770015022041,4
080770008021029,4
080490002053052,4
080810006002193,4
080459518031007,4
080770015041034,4
080770015044005,4
080770015041031,4
080770013021017,4
080770008012001,4
080770017022049,4
080770017052005,4
080770003002019,4
080810006002135,4
080770014022043,4
080459520031010,4
080490001001001,4
080770011024054,4
081039511002241,4
080770017063013,4
080490002051055,4
080770017073042,4
081039511001115,4
080770019001169,4
080490001001041,4
080299648001049,4
081039512001146,4
080810004001009,4
080490001001214,4
080770014031002,4
080490002031013,4
080770017032016,4
080770011031023,4
080490001001122,4
080459521002026,4
081070004003037,4
080810006001466,4
080770007002027,4
081070007011000,4
080579556001400,4
080810006001332,4
080299650011009,4
080470138012016,4
081070001002099,4
080130137053034,4
080770004003005,4
081070003001106,4
080770018002116,4
081039511002199,4
081070008001092,4
080770002002012,4
080770015023039,4
081070001002178,4
080770017063000,4
080770012002025,4
080770015042005,4
080770018001003,4
080490002051093,4
080299647003026,4
080770010024025,4
080810006001243,4
080470138012031,4
080299649001064,4
080770014031031,4
080459520043022,4
080810006002227,4
080459516003010,4
080770015031034,4
081070007022004,4
080810005006001,4
080299650011038,4
080459519024033,4
080770017031021,4
080490001001063,4
080299646004021,4
080770004001007,4
080459519022039,4
081070007012018,4
080490001002012,4
080490002051047,4
080770014032010,4
080810004003005,4
080459518042009,4
080459520042050,4
080299649002013,4
080130137053015,4
080459517012005,4
081039512001127,4
080770018002204,4
081039511001062,4
080299651001024,4
080579556001209,4
080810006001571,4
080459518043010,4
080770018002137,4
080490001001070,4
080770019001078,4
081039511002041,4
081039511002268,4
080490002061010,4
080299646004011,4
080770014021048,4
080770015032028,4
081039511001103,4
080810006001598,4
080490001001138,4
080459518021005,4
080299646003033,4
080770019002026,4
080579556001316,4
080459518021045,4
080810003001086,4
080579556001525,4
080770015022025,4
080459521004016,4
080299650022034,4
080770002001009,4
081039511003065,4
080459520011006,4
080579556002038,4
080579556001451,4
081039511003020,4
080770003002007,4
080770014021000,4
081039511003018,4
081070002001058,4
080490002041028,4
080810006001597,4
080770008022055,4
081070003001090,4
080579556001185,4
080770008012034,4
080459519011068,4
081070008001096,4
080770013022009,4
080770014022020,4
080770016001028,4
081039511003051,4
080770004004019,4
080459521001021,4
080299650011027,4
080130137053039,4
080770013023045,4
080459521001217,4
080810006001485,4
080299650021007,4
080299649002045,4
080770018002111,4
080490002061076,4
081070006001023,4
080299650021027,4
080459517023025,4
080770015021045,4
081070003001048,4
080770017022057,4
080299650012000,4
080490001002071,4
080770012001015,4
080299649002064,4
080770011032022,4
080770006021005,4
080770018002217,4
080579556001410,4
080770014031028,4
081070005004016,4
080459520012017,4
080810006001083,4
080579556001511,4
081039511002102,4
081039511002166,4
081039512001059,4
080770011032032,4
080770017072025,4
081039512001264,4
080459519013010,4
081070006003005,4
080810006001313,4
080490002032065,4
080490002032024,4
081070007032011,4
081039511002084,4
080299647003047,4
080770013041006,4
080810006001011,4
081039512001014,4
080459517022019,4
080770013021065,4
080770019003045,4
080459520043026,4
081070007032005,4
080579556001371,4
080770014021021,4
080770018001112,4
080810006001402,4
081070004002001,4
080770015022020,4
080459521001166,4
080770015023113,4
080299648004067,4
081039512001215,4
081039512001008,4
081070007032007,4
080770011021015,4
080490001002015,4
080770006021004,4
080459521001073,4
080459520043031,4
080299648004076,4
080130137053043,4
081070004001023,4
080810006001556,4
081070002002009,4
080770017024031,4
080770018002090,4
080810006001386,4
080299648004048,4
080770018002163,4
080299651002098,4
080770013031004,4
080770003001027,4
080459520031025,4
080490002071017,4
080490002072032,4
080770006012006,4
080459520031065,4
080770018002011,4
081039512001141,4
080459518043021,4
080299646003044,4
080770011031010,4
080459516003030,4
080770007002020,4
080810006001554,4
080770008011038,4
080770004002019,4
080490001001192,4
081039511002286,4
080459520031069,4
080770017031022,4
080579556001508,4
080770018002144,4
080770014022041,4
080459518033006,4
080770006013011,4
080770014021045,4
080810006001116,4
080770014021016,4
080459519012042,4
080810006002112,4
080770013042024,4
080770009001050,4
080810005004001,4
081070003001173,4
080490002072140,4
080770017064009,4
080770002001023,4
081070008002028,4
081039511001074,4
080299648004011,4
080459519022026,4
080459519012047,4
080770013031023,4
080459520031017,4
081039512001048,4
080770017064021,4
080810006001415,4
080810006001446,4
080459520011009,4
080770006011005,4
080770018002219,4
080770011024022,4
081070003001217,4
080810006001443,4
080490002032042,4
080299651002102,4
080299652021006,4
081070005003000,4
080810006002062,4
080810006001560,4
080770013044018,4
080490002032053,4
081070001002027,4
081039511001041,4
080299647002030,4
080490001001100,4
080459521001189,4
080770017063007,4
080490001001014,4
081070002002017,4
080770011023019,4
080770017022031,4
080770014041012,4
081070007032002,4
081070007032008,4
080770007003023,4
080299646002052,4
080299648002017,4
081039511003017,4
080770002001026,4
080810006002279,4
081070007012033,4
080770017022030,4
080770007003036,4
080459520031057,4
080459518021050,4
080810006001126,4
080770019001030,4
080770018002141,4
080459520031144,4
080459521004036,4
080579556001358,4
080579556001473,4
080770013041003,4
081039511002129,4
080770015031035,4
080459520031121,4
080459519022033,4
080490002051084,4
080490001001221,4
080459520032000,4
080490002042047,4
080490002061039,4
080299650021035,4
080770015032037,4
080770013022037,4
080579556001214,4
081039512002022,4
081039511002019,4
080459518032021,4
080770011032021,4
080770018002164,4
080810006002237,4
081070005002003,4
080810005006010,4
080810004005012,4
080770011043006,4
080299650022028,4
080770014021001,4
080770013021045,4
080810006002078,4
080459518021006,4
080459516003034,4
081039512001052,4
081070003001142,4
080299646003026,4
080770015032021,4
080770010021009,4
080770015023126,4
080770015021051,4
080770017073043,4
080770013023047,4
081039511003067,4
080490001001313,4
080770015032004,4
080770009001007,4
080810006001309,4
080299648001043,4
080299648004003,4
080770017032017,4
081039512001143,4
081070001001030,4
080579556001004,4
080770018001045,4
080770017032002,4
080770011024026,4
080299646002049,4
080810005003001,4
080770010024023,4
080770011044022,4
080770002001008,4
080490002071051,4
080770004002000,4
081070007032019,4
081039511002151,4
080579556002009,4
081039512001045,4
080459519024018,4
080490002053059,4
080299647003067,4
081070003002024,4
080470138012033,4
080459518034051,4
081039511001143,4
080810003001060,4
080810006001498,4
080770010011003,4
080770018002221,4
081039511002095,4
080299650011020,4
081039512001199,4
080490001001164,4
081039511002211,4
080810006002137,4
080299649001005,4
080490001001129,4
080459521001099,4
081070003001099,4
080579556001447,4
080810006001562,4
081039512003004,4
080490002051005,4
080770018001056,4
081070001002098,4
080299650012031,4
080490001001124,4
080810003001054,4
081039511002022,4
080299649003009,4
080770018002051,4
081039512001206,4
081039511004007,4
080810004002001,4
081070008001032,4
080770013023010,4
080810006001047,4
080299650021002,4
080490002053049,4
080770018001050,4
080490002053057,4
081070004003016,4
081039512001087,4
080770011024005,4
080770015032031,4
081039511002217,4
081039511001140,4
081070003001195,4
081039512001182,4
081070002001006,4
081070004001005,4
080490002042041,4
080770017073018,4
080810006001120,4
080299646002023,4
080810006001265,4
081070005002027,4
080579556001145,4
080579556001191,4
081039511002127,4
080770018002030,4
081039512001029,4
080490002072084,4
080770003002008,4
080770015021052,4
080770015044024,4
080810004001006,4
081039511002144,4
080770010011014,4
080770016002004,4
081070008001134,4
080770018001023,4
080770010023012,4
080770018002198,4
081070008002023,4
080770015023095,4
080490002053058,4
080459518042033,4
081070004002013,4
080770017022046,4
080770015042025,4
080490002072077,4
080459520031129,4
080770019002015,4
080770018002023,4
080770008021030,4
081039511003031,4
080810006002107,4
080579556001356,4
080459521004030,4
080770014022047,4
081070003002001,4
080299646002059,4
080770013043024,4
081070008001048,4
080490002071011,4
080490001001220,4
080490001002028,4
080810005005022,4
080810004001002,4
080299648004021,4
080490002031001,4
080810006001071,4
080490002041020,4
080459518041023,4
080770012002031,4
080459520013012,4
080810006001408,4
080459518043005,4
080770015042004,4
080770008011006,4
080770017033009,4
080459520013019,4
080770015022011,4
080299646002057,4
081039512003013,4
081070002001015,4
080770018001090,4
080770014041001,4
080810004004019,4
080770017024024,4
080770006014007,4
080770014023028,4
080459519022010,4
080459518041008,4
080770007001008,4
080770003001037,4
080810006002081,4
080810006001357,4
080770011041021,4
080299647002054,4
080770009001046,4
081039511001024,4
080299647003024,4
080770015044041,4
080770017073036,4
080770015041016,4
080770008021025,4
080490001001018,4
080770006022001,4
081070006003004,4
080299646001011,4
080770011032013,4
080770016001066,4
080770018002104,4
080459519021028,4
081039512001068,4
080770016002056,4
081070003002047,4
080770018002158,4
080810003001052,4
080810003001061,4
081070008001107,4
080770013032047,4
080770013022017,4
081070004002012,4
080299650012025,4
081070003001007,4
080459516003004,4
080770019002027,4
080459519011055,4
080770015041042,4
080490002051129,4
080490002072040,4
080770015024014,4
081039511004006,4
080299647001027,4
080770016001025,4
080810006002098,4
080299649001027,4
080810006001084,4
080459519012087,4
080770008011063,4
080299648002026,4
080770013031024,4
080810003001077,4
080770012002030,4
080459519021021,4
080579556001462,4
080459521001030,4
080770004004016,4
081070005003030,4
080770018002155,4
080770017021004,4
080770018002218,4
081070008002035,4
080579556002051,4
080490001002022,4
081070002001064,4
080770016001035,4
080810006001057,4
080770004002016,4
080299646001045,4
080770009001049,4
081070007012006,4
080770018002222,4
081039511002116,4
080490002042031,4
081070008001028,4
080770003002021,4
080770017053012,4
080299651003049,4
080299650022009,4
081039511003061,4
080459516001067,4
080490001001268,4
080459519012053,4
080770008011060,4
080770014043014,4
080770017053007,4
080810005004007,4
081070007031001,4
080810005006013,4
081039512001274,4
080459516003039,4
080459518032010,4
080770011021040,4
080770008011023,4
080579556001483,4
080810005005034,4
080299648002035,4
080299646001047,4
080770017024025,4
081039511001155,4
080579556001038,4
080490001001110,4
080770013032032,4
080810003002023,4
080810006001552,4
080770009002018,4
080770017072034,4
080810006001024,4
080459520031022,4
080770011023005,4
081039512001093,4
080770013021037,4
080299649001028,4
080579556001466,4
080810005004002,4
080459520011021,4
080770008011001,4
080490002041009,4
081070001002113,4
080299649002037,4
080770018002150,4
080579556001047,4
080579556001084,4
080459518042031,4
080770014022022,4
080459518021017,4
080770013044016,4
080299650013033,4
080299650021025,4
080579556001136,4
080770013032031,4
081039511002058,4
080770015042048,4
080459517013005,4
081070004001027,4
080770015022003,4
080810006001064,4
080770019001102,4
080810006001564,4
080770013021028,4
080770008021050,4
080770017051005,4
080770010013034,4
081070001001043,4
080770011044003,4
081070008002022,4
080490002053050,4
081039512001133,4
080810003002019,4
080770017033010,4
081039511001095,4
081070004002009,4
080299648001014,4
081070007032013,4
080770014021032,4
080770011031021,4
080770010023021,4
080490002071018,4
081070007032016,4
080770007002017,4
080770003002009,4
081039512001094,4
080490002042003,4
080490002072102,4
080810006001095,4
080299650021030,4
080770014044021,4
080490001001195,4
080770017023007,4
080459518042006,4
080770019001151,4
080459521004040,4
080490002062054,4
080459520031008,4
080770009001061,4
080470138011005,4
080770009001027,4
080299648001011,4
080810003001009,4
080459520042002,4
080770011024016,4
080770013023039,4
080770014043001,4
080770010022007,4
080810005002015,4
081039511001112,4
080490002072118,4
080770015031030,4
080579556001342,4
080459520044015,4
080810006001092,4
080770006014000,4
080490002061027,4
080459519022051,4
080490001002081,4
080770018002189,4
080459520031111,4
080770009002001,4
080770015021024,4
081039512001042,4
080770013023052,4
080490002061030,4
080810004003015,4
080770013022005,4
080770017021018,4
080459520042044,4
080299648001037,4
081070001002096,4
080770015041021,4
080770014031027,4
081039511001130,4
080490001001293,4
080490002072020,4
080490002041007,4
080770015041048,4
080770013032001,4
080810005002032,4
080459519012007,4
080770004004009,4
080579556001437,4
080459517013002,4
080810005003018,4
080490002062025,4
080810006001596,4
080770013022007,4
080810006001063,4
080770018002233,4
080770014044004,4
081070006002013,4
080459521001019,4
080770018002024,4
080490001002043,4
080770015023127,4
080810006001193,4
081039512002033,4
080770017073001,4
080299652022026,4
080770016001014,4
080459521001067,4
080770019001052,4
080770014043000,4
080299648004012,4
080299650021042,4
080459518041026,4
080770013023030,4
081070001002163,4
080299647003023,4
081070008001113,4
080459521001057,4
080770011032007,4
080459516003031,4
080810006002226,4
080770017052021,4
080810005004013,4
080299649001014,4
080459521004007,4
080299647003001,4
080770012002011,4
080810006001543,4
080459520032054,4
080490002072054,4
080770009002054,4
081070008001052,4
080770015021027,4
080299650021031,4
080770009001077,4
080770007003014,4
080299650021019,4
080770016001001,4
080490002071044,4
081070003001100,4
080770010023038,4
080770018002232,4
080770017071007,4
080810006001015,4
081070008002004,4
080810006002265,4
080490002072092,4
080770008011008,4
080490001001155,4
080770015022064,4
081039511002076,4
081070001002074,4
080459518032035,4
081039512001194,4
080770015023044,4
080770015041058,4
081070002001053,4
080810006002301,4
080770014022039,4
080579556001331,4
080770018001116,4
080770017024030,4
080770018002265,4
080810004003001,4
081070005003013,4
080770019001132,4
080490002071013,4
081070005003016,4
080459519013033,4
081070001002052,4
081039511002150,4
080770015032010,4
080810006002242,4
080770015023114,4
080770009001075,4
080810006001012,4
080770005002003,4
080770018002294,4
080299651001009,4
080299648002011,4
080770006021001,4
080490001001278,4
081039511003014,4
080770002001019,4
081039511004002,4
080770014031059,4
080299649002022,4
080770008021022,4
080299649003019,4
081039512001211,4
080299651003014,4
081039512001275,4
080490001001073,4
080490001001019,4
080770015043044,4
080770019001063,4
080459519022034,4
080770017071001,4
080459520044029,4
081070001002103,4
080299650021021,4
081070002001016,4
080299647003014,4
080459518022040,4
080299650021018,4
080810006001464,4
080770017073007,4
080770015044015,4
080770008021007,4
081070003001041,4
080770016002061,4
081039511001007,4
080770016001054,4
080299650013027,4
080459520044028,4
081070001002036,4
080770011044023,4
080770015021050,4
081039511004056,4
080810003002008,4
080490002062016,4
080459520031158,4
080459516003015,4
081039512001152,4
080299651001001,4
080459520042048,4
080299646002004,4
080459521004017,4
080490002041038,4
080770019003005,4
081070003001125,4
080770010013009,4
080299651001005,4
080770013022006,4
080490002053051,4
081070006002012,4
080770011024007,4
080459518041024,4
080770013021042,4
081070002001000,4
080459519021012,4
080459521001042,4
080490002072035,4
080490002053041,4
080810006002004,4
080770014031034,4
080579556001073,4
080459517012010,4
080299650021000,4
080770017073006,4
080770014022030,4
080810006001410,4
080770017072033,4
080770015022080,4
080459521001212,4
080299651002006,4
081070008001016,4
080299651002066,4
081070005004004,4
080770014022013,4
080810004003008,4
080459517012019,4
081039512001019,4
080299646003027,4
080770015024061,4
081070001001032,4
080490001002042,4
080459519012069,4
080810004005000,4
081070008002079,4
080770018002264,4
080770016001007,4
080770011041015,4
080770007003015,4
080299647002011,4
080770018001037,4
080770019001125,4
080810006001048,4
080299647002053,4
081039512001137,4
081039512001124,4
080459518043001,4
080770017021006,4
080810004004030,4
080490002041014,4
080490001001207,4
080459520043015,4
080770014044018,4
081039512001263,4
080770015031010,4
081039511002028,4
080770015033021,4
080770012001019,4
080579556001288,4
081039512002012,4
080299649002075,4
080770017051017,4
080490002072068,4
081070003001130,4
081070001002001,4
080770015022024,4
080770019001006,4
080579556001383,4
080459519022055,4
080299650021037,4
080299646002054,4
080770008011005,4
080459520032009,4
080770013042018,4
080770015022084,4
080459517024003,4
080299651002060,4
080770017071003,4
080770014043021,4
080810005005025,4
080810005002004,4
080459521004052,4
080299652022009,4
080770015024009,4
080490002051018,4
080490002062012,4
081039511001129,4
080490002062045,4
080770016002034,4
080299646002056,4
080490002062015,4
080770019001178,4
080770007001013,4
080459519012074,4
080490002062022,4
080770013041002,4
080299650011032,4
081039512001203,4
080770006014005,4
080459518042024,4
080490002051102,4
081070001001035,4
080770019001207,4
080299650013028,4
081039511002192,4
080770015022023,4
080579556001127,4
081070003002027,4
080299646003023,4
080490002072174,4
080299651002049,4
081039512001248,4
080490002042052,4
080770013041004,4
080810003002011,4
080770014023012,4
080770015023078,4
080770003001021,4
080299646002017,4
080770015043031,4
081070003001012,4
080770017073035,4
080770014023018,4
080770019002031,4
080770019001054,4
080579556001229,4
080810006001298,4
080770019002036,4
080770006011008,4
080770017072024,4
080459520042043,4
080490002032022,4
080770019003071,4
080299649002061,4
080490001001212,4
080770013023004,4
080299647002040,4
080299649001026,4
081039511002025,4
080299646003022,4
080810006001004,4
080770018002128,4
080490001001157,4
081070003001220,4
080810006002031,4
080810003001028,4
080490001001262,4
080770011022007,4
081070005002008,4
080459520044012,4
080770018002274,4
080770017062001,4
080299646004008,4
080470138011002,4
080490002032026,4
080770018002080,4
080459516003036,4
080770008012016,4
080299649001001,4
080770016002040,4
080770018001022,4
080770016002059,4
080299651002023,4
080810004003012,4
080459521001092,4
081039512001111,4
081039511002079,4
081039511004026,4
080299652011029,4
080810006002149,4
081070005002007,4
081070002001050,4
080130137053018,4
080470138012083,4
080770018001046,4
080459519013013,4
080770013042015,4
080579556001137,4
080770006024011,4
080299648001046,4
080770019002000,4
080810006001458,4
080490002032047,4
081039511002152,4
081070003001096,4
080770018001065,4
080770016001017,4
080299651003027,4
080770009001062,4
080459520042021,4
080459521001185,4
080459520031109,4
080770011021026,4
080770018001089,4
080490002072048,4
080770019001068,4
080459519012018,4
080770014044003,4
080770010024004,4
080459517012014,4
080810006001001,4
081039511001150,4
080299650013014,4
080299650013044,4
081070001002153,4
080770015022093,4
080770010024029,4
080770013021023,4
081039511002269,4
081070005001000,4
080299646003011,4
080810006001044,4
080459520031142,4
080810006001124,4
080490001001326,4
080770018002279,4
080490002051014,4
080810006002028,4
080770015032024,4
080770019003002,4
080770016001012,4
080490001001222,4
080770015032002,4
080770014023045,4
080490002051028,4
080810006001271,4
080490001001271,4
080299651002029,4
080770008021048,4
080590117111001,5
080590117272006,5
080190147023057,5
080590120341020,5
080590117112019,5
080590117081021,5
080590101004026,5
080590098571004,5
080590114012010,5
080590098561013,5
080590120454004,5
080590117201009,5
080590120322011,5
080590105043015,5
080590110006009,5
080590098461016,5
080590120502015,5
080590101004009,5
080590120493001,5
080590116023004,5
080590117093001,5
080590098063002,5
080590098561003,5
080590111021008,5
080590101001033,5
080590118043024,5
080590120313003,5
080590120461014,5
080590098453011,5
080590120272012,5
080590098062004,5
080590116012026,5
080590120272023,5
080590111021011,5
080590117201012,5
080190147023021,5
080590120311013,5
080590120313010,5
080590098063033,5
080590120363001,5
080590117232001,5
080590110002001,5
080590116011013,5
080590117024003,5
080590117092003,5
080590158002005,5
080590111013002,5
080590111013014,5
080590120442012,5
080590117021013,5
080590119513018,5
080590098552005,5
080590120273037,5
080590120581012,5
080590120414009,5
080590120303001,5
080590120592003,5
080590159001013,5
080590107021024,5
080590105032019,5
080590098471028,5
080590158001026,5
080590120232004,5
080590120441002,5
080590114021003,5
080590120392006,5
080590118032022,5
080590120431013,5
080590120312013,5
080590120601007,5
080590120573006,5
080590120342001,5
080590098571002,5
080590112024016,5
080590098063012,5
080590117211004,5
080590117081003,5
080590100013015,5
080590120273032,5
080590107022003,5
080590120473010,5
080590101001037,5
080590120332014,5
080590120241020,5
080590116021020,5
080590115511020,5
080190147012050,5
080590120351005,5
080590105033008,5
080190147023066,5
080590116021003,5
080590120502019,5
080590100012002,5
080590117081011,5
080590120272014,5
080590120531014,5
080590098063015,5
080590120363012,5
080590120321024,5
080590120512017,5
080590105023019,5
080590120532014,5
080590105032013,5
080590159002001,5
080590120541008,5
080590111022007,5
080590106041013,5
080590104033015,5
080590120452005,5
080590117303003,5
080590099011051,5
080590117012002,5
080590101002004,5
080590120572011,5
080590120491012,5
080590117093010,5
080590098501033,5
080590098481024,5
080590110003009,5
080590120312016,5
080590120413012,5
080590100013006,5
080590101004006,5
080590117202018,5
080590101002009,5
080590101002014,5
080590117012013,5
080590115512023,5
080590117302002,5
080590120532006,5
080590120351010,5
080590116012028,5
080590109021002,5
080590118041011,5
080590118061004,5
080190147023014,5
080590120311015,5
080590159001010,5
080590117023020,5
080590120273009,5
080590120552006,5
080590120431008,5
080590098471015,5
080590120312012,5
080590120341002,5
080590120362001,5
080590107013028,5
080590120581001,5
080590120332019,5
080590120522001,5
080590098502016,5
080590120422002,5
080590120532012,5
080590120432000,5
080590120363031,5
080590120511001,5
080590158003006,5
080590117321010,5
080590112021001,5
080590103083017,5
080590105022003,5
080590120381021,5
080590098553013,5
080590120363032,5
080190147023023,5
080590117012008,5
080590120512015,5
080590117012009,5
080590120312001,5
080590098453000,5
080590108012010,5
080590117011023,5
080590120262014,5
080590111013003,5
080590120461017,5
080590098521033,5
080590105031018,5
080590111012012,5
080590120262016,5
080590113004003,5
080590119513019,5
080590106034005,5
080590117024016,5
080590118071013,5
080590098461010,5
080590117243026,5
080590117242000,5
080590117242002,5
080590109014009,5
080590120224007,5
080590101001000,5
080590120224004,5
080590120353001,5
080590109022006,5
080590120542008,5
080590120422009,5
080590120454008,5
080590098502013,5
080590117012011,5
080590098461019,5
080590098063014,5
080590106032010,5
080590120543001,5
080590110002020,5
080590098461009,5
080590117114000,5
080590120542003,5
080590101001019,5
080590098421031,5
080590117323002,5
080590098581037,5
080590101001040,5
080590120332002,5
080590120473015,5
080590120242010,5
080590120493006,5
080590118062016,5
080590117022010,5
080590117251005,5
080190147012028,5
080590117311029,5
080590111012002,5
080590098461018,5
080590120321005,5
080590109012005,5
080590120332017,5
080590107011003,5
080590117013000,5
080590109012014,5
080590120222001,5
080590117281005,5
080590120262006,5
080590111021006,5
080590117211007,5
080590120301000,5
080590098481004,5
080590120601019,5
080590111013013,5
080590099012027,5
080590120303003,5
080590120373001,5
080590107021006,5
080590107011005,5
080590120412010,5
080590120271017,5
080590120333005,5
080590098453017,5
080590120352002,5
080590120351006,5
080590117251013,5
080590106031005,5
080590117121003,5
080590117321002,5
080590109015018,5
080190147023055,5
080590104031016,5
080590120302016,5
080590098453018,5
080590098501013,5
080590117203030,5
080590120273034,5
080190147023012,5
080590120321007,5
080590117282008,5
080590117114001,5
080590120303017,5
080590098453019,5
080590120322009,5
080590098482001,5
080590113003010,5
080590100013019,5
080590117123010,5
080590098453023,5
080590105022001,5
080590117112020,5
080590117251015,5
080590107021020,5
080590117121007,5
080590107013022,5
080590120602005,5
080590113001014,5
080590105021004,5
080590118063002,5
080590115522018,5
080590120353006,5
080590117102005,5
080590117243015,5
080590109011003,5
080590109014006,5
080590098421032,5
080590110002006,5
080590106041014,5
080590120341022,5
080590101001021,5
080590120352008,5
080590111011009,5
080590158001014,5
080590117263010,5
080590100011002,5
080590100011008,5
080590098063026,5
080590117112003,5
080590120333027,5
080590120342011,5
080590106042005,5
080590107021008,5
080590117011007,5
080590117012022,5
080590111021016,5
080590098481002,5
080590120321021,5
080590101004023,5
080590120382021,5
080590120502023,5
080590120232001,5
080590117102011,5
080590118042012,5
080590120303011,5
080590120394004,5
080590120502018,5
080590105033011,5
080590098572008,5
080590105043004,5
080590117301003,5
080590113001001,5
080590115511016,5
080590120453000,5
080590118042008,5
080190147012009,5
080590117271001,5
080590117293004,5
080590118043019,5
080590119512003,5
080590117202001,5
080590110002011,5
080590120381040,5
080590115522014,5
080590120441004,5
080590117303002,5
080590098501003,5
080590118034004,5
080590117202003,5
080590117202002,5
080590120454006,5
080590120593002,5
080590112021009,5
080590108011023,5
080590098501018,5
080590105021017,5
080590105043012,5
080590120311024,5
080590098543044,5
080590115513009,5
080590114022006,5
080590117092004,5
080590099012014,5
080590120581023,5
080590120231002,5
080590105022013,5
080590117313001,5
080590098061010,5
080590109015008,5
080590120311023,5
080590117091005,5
080590120413011,5
080590117112006,5
080590117324004,5
080590099012032,5
080590120442014,5
080590109022027,5
080590120451012,5
080590099011039,5
080590159001006,5
080590112024021,5
080590120312021,5
080590098481018,5
080590098481007,5
080590117291006,5
080590116012025,5
080590098561001,5
080590107023018,5
080590107022008,5
080590098572001,5
080590117081004,5
080590103083042,5
080590109021023,5
080590111012000,5
080590120593004,5
080590108012005,5
080590117083002,5
080590117121000,5
080590120581017,5
080190147023103,5
080590120413004,5
080590118031016,5
080590105041009,5
080590120352003,5
080590115522003,5
080590098061008,5
080590158001029,5
080590110004012,5
080590120361005,5
080590158001002,5
080590120342012,5
080590117323000,5
080590118032001,5
080590101004002,5
080590101001010,5
080190147023097,5
080590106034009,5
080590120501006,5
080590098561018,5
080590119511003,5
080590109012010,5
080590098561011,5
080590106041002,5
080590120552003,5
080590113001010,5
080590117243065,5
080590105023000,5
080590120414027,5
080590120481000,5
080590103083041,5
080590117243002,5
080590119041007,5
080590115521011,5
080590107012008,5
080590120601004,5
080590105041002,5
080590098562007,5
080590120481006,5
080590098572003,5
080590107013004,5
080590110003018,5
080590117091004,5
080590114011016,5
080190147023068,5
080590106042008,5
080590107021016,5
080590120363014,5
080590120583015,5
080590120381023,5
080590101003021,5
080590118031018,5
080590098452017,5
080590117263013,5
080590118064001,5
080590117212008,5
080590105041001,5
080590120304003,5
080590109014007,5
080590118032014,5
080590105043013,5
080590120441006,5
080590112021022,5
080590120593010,5
080590120574008,5
080590101001031,5
080590117022002,5
080190147023085,5
080590117262005,5
080590120342013,5
080590117273016,5
080590098501027,5
080590117123005,5
080590120593008,5
080590159002011,5
080590107013021,5
080590098462011,5
080590120501007,5
080590120273011,5
080590109015016,5
080590120231004,5
080590117243035,5
080590117102000,5
080590098462005,5
080590116023015,5
080590120381041,5
080590101004003,5
080590099011022,5
080590109013006,5
080590112021004,5
080590105022008,5
080590101003026,5
080590098562011,5
080590098453035,5
080590120272002,5
080590120241007,5
080590120273027,5
080590108011030,5
080590117243012,5
080590117201000,5
080590110002013,5
080590117212010,5
080590117262001,5
080190147023076,5
080590106043001,5
080590117242026,5
080590120342015,5
080590120574007,5
080590120414008,5
080590117201005,5
080590112024003,5
080590118032010,5
080590120441016,5
080590119513022,5
080590115512000,5
080590118063006,5
080590120381017,5
080590120243006,5
080590120432003,5
080590120273013,5
080590117203045,5
080590120233003,5
080590098571003,5
080590108012009,5
080590098501024,5
080590114012000,5
080590117272003,5
080590120531000,5
080590158002006,5
080590098462006,5
080590098461029,5
080590120371025,5
080590106033005,5
080590117114006,5
080590118043000,5
080590106033003,5
080590117023003,5
080590120394003,5
080590117082024,5
080590120593015,5
080590117262015,5
080590120395007,5
080190147012014,5
080590117083005,5
080590120312022,5
080590105032015,5
080590120343001,5
080590117013001,5
080590120373008,5
080590120272018,5
080590120433001,5
080590120542001,5
080590120462001,5
080599808001005,5
080590098472001,5
080590117312002,5
080590098551014,5
080590104031018,5
080590111013019,5
080590117243057,5
080590116022007,5
080590117102010,5
080590120502020,5
080590107023002,5
080590109011011,5
080590105021008,5
080590114012009,5
080590098453033,5
080590118043022,5
080590120273036,5
080590112021000,5
080590105023002,5
080590120223005,5
080590120491007,5
080590109013001,5
080590099011003,5
080590120262019,5
080590098481026,5
080590120271019,5
080590115512002,5
080590117024002,5
080590098471002,5
080590108011007,5
080590117241012,5
080590114021000,5
080590117271007,5
080590117321005,5
080590110001007,5
080590120421010,5
080590117262027,5
080590100013004,5
080590120432020,5
080590099011028,5
080590117114007,5
080590098464009,5
080590101004007,5
080590120503005,5
080590120242003,5
080590105032003,5
080590110003014,5
080590112023021,5
080590117013007,5
080590117012021,5
080190147023100,5
080590111021020,5
080590117011004,5
080590117113003,5
080590109013011,5
080190147023072,5
080590113002003,5
080590117012000,5
080590117012005,5
080590101001005,5
080590098561008,5
080590117202011,5
080590105022011,5
080590120572002,5
080590116022000,5
080590112024011,5
080590120481008,5
080590120592007,5
080590120414007,5
080590120581007,5
080590098553007,5
080590098521004,5
080590117273015,5
080590120381002,5
080590120353010,5
080590120371007,5
080590120461018,5
080590117292006,5
080590105041011,5
080590098551013,5
080590098481011,5
080590098502012,5
080590119511017,5
080590117203052,5
080590120461003,5
080599808001002,5
080590108011022,5
080590120422004,5
080190147023071,5
080590117321000,5
080590120263004,5
080590098502002,5
080590120363008,5
080590110002024,5
080590109021015,5
080590098472012,5
080590105042023,5
080590107013015,5
080590115522005,5
080590120453010,5
080590120452006,5
080590120502011,5
080590120454002,5
080590099012000,5
080599800001013,5
080590105041019,5
080590098563000,5
080590120432030,5
080590120352006,5
080590118061002,5
080590115512015,5
080590117242007,5
080590105041016,5
080590120303000,5
080590110001010,5
080590098552009,5
080590108011029,5
080590120431004,5
080590119042012,5
080590109022012,5
080590117203014,5
080590118062026,5
080590106034017,5
080590104034011,5
080590120531001,5
080190147023063,5
080590117311008,5
080590120242005,5
080590117082001,5
080590120241006,5
080590118081006,5
080590113003009,5
080590117321004,5
080590120451015,5
080590117243034,5
080590119042020,5
080590118071012,5
080590113004013,5
080590158001015,5
080590120511003,5
080590120531019,5
080590117081017,5
080590098552011,5
080590120502026,5
080590120342002,5
080590120381043,5
080590120241010,5
080590109022009,5
080590120572014,5
080590117114003,5
080590117241005,5
080190147023096,5
080590118062000,5
080590117293002,5
080590120263007,5
080590159002013,5
080590113003004,5
080590115513005,5
080590098561010,5
080190147023075,5
080590117203047,5
080590117122013,5
080590117203038,5
080590108012007,5
080590117243045,5
080590117281010,5
080590120472002,5
080590120242002,5
080590120341016,5
080590119511008,5
080590109014003,5
080590158001021,5
080590109015019,5
080590109022011,5
080590098561025,5
080590120322000,5
080590120525004,5
080590100013000,5
080590114012008,5
080590111012022,5
080590105024010,5
080590120583020,5
080590117243040,5
080590120573018,5
080590120491013,5
080590158002013,5
080590113001008,5
080590107022016,5
080590098063005,5
080590120553019,5
080590120382020,5
080590120313015,5
080590120271009,5
080590101001016,5
080590107023014,5
080590120513010,5
080590112023010,5
080590107021009,5
080590120414004,5
080590114023012,5
080590105023007,5
080590111013015,5
080590115512024,5
080590158001018,5
080590118062015,5
080590117023022,5
080590118031000,5
080590120395009,5
080590120352009,5
080590120524002,5
080590099011038,5
080590111021014,5
080590108011008,5
080590118031021,5
080590120381026,5
080190147023134,5
080590098461015,5
080590107022010,5
080590118043016,5
080590117263002,5
080190147023089,5
080590117281013,5
080590120342006,5
080590100012006,5
080590120414014,5
080590098471012,5
080590101001011,5
080590117291015,5
080590120531005,5
080590118064005,5
080590117082012,5
080590120502008,5
080590114021015,5
080590120492010,5
080590119513013,5
080590120362008,5
080590098062029,5
080590117024009,5
080590114023013,5
080590101001024,5
080590112021018,5
080590117311011,5
080590103083038,5
080590120393003,5
080590117243037,5
080190147023104,5
080590112023016,5
080590104032007,5
080590120442007,5
080590120551002,5
080590105042008,5
080590159002015,5
080590120533011,5
080590098453034,5
080590120533003,5
080590098072003,5
080590117243014,5
080590113003001,5
080590100012009,5
080590109012007,5
080590112023024,5
080590098461031,5
080590117273011,5
080590117112022,5
080590158001030,5
080590117272016,5
080590108011018,5
080590120261004,5
080590113003014,5
080590117103003,5
080590118062024,5
080590117311016,5
080590115521007,5
080590112023019,5
080590098461013,5
080590105024004,5
080590120233012,5
080590098481008,5
080590120414022,5
080590098464006,5
080599804001001,5
080590105023014,5
080590120431006,5
080590120552008,5
080590106043010,5
080590120363023,5
080190147023098,5
080590117123008,5
080590120441000,5
080590120491003,5
080590117204001,5
080590117282001,5
080590098553016,5
080590115511018,5
080590099012008,5
080590159002000,5
080590120492007,5
080590117081028,5
080590098572000,5
080590117321006,5
080590105042020,5
080590098453031,5
080590105032010,5
080590109022016,5
080590120301015,5
080590106043012,5
080590120352004,5
080590105043009,5
080590120311011,5
080590098553015,5
080590119511012,5
080590120513002,5
080590117282009,5
080590109011005,5
080590118071010,5
080590098063025,5
080590098501030,5
080590098501026,5
080590120272021,5
080590117272010,5
080590120482003,5
080590104024020,5
080590120511000,5
080590120442002,5
080590098482006,5
080590107021019,5
080590120341019,5
080590114011000,5
080590120394009,5
080590105032023,5
080590117271009,5
080590107013026,5
080590120525005,5
080590120532004,5
080590120363017,5
080590120541000,5
080590115521017,5
080590118081000,5
080590158001011,5
080590120343016,5
080590104024022,5
080590106033007,5
080590100013002,5
080590114012004,5
080590105023020,5
080590098551007,5
080590120491006,5
080590118042003,5
080590107012000,5
080590098561017,5
080590114023000,5
080590117232008,5
080190147023058,5
080590120381039,5
080590098572014,5
080590117113002,5
080590117203022,5
080590118031019,5
080590107012016,5
080590120553012,5
080590098453022,5
080590105022018,5
080590117203018,5
080590111013017,5
080590120241005,5
080590101003015,5
080590117243047,5
080590117023008,5
080590117112004,5
080590159002010,5
080190147012018,5
080590105042024,5
080590117012015,5
080590100013022,5
080590110001012,5
080590158003002,5
080590120532009,5
080590103083028,5
080590120311012,5
080190147023087,5
080590117022006,5
080590120363043,5
080590120351008,5
080590159001018,5
080590112024002,5
080590113004006,5
080590118043011,5
080590119513014,5
080590117093005,5
080590099011000,5
080590112022014,5
080590117331004,5
080590109022015,5
080590120431017,5
080590120242011,5
080590120301012,5
080590120302010,5
080590117212014,5
080590120352015,5
080590117203032,5
080590101003022,5
080590120273035,5
080590118033008,5
080590117232004,5
080190147023060,5
080590098562013,5
080590106031007,5
080590099011026,5
080590117021006,5
080590120572009,5
080590120321013,5
080190147023086,5
080590120422003,5
080590109014013,5
080590107022002,5
080590098472007,5
080590120553013,5
080190147023113,5
080590108011010,5
080590120304009,5
080590098072013,5
080590120533002,5
080590098573006,5
080590107022014,5
080590104031019,5
080590120502016,5
080590110001003,5
080590120601005,5
080590120271013,5
080590117262019,5
080590120393006,5
080590120232009,5
080590114011020,5
080590117322001,5
080590110003001,5
080590100012000,5
080590105032004,5
080190147023119,5
080590103083049,5
080590115522015,5
080590098501037,5
080590118034000,5
080590120273039,5
080590117203037,5
080590117273010,5
080590098063008,5
080590098071004,5
080590112024017,5
080590118033000,5
080590106042012,5
080590120302011,5
080590120511013,5
080590117081020,5
080590109013015,5
080590118042018,5
080590105021000,5
080190147023088,5
080590105022006,5
080590105023022,5
080590120413018,5
080590120351002,5
080590105024006,5
080190147023053,5
080590107022004,5
080590119041008,5
080590106043002,5
080590109022001,5
080590120472010,5
080590120571015,5
080590117243004,5
080590120321012,5
080590118032003,5
080590120523004,5
080590098551010,5
080590098463001,5
080590119041002,5
080590120241001,5
080590120382019,5
080590118082005,5
080590115521013,5
080590120273026,5
080590159002024,5
080590117263001,5
080590120393002,5
080590098501010,5
080590117012018,5
080590120341025,5
080590120381032,5
080590105033004,5
080590120601014,5
080590120421011,5
080590098453001,5
080590117023013,5
080590120432014,5
080590113002000,5
080590115522001,5
080590120571005,5
080590120321020,5
080590120333030,5
080590117013008,5
080590117323003,5
080590098461017,5
080190147012005,5
080590117081018,5
080590120421004,5
080590120313001,5
080590112021019,5
080590098471001,5
080590120311008,5
080590114012001,5
080590118043007,5
080590098553002,5
080590109013012,5
080590120471007,5
080590105021001,5
080590120321033,5
080590117122007,5
080590120322005,5
080590120261013,5
080590109022002,5
080590117082002,5
080590117282000,5
080590120592001,5
080590120313012,5
080590098061007,5
080590117311048,5
080190147023084,5
080590120353012,5
080590118032008,5
080190147012047,5
080590117282012,5
080590098542003,5
080590120422014,5
080590120452009,5
080590098571012,5
080590120263012,5
080590108011004,5
080590117291014,5
080590120593007,5
080590120452002,5
080599800001006,5
080590114023010,5
080590117081016,5
080590120453011,5
080590120243004,5
080590098071000,5
080590101001035,5
080590110003006,5
080590120414011,5
080590120382010,5
080590100012022,5
080590120471002,5
080590098501034,5
080590120592008,5
080590120271005,5
080590111021021,5
080590100013001,5
080590117024025,5
080590104024024,5
080590117082027,5
080590120392009,5
080590117242018,5
080590112024001,5
080590120541011,5
080590120532019,5
080590117273007,5
080590120321002,5
080590098522023,5
080590118031008,5
080590117111003,5
080590117102008,5
080590117101001,5
080590120574009,5
080590120451014,5
080190147012002,5
080590116021023,5
080590106043006,5
080590158003001,5
080590111022000,5
080590105031005,5
080590117261012,5
080590101001018,5
080590098062001,5
080590098501031,5
080590118064006,5
080590105032014,5
080590098562001,5
080590101001041,5
080590118043015,5
080590117242012,5
080590116011005,5
080590117083000,5
080590104031004,5
080590120303008,5
080590120532002,5
080590120311022,5
080590120532005,5
080590104032004,5
080590120453009,5
080590105043020,5
080590117262029,5
080590110004001,5
080590105043016,5
080590098481021,5
080590120222000,5
080590101004030,5
080590099012028,5
080590117081006,5
080590120303018,5
080590118042006,5
080590104024002,5
080590117323004,5
080590120371028,5
080590118064010,5
080590120502010,5
080590101001038,5
080590120343004,5
080590117273002,5
080590119042002,5
080590110003003,5
080590118031025,5
080590098072022,5
080590120394005,5
080590117023017,5
080590120392001,5
080590098561019,5
080590118062002,5
080590098521027,5
080590107023020,5
080590119511006,5
080590120373010,5
080590120322013,5
080590118032007,5
080590117311034,5
080590117242016,5
080590117201001,5
080590118041010,5
080590117282010,5
080590117242019,5
080590117292009,5
080590117203034,5
080590120581008,5
080590098553006,5
080590120462002,5
080590098063001,5
080590109015003,5
080590105042013,5
080590098461034,5
080590120363034,5
080590117322000,5
080590120582004,5
080590120352007,5
080590117122012,5
080590098461000,5
080590120221006,5
080590120532013,5
080590098061018,5
080590120601012,5
080190147023081,5
080590120472012,5
080590107013008,5
080590120432024,5
080590120381010,5
080590111013012,5
080590098061015,5
080590103083035,5
080590098501025,5
080190147012029,5
080590159001000,5
080590117024014,5
080590117311043,5
080590120462005,5
080590100013018,5
080590120263002,5
080590117311042,5
080590113003006,5
080590120581004,5
080590120381020,5
080590120231009,5
080590120222010,5
080590098461039,5
080590120451006,5
080590109022023,5
080590120381033,5
080590098453024,5
080590104032008,5
080590117291004,5
080590116021012,5
080590108011026,5
080590120524000,5
080590109022025,5
080590105031008,5
080590117013002,5
080590120454007,5
080590107012012,5
080590117251008,5
080590117203023,5
080590098062025,5
080590120593017,5
080190147012019,5
080590117321001,5
080590106032006,5
080590098471025,5
080590117262007,5
080590114011033,5
080590098553020,5
080590112024004,5
080590117122001,5
080590120341026,5
080590120513015,5
080590159002005,5
080590120432007,5
080590120602003,5
080590120343011,5
080590104024014,5
080590117203007,5
080590117311009,5
080590098071002,5
080590117282002,5
080590118043010,5
080590115511008,5
080590111022001,5
080590117261014,5
080590105041006,5
080590101001006,5
080590109011007,5
080590117024005,5
080590099012005,5
080590120432021,5
080590117282005,5
080590120573008,5
080590120271022,5
080590107022007,5
080590120551010,5
080590098551012,5
080590120263003,5
080590107011007,5
080590106031001,5
080590120273021,5
080590109022000,5
080590109022026,5
080590098502003,5
080590117083010,5
080590098502017,5
080590100012020,5
080590120472007,5
080590117251017,5
080590120273005,5
080590120304001,5
080590117021014,5
080590113001003,5
080590101003010,5
080590120312003,5
080590120311006,5
080590106042010,5
080590104033014,5
080590098483000,5
080590117011019,5
080590101004013,5
080590105042006,5
080590117122022,5
080590120382004,5
080590104031014,5
080590120593011,5
080590120301013,5
080590117024010,5
080590107012014,5
080590158001016,5
080590116012006,5
080590104024013,5
080590109021009,5
080590101001036,5
080590117114014,5
080590098062008,5
080590120273033,5
080590120233010,5
080590120421006,5
080590118063000,5
080590120523007,5
080590120272001,5
080590117122016,5
080590104032012,5
080590110002012,5
080590105043010,5
080590098571001,5
080590117243066,5
080590120243007,5
080590116023002,5
080590120602010,5
080590120322007,5
080590109021021,5
080590120451013,5
080590118033005,5
080190147023059,5
080590115511012,5
080590120321003,5
080590109015012,5
080590120261010,5
080590105022004,5
080590120332011,5
080590120591005,5
080590107011016,5
080590098581033,5
080590120433002,5
080590098471008,5
080590117081025,5
080590117082029,5
080590118071000,5
080590116022008,5
080590098464002,5
080590107022012,5
080590120542000,5
080590105023018,5
080590117311032,5
080590110002018,5
080590120491002,5
080590120553006,5
080590120593016,5
080590117263017,5
080590120431003,5
080590117211006,5
080590098502015,5
080590109011019,5
080590120393011,5
080590159002021,5
080590114011001,5
080590120321035,5
080190147012020,5
080590115511001,5
080590114011018,5
080590098544012,5
080590120573000,5
080590120413008,5
080590098471022,5
080590120433012,5
080590120381047,5
080590117203025,5
080590098501012,5
080590107012003,5
080590111012013,5
080590098502019,5
080590120361009,5
080590105041003,5
080590105032006,5
080590118062025,5
080590117122018,5
080590159002014,5
080590118031010,5
080590117232000,5
080190147011031,5
080590104024021,5
080590120525002,5
080590115512012,5
080590120233008,5
080590117311040,5
080590113003011,5
080190147023106,5
080590117243043,5
080590111012015,5
080590120431014,5
080590117273004,5
080590120453007,5
080590120571002,5
080590105041018,5
080590117242022,5
080590120333003,5
080590120523001,5
080590106032001,5
080590117243032,5
080590120433016,5
080590120304011,5
080590110002022,5
080590117263014,5
080590111012027,5
080590158001025,5
080590098483001,5
080590106042011,5
080590117203010,5
080590111013007,5
080590120273029,5
080590110004006,5
080590098072002,5
080590119513008,5
080590117211003,5
080590109015014,5
080590120532003,5
080190147012034,5
080590117082022,5
080590120271011,5
080590101001003,5
080590108011002,5
080590117241015,5
080590098501021,5
080590105043018,5
080190147023127,5
080590098062012,5
080190147023048,5
080590120263016,5
080590105031009,5
080590109011004,5
080590109021016,5
080590120553018,5
080590101004015,5
080590098562002,5
080590104034005,5
080590117243067,5
080599800001005,5
080590120241003,5
080590120573020,5
080590110005006,5
080590109021006,5
080590101001023,5
080590117012003,5
080590120272000,5
080590117261005,5
080590120341015,5
080590098562009,5
080590120511012,5
080590110002016,5
080590120451009,5
080590098061005,5
080590114023002,5
080590120432006,5
080590118031007,5
080590117281000,5
080590117203028,5
080590109021014,5
080590117101011,5
080590120302006,5
080590118032016,5
080590101002001,5
080590120503010,5
080590117203026,5
080590098452005,5
080590105042000,5
080590098061000,5
080590120513011,5
080590109011023,5
080590120222005,5
080590106032005,5
080590120341010,5
080590120301014,5
080590120312020,5
080590120312008,5
080590109011013,5
080590114022001,5
080590115511011,5
080590098063019,5
080590120273000,5
080590117292008,5
080590117311044,5
080590117112012,5
080590117011021,5
080590120342017,5
080590120333002,5
080590117212020,5
080590117111010,5
080590117122009,5
080590120273018,5
080590120414023,5
080590120272003,5
080590120431016,5
080590098063032,5
080590120524001,5
080590111012023,5
080590120321023,5
080590119513020,5
080590120471006,5
080590098061009,5
080590118032015,5
080590120533006,5
080590159002004,5
080590120352001,5
080590106033000,5
080590117082007,5
080590117081013,5
080590098571011,5
080590105024005,5
080590120304007,5
080590116012017,5
080590115522009,5
080590120492005,5
080590110006004,5
080590120322010,5
080590120263014,5
080590120302005,5
080590120363000,5
080590117113004,5
080590098062003,5
080590120502012,5
080590115512003,5
080590098521007,5
080590117114008,5
080590098063000,5
080590120243008,5
080590117011001,5
080590120273038,5
080590120432008,5
080590120271006,5
080590120343005,5
080590106041006,5
080590104023010,5
080590120421016,5
080590117271008,5
080590120472001,5
080590098063024,5
080590116012029,5
080190147012030,5
080590120483001,5
080590120363018,5
080590120352017,5
080590117311021,5
080590120382005,5
080590118062005,5
080590120222006,5
080590120532008,5
080590120395006,5
080590115522011,5
080590117331008,5
080590120302002,5
080590120233007,5
080590120321000,5
080599800001010,5
080590120601013,5
080590120503012,5
080590117242006,5
080590098542005,5
080590107021026,5
080590098072008,5
080590117082004,5
080590120542013,5
080590118031005,5
080590098072014,5
080590098464011,5
080590105042014,5
080590120525000,5
080590120273019,5
080590120582000,5
080590098451001,5
080590105024008,5
080190147023011,5
080590105042005,5
080590120363020,5
080590098562000,5
080590120574002,5
080590110001013,5
080590098571006,5
080590120382012,5
080590120223008,5
080590106041015,5
080590120581009,5
080590120224002,5
080590114012002,5
080590098521029,5
080590116023000,5
080590117024000,5
080590117083009,5
080590107012001,5
080590098481013,5
080590117122021,5
080590120271023,5
080590120501002,5
080590120363036,5
080590109014012,5
080190147012008,5
080590120533017,5
080590120391008,5
080590120503009,5
080590104062041,5
080590120482006,5
080590098461028,5
080590106042000,5
080590118032004,5
080590120421003,5
080590098501005,5
080590112023009,5
080590107011014,5
080590120412012,5
080190147023116,5
080590117092006,5
080590120242012,5
080590120413014,5
080590117311018,5
080590105021009,5
080590120421015,5
080590120452008,5
080590120231006,5
080590098061011,5
080590117203024,5
080590120503011,5
080590120323001,5
080590098062000,5
080590106034007,5
080590100013010,5
080590117082015,5
080590120342000,5
080590098481025,5
080590098071011,5
080590112021006,5
080590107021014,5
080590119511009,5
080590120231011,5
080590120273003,5
080190147012007,5
080590117243021,5
080590117012004,5
080590109014004,5
080599800001007,5
080590112021015,5
080590120221009,5
080590120493007,5
080590098472009,5
080590107022021,5
080590118062020,5
080590112023015,5
080590098562004,5
080590109011014,5
080590120441013,5
080599800001012,5
080590117111007,5
080590101004024,5
080590098453005,5
080190147023067,5
080590120571014,5
080590117263018,5
080590116021007,5
080590111011002,5
080590109015000,5
080190147023126,5
080590117262032,5
080590110004005,5
080590105031011,5
080590101004011,5
080590113004009,5
080590117014001,5
080590120381046,5
080590098542004,5
080590099012007,5
080590120341013,5
080590115521019,5
080590117263007,5
080590098462001,5
080590117122011,5
080190147012053,5
080590117203013,5
080590120352014,5
080590104024006,5
080590120391004,5
080590158002009,5
080590116012013,5
080590098571010,5
080590098062034,5
080590120221000,5
080590115512010,5
080590116022001,5
080590117123000,5
080590120321006,5
080590109013002,5
080590099012016,5
080590098561021,5
080590117123002,5
080590110002004,5
080590104031006,5
080590108011024,5
080590118062023,5
080590107021017,5
080590116023007,5
080590098573004,5
080590120442000,5
080590120271000,5
080590120371008,5
080590117023014,5
080590120553008,5
080590120501010,5
080590106041011,5
080590120343010,5
080590120362007,5
080590109013008,5
080590107021011,5
080590098453012,5
080590098451005,5
080590116021018,5
080590120572001,5
080590120471013,5
080590120221002,5
080590117201008,5
080590117212022,5
080590120302013,5
080590098063030,5
080590120395001,5
080590110004004,5
080590120483004,5
080590120331014,5
080590110003002,5
080590107022005,5
080590112022005,5
080590098452018,5
080590112024019,5
080590118033004,5
080590117024023,5
080590101003002,5
080590101003020,5
080590101004008,5
080590115522021,5
080590098452008,5
080590118032020,5
080590111022006,5
080590116023012,5
080590116011002,5
080590101001029,5
080590119042006,5
080590117024022,5
080590120263011,5
080590101003006,5
080590120224009,5
080590120513003,5
080590120321011,5
080590120381027,5
080590120503002,5
080590108012019,5
080590120412009,5
080590101004014,5
080590113003005,5
080590120513006,5
080590098481003,5
080590101003001,5
080590120392003,5
080590111021019,5
080590105031007,5
080590120471014,5
080590159001003,5
080590120391011,5
080590120602008,5
080590120421026,5
080590107011009,5
080590105021011,5
080590115521006,5
080590105033007,5
080590115511010,5
080590117122002,5
080590118063005,5
080590112024024,5
080590104031015,5
080590098581031,5
080590111011000,5
080590112021024,5
080590118041013,5
080590119511000,5
080590120421012,5
080590117263027,5
080590098463006,5
080590098501015,5
080590109022008,5
080590098451008,5
080590099011001,5
080590105031001,5
080590120331004,5
080590105041017,5
080590120453003,5
080590120363028,5
080590117242017,5
080590112023000,5
080590158001006,5
080590120531010,5
080590114011014,5
080590111021007,5
080590098502008,5
080590098563003,5
080590108011015,5
080590117324001,5
080590105022020,5
080590117311028,5
080590108011003,5
080590109012017,5
080590120332009,5
080590104033001,5
080590120462003,5
080590120371006,5
080590099011049,5
080590117331005,5
080590111021017,5
080590120573007,5
080590100011006,5
080590120333016,5
080590120382007,5
080590111022002,5
080590120431010,5
080590120381031,5
080590117243028,5
080590120591001,5
080190147012048,5
080590104032001,5
080590112023014,5
080590119042019,5
080590117023010,5
080590117302005,5
080590110001006,5
080590159001014,5
080590098572013,5
080590120482009,5
080590098561012,5
080590105043011,5
080590120273023,5
080590120571021,5
080590120451002,5
080590118062022,5
080590109015001,5
080590108011009,5
080590120531013,5
080590107023008,5
080590107021023,5
080590120473007,5
080590120243005,5
080590098461001,5
080590101004019,5
080590115513011,5
080590101001025,5
080590107023023,5
080590109021005,5
080590120341028,5
080590098463012,5
080590120542002,5
080590098542007,5
080590105021005,5
080590117092009,5
080590101002015,5
080590120571016,5
080590098501008,5
080590105033013,5
080590099011041,5
080590106032003,5
080590120391005,5
080590098481028,5
080590101001039,5
080190147012031,5
080190147023018,5
080590104033000,5
080590120272010,5
080590117243009,5
080590110003020,5
080590120531002,5
080590107013014,5
080590118041000,5
080590098063018,5
080590118042010,5
080590117211002,5
080590098453003,5
080590120502028,5
080590098571000,5
080590098062031,5
080590120414003,5
080590120525008,5
080590099011005,5
080590118062018,5
080590120421000,5
080590110004003,5
080590098561023,5
080590120312018,5
080590098502018,5
080590120533004,5
080590120333021,5
080590117024024,5
080590109012012,5
080590106034004,5
080590117241008,5
080590098464004,5
080590109011021,5
080590098061013,5
080590117302003,5
080590117331001,5
080590118033003,5
080590120341009,5
080590120271021,5
080590109013014,5
080590107011018,5
080590110004007,5
080590118042014,5
080590109011001,5
080590117203017,5
080590117022009,5
080590117021011,5
080590117081002,5
080590103083034,5
080590109012016,5
080190147023030,5
080590101002012,5
080590120392002,5
080590159002002,5
080590101001032,5
080590117261001,5
080590098573001,5
080590117291002,5
080590107013025,5
080590120392000,5
080590098501029,5
080590118064007,5
080590118043018,5
080590098463000,5
080590105022015,5
080590120333025,5
080590117202005,5
080590115512011,5
080590098453009,5
080590118043002,5
080590105042021,5
080590120333011,5
080590120481002,5
080590105043003,5
080590098481029,5
080590120533013,5
080590117114009,5
080590116012021,5
080590120322008,5
080590117082013,5
080590120431007,5
080590120461007,5
080590120542004,5
080590117014000,5
080590120414024,5
080590120223003,5
080590098471019,5
080590120602004,5
080590120501013,5
080590117083007,5
080590117092000,5
080590107023025,5
080590117331011,5
080590120262002,5
080590098572006,5
080590117091002,5
080590098463010,5
080590110001011,5
080590101004001,5
080590105033010,5
080590117091003,5
080590117232003,5
080590117272015,5
080590110002007,5
080590120523003,5
080590120341014,5
080590120412001,5
080590117011024,5
080590099012018,5
080590098461040,5
080590120395000,5
080590112022009,5
080590109011020,5
080590117024004,5
080590119511020,5
080590116011015,5
080590158003004,5
080590117112005,5
080590120472014,5
080590117111005,5
080590120221005,5
080590118062004,5
080590120451010,5
080590109022007,5
080590118041018,5
080590104033011,5
080590106034006,5
080590119042009,5
080590120371030,5
080590115512016,5
080590113002009,5
080590104031010,5
080590120421014,5
080590106043009,5
080590120414000,5
080590105042009,5
080590120333008,5
080590104034008,5
080590105032007,5
080590117262006,5
080590112022015,5
080590118043001,5
080590120573002,5
080590117013006,5
080590107022022,5
080590120591007,5
080590120321022,5
080590105042019,5
080590117121008,5
080590104034009,5
080590105032017,5
080590118064009,5
080590099011002,5
080590105024012,5
080590117311038,5
080590117081001,5
080590104062044,5
080590120552002,5
080590117261007,5
080590120351007,5
080590107013010,5
080590117282015,5
080590119512001,5
080590120373011,5
080590119513009,5
080590119042018,5
080590100012007,5
080599808001007,5
080590117203001,5
080590117241003,5
080590119042010,5
080590118041004,5
080590104032005,5
080590104034001,5
080590117263016,5
080590120302017,5
080590098463003,5
080590120381015,5
080590117281003,5
080590098451006,5
080590117201011,5
080590098451007,5
080590117311007,5
080590104032009,5
080590118031004,5
080590115513001,5
080590118042011,5
080590117303001,5
080590115521005,5
080590109011016,5
080590117123004,5
080590099011009,5
080590115512008,5
080590117203031,5
080590117093006,5
080590120231007,5
080590120341005,5
080590120313013,5
080590103083004,5
080590098502009,5
080590118033012,5
080590120263000,5
080590109011008,5
080590101003027,5
080590112024018,5
080590101001026,5
080590120533000,5
080590120432016,5
080590120341023,5
080590158001024,5
080590117331009,5
080590117112017,5
080590098072005,5
080590115512006,5
080590117012023,5
080590118064000,5
080590105042028,5
080590117203016,5
080590115511005,5
080590120302014,5
080590120571009,5
080590120303012,5
080590107013012,5
080590120541005,5
080590098502022,5
080590117263004,5
080590098061001,5
080590105031013,5
080590120233004,5
080590116021001,5
080599800001002,5
080590116021009,5
080590105032008,5
080590114011023,5
080590105023013,5
080590110001015,5
080590158003003,5
080590120233011,5
080590117281007,5
080590111022014,5
080590117273013,5
080590110001009,5
080590117262020,5
080590110006002,5
080590117093000,5
080590098063010,5
080590116021024,5
080590120581005,5
080590115511013,5
080590117281011,5
080590120533016,5
080590117212018,5
080590113001013,5
080590120313014,5
080590098061002,5
080590098071007,5
080590118034003,5
080590120503001,5
080590107023017,5
080590120503000,5
080590120414015,5
080590120342018,5
080590098421038,5
080590120451005,5
080590120531006,5
080590109013016,5
080590098581028,5
080590118042005,5
080590112021023,5
080590117231001,5
080590120343007,5
080590111013009,5
080590120394011,5
080599808001004,5
080590098471027,5
080590103083011,5
080590114012012,5
080590110006010,5
080590114021006,5
080590119511013,5
080590120392010,5
080590120532018,5
080590099011019,5
080590117121002,5
080590120502021,5
080190147023017,5
080590117263025,5
080590120273031,5
080590117203004,5
080590120414013,5
080590120273022,5
080590100013005,5
080590118071005,5
080590109013003,5
080590110002009,5
080590120491005,5
080590120542005,5
080590098461012,5
080590098551000,5
080590098072017,5
080590117282006,5
080590120511002,5
080590120333000,5
080590120353011,5
080590120394002,5
080590120572013,5
080590117311035,5
080590120392004,5
080590098472006,5
080590120473003,5
080590110006011,5
080590120341011,5
080590117082023,5
080590116011004,5
080590099011033,5
080590120601022,5
080590098481022,5
080590117251001,5
080590119511022,5
080590116012015,5
080590118071009,5
080590119511005,5
080590120461013,5
080590117021004,5
080590117263015,5
080590104024017,5
080590117273006,5
080590098472013,5
080590120332010,5
080590109012006,5
080590120513013,5
080590120542012,5
080590117122024,5
080590120363037,5
080590120343000,5
080590107023024,5
080190147023065,5
080590101004017,5
080590158001032,5
080590110004000,5
080590120532015,5
080590098471000,5
080590115513002,5
080590117111000,5
080590120273012,5
080590117293003,5
080590098072007,5
080190147011030,5
080590120502009,5
080590120362003,5
080590120341004,5
080590117212030,5
080590114022004,5
080590117243041,5
080590120363006,5
080590158001007,5
080590112023018,5
080590109011010,5
080590120343009,5
080590120313011,5
080590111022008,5
080590120322012,5
080590120333029,5
080590117331002,5
080590117273009,5
080590120262021,5
080590101002018,5
080599808001006,5
080590117203039,5
080590114011011,5
080590099012017,5
080590120312009,5
080590098072024,5
080590120381038,5
080590098572007,5
080590117263020,5
080590111013004,5
080590101002000,5
080590105043019,5
080590117282011,5
080590110004013,5
080590117024019,5
080590120421020,5
080590117261006,5
080590120342019,5
080590098461002,5
080590120332016,5
080590117321007,5
080590117083012,5
080590117103002,5
080590118043008,5
080590120382018,5
080590105031012,5
080590098062017,5
080590158001005,5
080590120431009,5
080590105042010,5
080590120471000,5
080190147023052,5
080590117291000,5
080590117091001,5
080590118031023,5
080590110003013,5
080590107011011,5
080590098421037,5
080590098452014,5
080590120601001,5
080590114011026,5
080590098552000,5
080190147023099,5
080590117302000,5
080590120262012,5
080590100012008,5
080590098552003,5
080590098461037,5
080590109011000,5
080590108011019,5
080590116021005,5
080590120381008,5
080590112021010,5
080590117291011,5
080590120583012,5
080590120532016,5
080590105021015,5
080590106033001,5
080590120312015,5
080590118062012,5
080590120342008,5
080590159001001,5
080590117272008,5
080590098462014,5
080590120461011,5
080590120524003,5
080190147011029,5
080590120382006,5
080590098561016,5
080590120381011,5
080590120382011,5
080590098521019,5
080590120353003,5
080590120433010,5
080590120412008,5
080590109021011,5
080590120363024,5
080590114023008,5
080590109015009,5
080190147012045,5
080590117101005,5
080590101002019,5
080590108012016,5
080590117022003,5
080590098462008,5
080590120272011,5
080590110002008,5
080590117212027,5
080590117123003,5
080590105022016,5
080590159001002,5
080590120301011,5
080590117202006,5
080590107023010,5
080590120532020,5
080590103083044,5
080590098063016,5
080590104031009,5
080590117312001,5
080590105031003,5
080590120363041,5
080590098063029,5
080590116021019,5
080590119513015,5
080590107021021,5
080590120482005,5
080590118062001,5
080590120381007,5
080590120343013,5
080590159002016,5
080590120411003,5
080590120341000,5
080590107013027,5
080590113004004,5
080590112021017,5
080590117212001,5
080590098452019,5
080590117282013,5
080590120242001,5
080590120454005,5
080590105021006,5
080590117122019,5
080590111013005,5
080590101001022,5
080590111011004,5
080590120331009,5
080590120352016,5
080590101002010,5
080190147023003,5
080590107023006,5
080590117102001,5
080590109015011,5
080590112024000,5
080590117011000,5
080590120333020,5
080590101002007,5
080590120395010,5
080590103083045,5
080590118061005,5
080590117303004,5
080590117082020,5
080590118071015,5
080590120593009,5
080590101001034,5
080590107012006,5
080590120342016,5
080590120441014,5
080590098542016,5
080590116021006,5
080590098561009,5
080590117272009,5
080590158003005,5
080590107023016,5
080590117022005,5
080590113002002,5
080590106032002,5
080590120491011,5
080590117311039,5
080590117011010,5
080590118064002,5
080590158001022,5
080590120342009,5
080590119511021,5
080190147023049,5
080590107021022,5
080590120421002,5
080590120273030,5
080590120571020,5
080590120381034,5
080590117024008,5
080590120241008,5
080590109012013,5
080590120351009,5
080590117101015,5
080590111022013,5
080590120433013,5
080590120481004,5
080590117243010,5
080590117122023,5
080590118032019,5
080590120262005,5
080590116012005,5
080590120421025,5
080590098464010,5
080590117242013,5
080590120222007,5
080590117202008,5
080590120313004,5
080590120592006,5
080590098471021,5
080590120422006,5
080590120332004,5
080590120395012,5
080190147023019,5
080590120431011,5
080590110005004,5
080590116012008,5
080590117101014,5
080190147012044,5
080590098063031,5
080590117024013,5
080590120333018,5
080590105032016,5
080590117251018,5
080590107013016,5
080590113003012,5
080590119042011,5
080590120303010,5
080590118032009,5
080590120363027,5
080590109021007,5
080590120491010,5
080590120483005,5
080590120304012,5
080590107022019,5
080590120224008,5
080590110003004,5
080590120582005,5
080590098521022,5
080590120583000,5
080590120303005,5
080590120413005,5
080590120322004,5
080590120393010,5
080590098071003,5
080590117271004,5
080590120491000,5
080590107022023,5
080590098462007,5
080590120581025,5
080590117112009,5
080590098061012,5
080590100013016,5
080590104031008,5
080590106042004,5
080590117101000,5
080590117311005,5
080590120573004,5
080590115521015,5
080590114011004,5
080590120551007,5
080590111011003,5
080590120532021,5
080590120493002,5
080590117121009,5
080590098471026,5
080590120553001,5
080590115512021,5
080590108011028,5
080590109011006,5
080590117212006,5
080590106031006,5
080590098463002,5
080590117201004,5
080590117273014,5
080590117243017,5
080590101004029,5
080590107013013,5
080190147012012,5
080590117263012,5
080590120363029,5
080590120273008,5
080590120414021,5
080590120223002,5
080590104062038,5
080590117263006,5
080590117083017,5
080590110005005,5
080590120593005,5
080590109013009,5
080590107011008,5
080590101003005,5
080590106031011,5
080590117303005,5
080590117083016,5
080590120323002,5
080590108011016,5
080590106031012,5
080590120243001,5
080590117021009,5
080590098501006,5
080590099011044,5
080590098471004,5
080590107023021,5
080590120371027,5
080590117202013,5
080590120412002,5
080590110004009,5
080590120454009,5
080590120453008,5
080590111012020,5
080590117212009,5
080590120303015,5
080590120432018,5
080590114021002,5
080190147012001,5
080590117012010,5
080590107011013,5
080590100012016,5
080590111021002,5
080590117083020,5
080590114011010,5
080590120523006,5
080590108012015,5
080590098572012,5
080590120513001,5
080590120472009,5
080590117311010,5
080599800001011,5
080590120363035,5
080590105023021,5
080590098561027,5
080590120323003,5
080590115511002,5
080590117204004,5
080590098551002,5
080590120571003,5
080590098451003,5
080590098481012,5
080590101001027,5
080590105022007,5
080590105033009,5
080590120473008,5
080590099011008,5
080590101003008,5
080590120502024,5
080590117243020,5
080590120311010,5
080590114011003,5
080590115521009,5
080590120541009,5
080590117014003,5
080590100012014,5
080190147023077,5
080590104033002,5
080590117022013,5
080590120262020,5
080590117202009,5
080590105024001,5
080590117011022,5
080590111021005,5
080590101004027,5
080590107011004,5
080590120592005,5
080590098461033,5
080590119042004,5
080590111012025,5
080590120331015,5
080590107023022,5
080590098542015,5
080590098481010,5
080590100012004,5
080590107021001,5
080590106042013,5
080590117123006,5
080190147012004,5
080590118033010,5
080590109013013,5
080590109022019,5
080590120552005,5
080590098461023,5
080590120472000,5
080590114011021,5
080590120231000,5
080590120451000,5
080590098573011,5
080590120421024,5
080590120333001,5
080590114011013,5
080590113002008,5
080590120301016,5
080590120512007,5
080590120353005,5
080590117092008,5
080590105033012,5
080590159002018,5
080590120361002,5
080590098453007,5
080590098062014,5
080590116012004,5
080590105023010,5
080590120242007,5
080590120431000,5
080590117202015,5
080590117103005,5
080590111012005,5
080590110004010,5
080590115513006,5
080590107011000,5
080590099011052,5
080590117272004,5
080590107022018,5
080590117203005,5
080590105042011,5
080590099011043,5
080590113003008,5
080590106042007,5
080590120471005,5
080590120433006,5
080590114011028,5
080590120331010,5
080590098062005,5
080590111012026,5
080590104051018,5
080590158002016,5
080590118041001,5
080590120432015,5
080590117262002,5
080590112024022,5
080590117114002,5
080590114022000,5
080190147012033,5
080590098452002,5
080590120273020,5
080590120582003,5
080590120392011,5
080590107022006,5
080590120432009,5
080590117331003,5
080590105043017,5
080590115522000,5
080590120331008,5
080590105031014,5
080590098573003,5
080590118041016,5
080590117323001,5
080590120271010,5
080590107021007,5
080590120272013,5
080590120461001,5
080590117012007,5
080590117101004,5
080590120533009,5
080590118042000,5
080190147023016,5
080590117093007,5
080590120312014,5
080590117261008,5
080590117022011,5
080590098481006,5
080590107013018,5
080190147023061,5
080590120411007,5
080590117202017,5
080590116021013,5
080590098063035,5
080590116022010,5
080590159001020,5
080590117083019,5
080590118041007,5
080590117311006,5
080590120422015,5
080590109021000,5
080590117272012,5
080590117114005,5
080590120272022,5
080590120543005,5
080590098471020,5
080590118032021,5
080590118041009,5
080590120311018,5
080590120413010,5
080590120512013,5
080590098502001,5
080590118042015,5
080590098071005,5
080590120363019,5
080590116011010,5
080590120525009,5
080590119041004,5
080590117313000,5
080590109012004,5
080190147023022,5
080590120362005,5
080590117112010,5
080590120321031,5
080590158001010,5
080590120473005,5
080590110002014,5
080590120493004,5
080590117311004,5
080590100013009,5
080590099011025,5
080590106041009,5
080590117202016,5
080590117203012,5
080590104024003,5
080590117202019,5
080590117291007,5
080590117291010,5
080590120551006,5
080590120452003,5
080590120513007,5
080190147012011,5
080590120382022,5
080590100012013,5
080590118031017,5
080590117122006,5
080590119041005,5
080590104034010,5
080590117081008,5
080590120223000,5
080590120304006,5
080190147023095,5
080590098573012,5
080590107022015,5
080590099012026,5
080590101001014,5
080590119513000,5
080590120473006,5
080590105023015,5
080590120513016,5
080590120571013,5
080590120333012,5
080590120601021,5
080590105041007,5
080590103083040,5
080590120332018,5
080590117242023,5
080590117261000,5
080590120533015,5
080590107013000,5
080590098452020,5
080590120553016,5
080590120512018,5
080590120343008,5
080590120432004,5
080590120243010,5
080590117021007,5
080590104033008,5
080590120472013,5
080590099012025,5
080590101002016,5
080590120482008,5
080590120233005,5
080590120302003,5
080590115511000,5
080590098063013,5
080590098063007,5
080590105043007,5
080590105042022,5
080590120341024,5
080590113004008,5
080590117271005,5
080590117261002,5
080590120331002,5
080590117262013,5
080590117212024,5
080590120231015,5
080590120261002,5
080590117243019,5
080590114011017,5
080590118032011,5
080590120262003,5
080590101003030,5
080590117081000,5
080590120301002,5
080590120392008,5
080590120413006,5
080590117123009,5
080590116012027,5
080590106032007,5
080590117093012,5
080590110002005,5
080590120321025,5
080590120461015,5
080590120572007,5
080590120343014,5
080590098542001,5
080590120381042,5
080590120541006,5
080590117011005,5
080590120333014,5
080590115522007,5
080590117242010,5
080590120231012,5
080590114021008,5
080590104033010,5
080590120332007,5
080590116012009,5
080590099012020,5
080590120223011,5
080590120532001,5
080590118042004,5
080590117291009,5
080590118032006,5
080590114022002,5
080590120304010,5
080590120262000,5
080590117011012,5
080590098062022,5
080590117092011,5
080590120302000,5
080590111012008,5
080590117011018,5
080590117311030,5
080590117024012,5
080590110003019,5
080590111012011,5
080590106043008,5
080590117112015,5
080590110005000,5
080590117101009,5
080590112024013,5
080590116012002,5
080590159002009,5
080590112024009,5
080590120381025,5
080590120262007,5
080599800001014,5
080590113004012,5
080590098461022,5
080590107013001,5
080590120321015,5
080590120394007,5
080590117243033,5
080590112022001,5
080590106031009,5
080590120313016,5
080590101001020,5
080599800001001,5
080590117241000,5
080590106041012,5
080590120231010,5
080590117014002,5
080590117082010,5
080590113002004,5
080590120382023,5
080590098561026,5
080590158001009,5
080590116021010,5
080590120533014,5
080590099011021,5
080590114023014,5
080590101003012,5
080590105032002,5
080590120381006,5
080590120243012,5
080590117311025,5
080590098502010,5
080590104024015,5
080590117021010,5
080590119511001,5
080590120601017,5
080590109022010,5
080590120551003,5
080590120232000,5
080590098451009,5
080590120341031,5
080590098062010,5
080590099012021,5
080590120242004,5
080590117263008,5
080590120301004,5
080590117011013,5
080590120363045,5
080590120221001,5
080590117272001,5
080590105022017,5
080590120243009,5
080590118031009,5
080590105031016,5
080590098451011,5
080590120333026,5
080590117092013,5
080590120272016,5
080590105033003,5
080590159001016,5
080590120461010,5
080590117121001,5
080590120543004,5
080590113001009,5
080590117111004,5
080590101003023,5
080190147023080,5
080190147023083,5
080590120525001,5
080590098543042,5
080590109021004,5
080590120532000,5
080590108012000,5
080590120573014,5
080590117201010,5
080590120261003,5
080190147023073,5
080590117232005,5
080590117232006,5
080590098452007,5
080590105031000,5
080590120233001,5
080590098061006,5
080590117243055,5
080590120341003,5
080590119042014,5
080590120573015,5
080590104033009,5
080590105032000,5
080590098453032,5
080590104031013,5
080590101001004,5
080590120482007,5
080590120441010,5
080590120353007,5
080590101001009,5
080590098452013,5
080590120461012,5
080590110005003,5
080590098451010,5
080590120432001,5
080590106032008,5
080590117212029,5
080590105024003,5
080590098502023,5
080590120491015,5
080590116011009,5
080590098452003,5
080590107011002,5
080590114011009,5
080590117114004,5
080590120601011,5
080590109015004,5
080590118062003,5
080590120395003,5
080590117024007,5
080590116012019,5
080590117291013,5
080590108012017,5
080590120582007,5
080590120304008,5
080590101004010,5
080590120273014,5
080590120462000,5
080590117251007,5
080590110001000,5
080590105024007,5
080590107022020,5
080590120521002,5
080590109014005,5
080590159001012,5
080590099011024,5
080590115522016,5
080590117203011,5
080590118043006,5
080590116023003,5
080590101003009,5
080590116021022,5
080590098572004,5
080590117023023,5
080590120272015,5
080590120583016,5
080590106043005,5
080590120571018,5
080590105033005,5
080590098462002,5
080590120381035,5
080590111013008,5
080590113003003,5
080590098502020,5
080590115521000,5
080590120304004,5
080590120502025,5
080590111012009,5
080590120301001,5
080190147023013,5
080590117324005,5
080590111022011,5
080590119042001,5
080590115512013,5
080590110001005,5
080590107013011,5
080590117203049,5
080590107023009,5
080590120553004,5
080590107012015,5
080590120373002,5
080590120311028,5
080590120492003,5
080590117311023,5
080190147023101,5
080590098452015,5
080590120574011,5
080590116011012,5
080590106031004,5
080590117251010,5
080590120231001,5
080590112022002,5
080590117211005,5
080590120591004,5
080590120321030,5
080590098501035,5
080590159001007,5
080590120432012,5
080590109011009,5
080590120483000,5
080590112024007,5
080590119041003,5
080590117262030,5
080590117081014,5
080590117272014,5
080590118081005,5
080590117243005,5
080590118043004,5
080590117113001,5
080590120311026,5
080590117311036,5
080590108011006,5
080590098072012,5
080590106041008,5
080590118031020,5
080590120552001,5
080590118081004,5
080590117273001,5
080590120583019,5
080590118062017,5
080190147023120,5
080590120503008,5
080590098482003,5
080590110002002,5
080590112024015,5
080590120473012,5
080590110006003,5
080590120581006,5
080590107022000,5
080590098581039,5
080590120322003,5
080590107022024,5
080590113001004,5
080590120414017,5
080590118062029,5
080590118081003,5
080590117203006,5
080590120263019,5
080590120303014,5
080590098561006,5
080590120573021,5
080590098461021,5
080590120441003,5
080590117023016,5
080590117242009,5
080590117081009,5
080590117243007,5
080590118031013,5
080590117022014,5
080590098453028,5
080590120432027,5
080590111012030,5
080590120391007,5
080590118034005,5
080590120301005,5
080590109012011,5
080590098061003,5
080590098071009,5
080590113003000,5
080590107023011,5
080590117083001,5
080590120574003,5
080590117204000,5
080590120531007,5
080590098553008,5
080590120332023,5
080590115512025,5
080590109012001,5
080590120395002,5
080590117243016,5
080590120432013,5
080590117243025,5
080590120395004,5
080590120322016,5
080590101002002,5
080590120501001,5
080590114012014,5
080590107012018,5
080590098062013,5
080590120541015,5
080590120421021,5
080590107023005,5
080590099012015,5
080590120553017,5
080190147012046,5
080590117112014,5
080590106031010,5
080590104024016,5
080590098521006,5
080590120241019,5
080590114021016,5
080590118033006,5
080590118071014,5
080590101003019,5
080590117261017,5
080590120382008,5
080590098471003,5
080590120371023,5
080590105032009,5
080590115512001,5
080590101003017,5
080590117262011,5
080590117201003,5
080590120492009,5
080590117081023,5
080590112022011,5
080590105042004,5
080590105023011,5
080590120541012,5
080590120312017,5
080590117093002,5
080590098072018,5
080590098551016,5
080590111022009,5
080590120381024,5
080590114012005,5
080590120461008,5
080590106041003,5
080590106031003,5
080590098471018,5
080590108011013,5
080590109013000,5
080590098481014,5
080590120541003,5
080590098501014,5
080590118033001,5
080590120412007,5
080590117262018,5
080590117303000,5
080590120522003,5
080590118072001,5
080590119513012,5
080590098461003,5
080590098552002,5
080590117102012,5
080590106034003,5
080590119042000,5
080590098581038,5
080590117082028,5
080590120442006,5
080590117212025,5
080590117243001,5
080590120273001,5
080590117012001,5
080590120573011,5
080590098501001,5
080590098552001,5
080590118034009,5
080590109021017,5
080590120441001,5
080590120321027,5
080590117231004,5
080590115521016,5
080590117114011,5
080590117204007,5
080590117012020,5
080590117302001,5
080590107011001,5
080590118043021,5
080590105041004,5
080590120262001,5
080590120341029,5
080590101003007,5
080590117022001,5
080590120453006,5
080590120221007,5
080590120352010,5
080590098063034,5
080590120322001,5
080590120551009,5
080590120395008,5
080590120333010,5
080590120262013,5
080590104034003,5
080590117093008,5
080590120313007,5
080590112021002,5
080590109013004,5
080590098572009,5
080590120371026,5
080590111012016,5
080590100013003,5
080590109021022,5
080590117023012,5
080590120263009,5
080590117101002,5
080590120454000,5
080590120312005,5
080590120525007,5
080590120414002,5
080590120313005,5
080590109014000,5
080590098561020,5
080590118033009,5
080590115521014,5
080590120432019,5
080590120542009,5
080590120241002,5
080190147012016,5
080590098573010,5
080590098472008,5
080190147012025,5
080590111011006,5
080590117203042,5
080590101003014,5
080590117261013,5
080590120532010,5
080590118082000,5
080590099012006,5
080590117263022,5
080590120501011,5
080590114023016,5
080590120341018,5
080590120421007,5
080590117243059,5
080590114021010,5
080590112022007,5
080590120513012,5
080590098553000,5
080590112021016,5
080590118041015,5
080590111012007,5
080590118033002,5
080590098481020,5
080590117242008,5
080190147012032,5
080590120393000,5
080590120473013,5
080590120342022,5
080590098071010,5
080590098502024,5
080590105041014,5
080590120462006,5
080590120382017,5
080590120414018,5
080590118063001,5
080590108012002,5
080590120333009,5
080190147023102,5
080590117212002,5
080590120471012,5
080590105022010,5
080590117311000,5
080590104024019,5
080590120263010,5
080590120413001,5
080190147023010,5
080590098453025,5
080590120432032,5
080590113002005,5
080590120411001,5
080590120311020,5
080590120321010,5
080590117231006,5
080590105042016,5
080590114023003,5
080590120543000,5
080590120351011,5
080590112023004,5
080590120432005,5
080590100012011,5
080590120261006,5
080590105024002,5
080590120223007,5
080590111012014,5
080590115513004,5
080590104033007,5
080590101003033,5
080590116022013,5
080599800001003,5
080590098464003,5
080590120414016,5
080590120571019,5
080590098573009,5
080590117081005,5
080590107021003,5
080590120271018,5
080590117203000,5
080590111012019,5
080590098072023,5
080590109015015,5
080590120432026,5
080590110003005,5
080590099011014,5
080590120433014,5
080590098571007,5
080590120473014,5
080590104024025,5
080590120461004,5
080590098472011,5
080590107023004,5
080590120553011,5
080590118062021,5
080590120472005,5
080590098462010,5
080590120393005,5
080590098553003,5
080590120573005,5
080590117302008,5
080590101001028,5
080590120341017,5
080590098062030,5
080590120362002,5
080590106034018,5
080590104033013,5
080590105041008,5
080590120362000,5
080190147012023,5
080590105031017,5
080590120381022,5
080599800001015,5
080590120421017,5
080590105043014,5
080590120432022,5
080590117092001,5
080590109014008,5
080590117281014,5
080590111022004,5
080590107023007,5
080590120224010,5
080590120241016,5
080590117023005,5
080590117241001,5
080590120551004,5
080590116011017,5
080590117081012,5
080590110001002,5
080590098453029,5
080590117101018,5
080590117012006,5
080590120221008,5
080590104032011,5
080590098453026,5
080590117331000,5
080590109021010,5
080590117292005,5
080590098551004,5
080590117261016,5
080590120433005,5
080590117023000,5
080590120322014,5
080590099012001,5
080590100011007,5
080590098521026,5
080590120572012,5
080590120473011,5
080590120313000,5
080590101003025,5
080590120483007,5
080590120581014,5
080590106042003,5
080590117082006,5
080590117212004,5
080590099012019,5
080590117243000,5
080590120525006,5
080590098453030,5
080590117114012,5
080190147012026,5
080590117082008,5
080590101002005,5
080590111011010,5
080590106031008,5
080590120472008,5
080590107013023,5
080190147023090,5
080590117263000,5
080590107011015,5
080590158002019,5
080590120351004,5
080590117242020,5
080590098501022,5
080590098462012,5
080590117243054,5
080590120573012,5
080590110006001,5
080590117262016,5
080590120312019,5
080590098461035,5
080590098551008,5
080590120413003,5
080590098062024,5
080590105022019,5
080590117302006,5
080590112023003,5
080590120421022,5
080590115512017,5
080590107012009,5
080590118061003,5
080590120523002,5
080590099011045,5
080590098521032,5
080590098552007,5
080590098481027,5
080590105023006,5
080590098501011,5
080590106042006,5
080190147023091,5
080590117263028,5
080590120583017,5
080590120543002,5
080590120502027,5
080590120412006,5
080590117112018,5
080590120331018,5
080590117011008,5
080590119042003,5
080590117241014,5
080590120303009,5
080590120341021,5
080590117203036,5
080590120313008,5
080590105041000,5
080590116023013,5
080590158002008,5
080590109011015,5
080590118071007,5
080590110003011,5
080590120553003,5
080590120343012,5
080590117212013,5
080590110003022,5
080590098481005,5
080590117271011,5
080590159002003,5
080590120602001,5
080590117243044,5
080590117243048,5
080590115512018,5
080590114022005,5
080590120414020,5
080590108011001,5
080590113003007,5
080590120363021,5
080590107013024,5
080590117311031,5
080599804001000,5
080590118032002,5
080590120592009,5
080590117102007,5
080590117202012,5
080590120321018,5
080590117023015,5
080590117101006,5
080590105033002,5
080590105022002,5
080590098542006,5
080590117271002,5
080590106032009,5
080590117301000,5
080590099011006,5
080590098481000,5
080590120492000,5
080590120441017,5
080590120501018,5
080590098061021,5
080590116023014,5
080590098542002,5
080590098551006,5
080590120332000,5
080590098072021,5
080590098553017,5
080590117203035,5
080590118043005,5
080590110006014,5
080590098072000,5
080590120433007,5
080590109011012,5
080590117331007,5
080590101003016,5
080590120502029,5
080590117024006,5
080590120581000,5
080590111012004,5
080590107011017,5
080590098502004,5
080590120574006,5
080590113002006,5
080590098063004,5
080590098553001,5
080590110001004,5
080590098552006,5
080590105023009,5
080590117311002,5
080590120273016,5
080590110003015,5
080590117024011,5
080590119513004,5
080590111022012,5
080590120581013,5
080590120412003,5
080590158002012,5
080590117292000,5
080590120542010,5
080590120533010,5
080590113001005,5
080590103083010,5
080590117022007,5
080190147012000,5
080590112024014,5
080590117262023,5
080590120601018,5
080590116023001,5
080590111011005,5
080590120363022,5
080590120371004,5
080590105032026,5
080590108012014,5
080590120492006,5
080590118081002,5
080590120454003,5
080590116012012,5
080590117232007,5
080190147023034,5
080590114011029,5
080590098063020,5
080590098571008,5
080590105043005,5
080590098464007,5
080590120341027,5
080590105021013,5
080590120262010,5
080590115521012,5
080590120441011,5
080590117083015,5
080590117262003,5
080590120451007,5
080590110004008,5
080590120493005,5
080590113003013,5
080590118034002,5
080590118041012,5
080590112024008,5
080590105021014,5
080590118042002,5
080590098072009,5
080590120262011,5
080590106042009,5
080590120242000,5
080590115522022,5
080590107012005,5
080590117271006,5
080590111013016,5
080590107013002,5
080590117212000,5
080590117251004,5
080590120243000,5
080590117242025,5
080590116011007,5
080590117112000,5
080590120393009,5
080590098063023,5
080590120392005,5
080590117241020,5
080590101004016,5
080590120311003,5
080590106034002,5
080590101003004,5
080590098453006,5
080590117103004,5
080590120413016,5
080590117201013,5
080590099011032,5
080590120231013,5
080590117241011,5
080590119513011,5
080590104062039,5
080590120393004,5
080590158001023,5
080590120531012,5
080590117021003,5
080590117273005,5
080590098062015,5
080590120311004,5
080590115522013,5
080590120342003,5
080590098481009,5
080590100011005,5
080590098072010,5
080590098453020,5
080590158002002,5
080590108012008,5
080590120262017,5
080590099011029,5
080590120571004,5
080590120422007,5
080590098553010,5
080590158002017,5
080590098501036,5
080590120311019,5
080590117243062,5
080590107011012,5
080590120431005,5
080590120493008,5
080590120232005,5
080590120591000,5
080590098063037,5
080590098551011,5
080590117091006,5
080590120223001,5
080590117331013,5
080590120381030,5
080590105021003,5
080590119511007,5
080590120341001,5
080590117243006,5
080590117231000,5
080590115512020,5
080590120272006,5
080590107022017,5
080590099012011,5
080590120323000,5
080590098482007,5
080590103083048,5
080590120531020,5
080590109011018,5
080590120581026,5
080590117203003,5
080590117262012,5
080590114011031,5
080590112024025,5
080590111021018,5
080590120302018,5
080590099011012,5
080590111021010,5
080590120262004,5
080590117243008,5
080590120491009,5
080590117311003,5
080590101003024,5
080590117203040,5
080590098461036,5
080590107023003,5
080599800001004,5
080590120471010,5
080590098573013,5
080590099012002,5
080590120531011,5
080590117261015,5
080590158001012,5
080590114011030,5
080590120331000,5
080590099011011,5
080590098562015,5
080590105023016,5
080590117262004,5
080590120333028,5
080590120311002,5
080590117203048,5
080590120431002,5
080590159002023,5
080590119513006,5
080590120232006,5
080590106033008,5
080590101002020,5
080590120261009,5
080590117232009,5
080590120574000,5
080590120272017,5
080590120512012,5
080590117262033,5
080590111022010,5
080590109012000,5
080590105023024,5
080590098581040,5
080590105031010,5
080590117204003,5
080590098501004,5
080590120301008,5
080590118062028,5
080590098501016,5
080590120472006,5
080590109014011,5
080590120422013,5
080590109022003,5
080590159002026,5
080590105032020,5
080590107013019,5
080590098573002,5
080590098563002,5
080590120373003,5
080590117241018,5
080590101001017,5
080590120533008,5
080590098542014,5
080590116012020,5
080590120272020,5
080590120471001,5
080590117321008,5
080590107021005,5
080590098482002,5
080590120363007,5
080590108012013,5
080590098452016,5
080590120442013,5
080590117212019,5
080590098463005,5
080590101004021,5
080590120371005,5
080590117273000,5
080590117291003,5
080590120602007,5
080590116012003,5
080590098572011,5
080590120511011,5
080590119042005,5
080590118062006,5
080590120412005,5
080590098471023,5
080590103083037,5
080590117203020,5
080590159001011,5
080590119513010,5
080190147011032,5
080590098481023,5
080590117293001,5
080590101002008,5
080590109022013,5
080590112021007,5
080590119511014,5
080590117272011,5
080590099012029,5
080590120571017,5
080590105032021,5
080590120583018,5
080590115513000,5
080590118071016,5
080590120363030,5
080590098471007,5
080590116022009,5
080590158002011,5
080590120263008,5
080590113003002,5
080590110006013,5
080590110003016,5
080590117093003,5
080590118043003,5
080590111012001,5
080590107023000,5
080590114021007,5
080590104062045,5
080590120442009,5
080590117021001,5
080590120472004,5
080590117243052,5
080590120523000,5
080590120553015,5
080590117292002,5
080590120512010,5
080590120381045,5
080590109022022,5
080590120432010,5
080590120553005,5
080590120371029,5
080590120581021,5
080590120361006,5
080590098471005,5
080590109022024,5
080190147023079,5
080590120483009,5
080590116012000,5
080590117121010,5
080590120533005,5
080590116023011,5
080599800001000,5
080590120541004,5
080590120571000,5
080590117121006,5
080590117203044,5
080590115512022,5
080590120451017,5
080590098062002,5
080590098462003,5
080590105022014,5
080590119512002,5
080590120223009,5
080590158001028,5
080590117081010,5
080590107012013,5
080590117262026,5
080590120542007,5
080590120382014,5
080590098461032,5
080590120261007,5
080590118061006,5
080590116022014,5
080590120432002,5
080590105023003,5
080590109021001,5
080590120382000,5
080590120451003,5
080590101003034,5
080590120581010,5
080590120553014,5
080590120432028,5
080590117201007,5
080590110002023,5
080590120223004,5
080590120573010,5
080590104024012,5
080590115512014,5
080590098481015,5
080590098472002,5
080590119513021,5
080590120431012,5
080590098482000,5
080590116022002,5
080590107023013,5
080590098551015,5
080590120453012,5
080590118071008,5
080590120593014,5
080590120271014,5
080590098451000,5
080590120223006,5
080590120581016,5
080190147012027,5
080590120442008,5
080590098062009,5
080590117262034,5
080590117122003,5
080590112021014,5
080590158002003,5
080590117202014,5
080590120533001,5
080590118043014,5
080590117243053,5
080590098553018,5
080590098581036,5
080590099012023,5
080590159002027,5
080190147012013,5
080590120491008,5
080590106043007,5
080590110001001,5
080590120571008,5
080590120363033,5
080590098461030,5
080590104031003,5
080590116012024,5
080590120381000,5
080590098561007,5
080590120341008,5
080590120233009,5
080590117093009,5
080590105032005,5
080590098062019,5
080590120522007,5
080590120462004,5
080590120332020,5
080590117202007,5
080590098061020,5
080590111013018,5
080590112022003,5
080590117262009,5
080590158001000,5
080590100012017,5
080590107013029,5
080590098471013,5
080590098573005,5
080590120421019,5
080590098453027,5
080590116021016,5
080590098561000,5
080590159001017,5
080590098062021,5
080590120312007,5
080590116012011,5
080590120312011,5
080590120433003,5
080590112021003,5
080590118062013,5
080590107012011,5
080590117121005,5
080590101001008,5
080590120503004,5
080590099011007,5
080590107013020,5
080590159001005,5
080590120541013,5
080590098461025,5
080590120393008,5
080590098501009,5
080590117023019,5
080590117203009,5
080590117112002,5
080590117241006,5
080590117204008,5
080590120371009,5
080590120241009,5
080590120343002,5
080590098063009,5
080590120394001,5
080590117103001,5
080590115521004,5
080590120313002,5
080590117311027,5
080590109015010,5
080590112021005,5
080590120221003,5
080590110006000,5
080590117081029,5
080590117012017,5
080590120241014,5
080590116011003,5
080590117251006,5
080590098461006,5
080590112023013,5
080590120552007,5
080590114023006,5
080590117102002,5
080590120311009,5
080590120531016,5
080590105023004,5
080590120361000,5
080590120222008,5
080590117251012,5
080590112023022,5
080590108011005,5
080590120502022,5
080590100011000,5
080590120583013,5
080590120321008,5
080590117092012,5
080590120433011,5
080590099011031,5
080590120601006,5
080590120513005,5
080590109015017,5
080590120302012,5
080590104062046,5
080590120393001,5
080590105023005,5
080590114021009,5
080590117212017,5
080590117203046,5
080590117271003,5
080590117083008,5
080590098561024,5
080590098471010,5
080590116023008,5
080590120571007,5
080590120513014,5
080590120414019,5
080590117021015,5
080590120553007,5
080590105032022,5
080590117292001,5
080590120412000,5
080590117243023,5
080590098581027,5
080590105032025,5
080590117324003,5
080590117324002,5
080590116022004,5
080590120302004,5
080590120342010,5
080590115511007,5
080590120552004,5
080590117231003,5
080590116021017,5
080590098521037,5
080590098572005,5
080590098463007,5
080590098551005,5
080590106034011,5
080590120422011,5
080590098543045,5
080190147011027,5
080590116011001,5
080590120541007,5
080590117083004,5
080590117243042,5
080590098461008,5
080590112023008,5
080590100013007,5
080590120331007,5
080590117323005,5
080590120271004,5
080590098501017,5
080590120382016,5
080590107011010,5
080590110001008,5
080590119042007,5
080590111013006,5
080590117243049,5
080590112022010,5
080590158001017,5
080590120573016,5
080590112023012,5
080590117243061,5
080590117243024,5
080590114011022,5
080590117243050,5
080590098502014,5
080590118043020,5
080590120333017,5
080590120532007,5
080590117262014,5
080590106033002,5
080590120593000,5
080590120414001,5
080590107012002,5
080590117282003,5
080590104024011,5
080590120503007,5
080590101003013,5
080190147012015,5
080590098062023,5
080590117101019,5
080590120363040,5
080590118032013,5
080590118031003,5
080590117082014,5
080590100012005,5
080590117262028,5
080590098572002,5
080590109012008,5
080590120224006,5
080590098551009,5
080590120342005,5
080590120371002,5
080590101003029,5
080590116021021,5
080590111011008,5
080590110003021,5
080590107021010,5
080590120392014,5
080590117092010,5
080590120471003,5
080590120363042,5
080590098062020,5
080590120461002,5
080590114011024,5
080590105033006,5
080590098501002,5
080590120432017,5
080590117081022,5
080590120241000,5
080590104032002,5
080590120481005,5
080590117251011,5
080590117321003,5
080590110002003,5
080590105021007,5
080590120432023,5
080590104034000,5
080590120513004,5
080590120351000,5
080590107023015,5
080590120473000,5
080590117203019,5
080590158002001,5
080590120411000,5
080590120574010,5
080590120322006,5
080590111013000,5
080590120452004,5
080590106041016,5
080590120581019,5
080590118043017,5
080590114012006,5
080590119513003,5
080590120432011,5
080590120311005,5
080590098421036,5
080590117242014,5
080590112023023,5
080590120271020,5
080590100012001,5
080590120303021,5
080590114011032,5
080590120413015,5
080590117243011,5
080590117122008,5
080590105032001,5
080590120333007,5
080590120352005,5
080590118043013,5
080590111021003,5
080590120312000,5
080590120262015,5
080590119511015,5
080590117311014,5
080590120483008,5
080590116021002,5
080590101003000,5
080590099011027,5
080590117263005,5
080590117021016,5
080590104024010,5
080590118043012,5
080590120381003,5
080590098461038,5
080590120421018,5
080590120552000,5
080590098481001,5
080590117114013,5
080590115512027,5
080590120241013,5
080590098552004,5
080590117281006,5
080590120381029,5
080590118041017,5
080590117011015,5
080590117212023,5
080590117242011,5
080590110006012,5
080590098062033,5
080590120333024,5
080590117281009,5
080590109021012,5
080590098062018,5
080590109021013,5
080590111021000,5
080590101003003,5
080590106031000,5
080590120353004,5
080590116011016,5
080590098461011,5
080590120233002,5
080590098461026,5
080590105023012,5
080590105043000,5
080590117271010,5
080590098502021,5
080590118062008,5
080590117311020,5
080590120313009,5
080190147012024,5
080590118061000,5
080590120525012,5
080590120341007,5
080590117204006,5
080590100013020,5
080590098562012,5
080590120414005,5
080590105024013,5
080190147023125,5
080590114023018,5
080590099011037,5
080590116012016,5
080590105042018,5
080590117273012,5
080590101001002,5
080590120414006,5
080590120513008,5
080590117243039,5
080590120331017,5
080590120442004,5
080590108012001,5
080590115511014,5
080590116021011,5
080590108011000,5
080590117122005,5
080590115522020,5
080590098521030,5
080590120361003,5
080590159001015,5
080590107023019,5
080590158001019,5
080590118031006,5
080590117281004,5
080590120341030,5
080590098553009,5
080590104033005,5
080590115521002,5
080590120543003,5
080590120502014,5
080590099011018,5
080590120394000,5
080590159002025,5
080590111012028,5
080590113001007,5
080590105042026,5
080590120581011,5
080590100012010,5
080590117262010,5
080590120311021,5
080590112021008,5
080590098561015,5
080590099012012,5
080590118062019,5
080590117303006,5
080590120363044,5
080590118042016,5
080590117212028,5
080590117024021,5
080590117242027,5
080590115522004,5
080590120513000,5
080590112024010,5
080590117212011,5
080590109021018,5
080590120553010,5
080590118032018,5
080590117241007,5
080590120492002,5
080590104033012,5
080590120361004,5
080590100012019,5
080590120332001,5
080590098062016,5
080590117093004,5
080590098451002,5
080590120471004,5
080590099011046,5
080590120501016,5
080590120332012,5
080590119513023,5
080590120583002,5
080590120501015,5
080590120263001,5
080590114011027,5
080590120273002,5
080590117263024,5
080590114012015,5
080590120512014,5
080590120301009,5
080590119513005,5
080590120273010,5
080590117082011,5
080590098472000,5
080590120353002,5
080590098471011,5
080590098551017,5
080590117263026,5
080590117011003,5
080590117291005,5
080590120541014,5
080590112021011,5
080590107021018,5
080590098502006,5
080590117311033,5
080590117093013,5
080590120442010,5
080590109022020,5
080590117111008,5
080590098573008,5
080190147023069,5
080590115513003,5
080590119042008,5
080590117203033,5
080590118034006,5
080590117311026,5
080590117212012,5
080590120421008,5
080590117243022,5
080590107011006,5
080590120313006,5
080590098463008,5
080590117311037,5
080590098063021,5
080590107023012,5
080590117111006,5
080590106043004,5
080590114023007,5
080590120381012,5
080590106034015,5
080590118031012,5
080590120312002,5
080590105031002,5
080590098062027,5
080190147023064,5
080590107022001,5
080590115511004,5
080590116011000,5
080590116022012,5
080590117241004,5
080590104024023,5
080590120461016,5
080590120481003,5
080590120601008,5
080590110004011,5
080590117122020,5
080590098463009,5
080590120501003,5
080590117021000,5
080590109014002,5
080590114022003,5
080590120501000,5
080590106034010,5
080590098551018,5
080590098553005,5
080590120572010,5
080590117242003,5
080590104031007,5
080590120382015,5
080590116023006,5
080590098581034,5
080590117273018,5
080590117311022,5
080590120473002,5
080590109013005,5
080590116023010,5
080590119513007,5
080590120593012,5
080590100011003,5
080590101004028,5
080590117281008,5
080590100012023,5
080590120321026,5
080590120454010,5
080590120433000,5
080590120502013,5
080590120572006,5
080590120303016,5
080590158002000,5
080590104032010,5
080590120391012,5
080590120273028,5
080590120461019,5
080590110002017,5
080590114012013,5
080590114011006,5
080590158001004,5
080590117263019,5
080590120302015,5
080590117082025,5
080590120493000,5
080590101002011,5
080590101003018,5
080590117112011,5
080590120501017,5
080590117023004,5
080590117023011,5
080590120322002,5
080590098452006,5
080590118061001,5
080590106041007,5
080590117231005,5
080590120331011,5
080590120491004,5
080590114012011,5
080590120601015,5
080590116021008,5
080590108012004,5
080590117311019,5
080590117082021,5
080590117203021,5
080590120381013,5
080590098561022,5
080590098542017,5
080590117302007,5
080190147023000,5
080590120521000,5
080590120321017,5
080590098464005,5
080590120533007,5
080590117243031,5
080590106031002,5
080590120525011,5
080590120352000,5
080590120441015,5
080590098071001,5
080590107013009,5
080590098502000,5
080590117102004,5
080590117243030,5
080590120241012,5
080590105024000,5
080590105024014,5
080590120261001,5
080590099011020,5
080590117243013,5
080590120394010,5
080590120332021,5
080590098072001,5
080590117273008,5
080590117231002,5
080590120512008,5
080590120302001,5
080590120263005,5
080590120311029,5
080590120391001,5
080590100012021,5
080590120304000,5
080590120572005,5
080590117123001,5
080590120381016,5
080590117331006,5
080590112023011,5
080590098463004,5
080590099011040,5
080590116022005,5
080590120531017,5
080590098581029,5
080590100013012,5
080590110005002,5
080590110001014,5
080590120263017,5
080590120231003,5
080590118032000,5
080590120413007,5
080590120222002,5
080590120391010,5
080590120241011,5
080590100013008,5
080590100012003,5
080590117121011,5
080590120602000,5
080190147012017,5
080590120381014,5
080590105023023,5
080590116022003,5
080590120224001,5
080590120303004,5
080590120501014,5
080590105041013,5
080590098553012,5
080590098521025,5
080590105031004,5
080590106041017,5
080590120242006,5
080590105021016,5
080590107012010,5
080590118071011,5
080590117292004,5
080590117202004,5
080590117212016,5
080590098542018,5
080590109022005,5
080590105022012,5
080599808001008,5
080590120473004,5
080590120492004,5
080590114011035,5
080590117241013,5
080590098453010,5
080590119511002,5
080590158002018,5
080590120473001,5
080590120381018,5
080590120271007,5
080590116023009,5
080590120321034,5
080590120571006,5
080590114011012,5
080590100012018,5
080590104031020,5
080590109022017,5
080590120601002,5
080190147012003,5
080590120541010,5
080590117112016,5
080590117203002,5
080590098542000,5
080590120363011,5
080590098421039,5
080590120381028,5
080590120553000,5
080590120513009,5
080590116021014,5
080590117241009,5
080590113001000,5
080590120391003,5
080590101003011,5
080590117311041,5
080590120301003,5
080590099011042,5
080590120362006,5
080190147012021,5
080590098063036,5
080590120531003,5
080590117262000,5
080590098063006,5
080590098061014,5
080590106043003,5
080590159002020,5
080590120332003,5
080590158003008,5
080590120343003,5
080590117292007,5
080590111021009,5
080590120352013,5
080590117012019,5
080590105021010,5
080590098453014,5
080590110002019,5
080590120363010,5
080590120222009,5
080590117301002,5
080590120321004,5
080590112023020,5
080590112022006,5
080590120331016,5
080590106043011,5
080590109012003,5
080590098502011,5
080590110003007,5
080590106032011,5
080590120322015,5
080590110002021,5
080590120581002,5
080590117082026,5
080590120241015,5
080590099011004,5
080590117103000,5
080590159002017,5
080590158003007,5
080590105042003,5
080590106042001,5
080590098481017,5
080590119511010,5
080590098482004,5
080590114012003,5
080590120373000,5
080590099012030,5
080590120522002,5
080590098562003,5
080590099011023,5
080590098521005,5
080590120331003,5
080590120363009,5
080590120273004,5
080590098483002,5
080590117272005,5
080590098472010,5
080590117251019,5
080590098452009,5
080590114021014,5
080590111021015,5
080590159002006,5
080190147023092,5
080590118063003,5
080590120572000,5
080590120573001,5
080590120482000,5
080590106031013,5
080590117262021,5
080590104031017,5
080590100013014,5
080590117324000,5
080590120391006,5
080590120303019,5
080590117251002,5
080590110006007,5
080590105033001,5
080590113004010,5
080590117311046,5
080590120321019,5
080590114021013,5
080590099012010,5
080599808001001,5
080590120414010,5
080590120311017,5
080590105041012,5
080590117122010,5
080590120413013,5
080590120491014,5
080590120332022,5
080590120381049,5
080590120351003,5
080590118041006,5
080590159001019,5
080590105031015,5
080590118042009,5
080590120601010,5
080590105042002,5
080590106042002,5
080590117282004,5
080590098462015,5
080590120573013,5
080590117112001,5
080590117311024,5
080590117243027,5
080590117243003,5
080590118071004,5
080590120241004,5
080590117082030,5
080590098462009,5
080590109011022,5
080590114021001,5
080590111013010,5
080590120601016,5
080590120312006,5
080590120394006,5
080590117082009,5
080590107023001,5
080590120341012,5
080590099011030,5
080590104034007,5
080590117243060,5
080590120593001,5
080590109014010,5
080590117311045,5
080590105043002,5
080590120261008,5
080590112021021,5
080590120471011,5
080590114011008,5
080590120571001,5
080590105033000,5
080590101003035,5
080590120303007,5
080590120452007,5
080590100013013,5
080590099011035,5
080590109015005,5
080590098562005,5
080590117243018,5
080590098072016,5
080590120512016,5
080590110003012,5
080590120421023,5
080590116023005,5
080590117243029,5
080590105041005,5
080590105042025,5
080590117324006,5
080590107013005,5
080590120422001,5
080590112024006,5
080590117122000,5
080590120263006,5
080590120271015,5
080590120571012,5
080590101004020,5
080590120381019,5
080590120262008,5
080590101004000,5
080590120441009,5
080590120271012,5
080590114023009,5
080590108011017,5
080590117122017,5
080590120422010,5
080590115511015,5
080590117082000,5
080590098072020,5
080590105023017,5
080590116021015,5
080590120542006,5
080590117083006,5
080590120541001,5
080590120532017,5
080590115513008,5
080590117083013,5
080590120333019,5
080590118064003,5
080590105042017,5
080590115511019,5
080590120512001,5
080590120392012,5
080590120273017,5
080590112024020,5
080590120441007,5
080590120521004,5
080590117081026,5
080590104062040,5
080590120331001,5
080590106032012,5
080590098072015,5
080590098521023,5
080590110002000,5
080590103083043,5
080590115522019,5
080590106034012,5
080590104034002,5
080590106034014,5
080590104031005,5
080590117024001,5
080590120574005,5
080590098463014,5
080590120381044,5
080590117291001,5
080590117022004,5
080590117292003,5
080590101001013,5
080590120411005,5
080590105043001,5
080590116022006,5
080590117112008,5
080590120481001,5
080590104022021,5
080590120592004,5
080590107021013,5
080590098461004,5
080590113002001,5
080590120272005,5
080590109015013,5
080590115512026,5
080590106034000,5
080590117112023,5
080590118063004,5
080590120243013,5
080590120363004,5
080590120522005,5
080590098471017,5
080590120222004,5
080590120582001,5
080590117262017,5
080590111021004,5
080590118042001,5
080590120503013,5
080590120501005,5
080590120412004,5
080590117242015,5
080590120551001,5
080590109015007,5
080590118071003,5
080590120433015,5
080590098062026,5
080590104051004,5
080590108012011,5
080590120473009,5
080590115511022,5
080590105042001,5
080590098571009,5
080590120353008,5
080590120593013,5
080590120442005,5
080590112023005,5
080590098072006,5
080590120273015,5
080590103083015,5
080590117242004,5
080590106034008,5
080590098572015,5
080590120471009,5
080590107012007,5
080590120482001,5
080590159002007,5
080590117261009,5
080590120501004,5
080590120303020,5
080590117013005,5
080590118031024,5
080590117024020,5
080590120232008,5
080590101003028,5
080590119041006,5
080590109012009,5
080590105022000,5
080590117112021,5
080590117262031,5
080590098452000,5
080590119512000,5
080590098562008,5
080590117112013,5
080590105042012,5
080599800001009,5
080590120421013,5
080590098462004,5
080590120531009,5
080590117203050,5
080590120482002,5
080590120352011,5
080590120483006,5
080590120583014,5
080590098063022,5
080590104062037,5
080590120531018,5
080590098462000,5
080590117291012,5
080590100013011,5
080590120273040,5
080590117011006,5
080590101002006,5
080590098452012,5
080590120601020,5
080590107013017,5
080590099011036,5
080590117204002,5
080590120311014,5
080590117261004,5
080590098471024,5
080590098071006,5
080590098072011,5
080590120331012,5
080590099012004,5
080590117101007,5
080590120551000,5
080590098563001,5
080590098062037,5
080590114023011,5
080590120502007,5
080590120304002,5
080590118031015,5
080590120223012,5
080190147023056,5
080590120492011,5
080590098561002,5
080590117023006,5
080590118062010,5
080590120531004,5
080590098561004,5
080590117022015,5
080590109015006,5
080590120461006,5
080590113004005,5
080590105043006,5
080190147023051,5
080590120451001,5
080590120453004,5
080590120511005,5
080590119511004,5
080590100011009,5
080590108011012,5
080590100012015,5
080590098461041,5
080590113001002,5
080590117302004,5
080590120331013,5
080590120321001,5
080590120312004,5
080590120261011,5
080590120272007,5
080590113001015,5
080590117101012,5
080590105032024,5
080590105022009,5
080590120553002,5
080590117251020,5
080590120492001,5
080590120541002,5
080590120501008,5
080590117242024,5
080590120583001,5
080590120271003,5
080590098061019,5
080590098453021,5
080590117243056,5
080590120413009,5
080590120511008,5
080590108012018,5
080590120391000,5
080590112023007,5
080190147023082,5
080590098063027,5
080590105032012,5
080590099011016,5
080590098464000,5
080590117301001,5
080590120395005,5
080590098561005,5
080590105032018,5
080590105024009,5
080590120574001,5
080590120233014,5
080190147023050,5
080590120451008,5
080590117251016,5
080590117241016,5
080590106032000,5
080590117261010,5
080590118041005,5
080590114021012,5
080590119513001,5
080590120394008,5
080590117311013,5
080590117012012,5
080590120602009,5
080590101004018,5
080590110004002,5
080590115513012,5
080590117083014,5
080590105042027,5
080590117251000,5
080590114023004,5
080590098472014,5
080590118034001,5
080590120271008,5
080590115511003,5
080590120224000,5
080590117261011,5
080590104031011,5
080590098542008,5
080590117082017,5
080590120413017,5
080590098464008,5
080590120483002,5
080590117212026,5
080590117082016,5
080590098501000,5
080590118043009,5
080590114011025,5
080590117204005,5
080590112024012,5
080590098062032,5
080590109014001,5
080590098063017,5
080590158002004,5
080590119511018,5
080590098472015,5
080590158001008,5
080590108012006,5
080590120232003,5
080590117102013,5
080590099012003,5
080590120222011,5
080590120272019,5
080590111012010,5
080590120363039,5
080590118031011,5
080590120224005,5
080590098581035,5
080590120453002,5
080590117101017,5
080590117114010,5
080590117201002,5
080590118062027,5
080590120512002,5
080590111012024,5
080590101004012,5
080590111021012,5
080590098462013,5
080590101004022,5
080590100012012,5
080590117101010,5
080590120241021,5
080590098544013,5
080590118042017,5
080590116011006,5
080590117242021,5
080590120461009,5
080590106041001,5
080590120581020,5
080590104034004,5
080190147012010,5
080590112024005,5
080590120512009,5
080590115521008,5
080590117203043,5
080590110006005,5
080590098471014,5
080590120273006,5
080590098463011,5
080590117021005,5
080590120553009,5
080590104033003,5
080590117024015,5
080590098061004,5
080590114011019,5
080590120363025,5
080590120592002,5
080590098562006,5
080590117311017,5
080590112022012,5
080599804001002,5
080590158002007,5
080590098421040,5
080590101001007,5
080590120333006,5
080590118031022,5
080590120592000,5
080590098062011,5
080590117261018,5
080590117023001,5
080590117203027,5
080590098502007,5
080590098562014,5
080590110003000,5
080590120331006,5
080590120453005,5
080590115522012,5
080590120573009,5
080590117022000,5
080590098063003,5
080590098521000,5
080590111011001,5
080590117321009,5
080590120371022,5
080590117263021,5
080590101003031,5
080590120382013,5
080590114021005,5
080590120512004,5
080590120311007,5
080590101004005,5
080590098464001,5
080590120471008,5
080590120381037,5
080590118072000,5
080590120552009,5
080590117111002,5
080590119042013,5
080590117013003,5
080590118064008,5
080590113004007,5
080590120392013,5
080590158001031,5
080590120411006,5
080590120551005,5
080590098521028,5
080590120413002,5
080590116012010,5
080590109012002,5
080590105023025,5
080590120262009,5
080590120261005,5
080190147012022,5
080590110003017,5
080590099012013,5
080590098581032,5
080590117271000,5
080590120333013,5
080590120382003,5
080590098472016,5
080590120512006,5
080590110003008,5
080590098452010,5
080590098072004,5
080590120273007,5
080590098562016,5
080590120511009,5
080590118041002,5
080590120525003,5
080590107022013,5
080590101001012,5
080590105033014,5
080590120442001,5
080590098521031,5
080590120482004,5
080590114023015,5
080590120532011,5
080590104033004,5
080590120573017,5
080590117081024,5
080590120363005,5
080590120273025,5
080590114021004,5
080590098573007,5
080590111012029,5
080590120581027,5
080590098421024,5
080590120333015,5
080590117201014,5
080590115522010,5
080590120451011,5
080590098521024,5
080590117122015,5
080590117211001,5
080590120601003,5
080590120242009,5
080590109022014,5
080590117263003,5
080590118082004,5
080590120525010,5
080590120222003,5
080590104034006,5
080590118033011,5
080590120261012,5
080590120353009,5
080590118031002,5
080590105021012,5
080590118031001,5
080590119042015,5
080590106034001,5
080590117082019,5
080590099011047,5
080590104032000,5
080590117023018,5
080590117203029,5
080590111022015,5
080590117083011,5
080590117023009,5
080590117251014,5
080590106032004,5
080590111013011,5
080190147023062,5
080590120311025,5
080590120593003,5
080590098472005,5
080590120232007,5
080590120511007,5
080590120331005,5
080590117082018,5
080590116021004,5
080590120543007,5
080590100013021,5
080590115512005,5
080590120223010,5
080590098502025,5
080590120601000,5
080590120582006,5
080590112022004,5
080590115512019,5
080590109021008,5
080590117121012,5
080590117241021,5
080590115521001,5
080590120522004,5
080590120483003,5
080590098452011,5
080590112021013,5
080590119042017,5
080590110005001,5
080590101002013,5
080590117331012,5
080590120581024,5
080590117011020,5
080590109021020,5
080590120224003,5
080590117243063,5
080590114023017,5
080590107021015,5
080590117082003,5
080590120321014,5
080590120442003,5
080590120395011,5
080190147023070,5
080590116011014,5
080590120412011,5
080590105021018,5
080590120241017,5
080590120361001,5
080590159002012,5
080590098461020,5
080590098461024,5
080590120392015,5
080590117272013,5
080590100011001,5
080590120381009,5
080590118071018,5
080590120381001,5
080590117083003,5
080590120343015,5
080590120591003,5
080590111012006,5
080590098562010,5
080590120233000,5
080590101004004,5
080590110006006,5
080590112022008,5
080590120302008,5
080590105041010,5
080590120533018,5
080590120311016,5
080590118043023,5
080590099011013,5
080590120321032,5
080590120332006,5
080590120271002,5
080190147023001,5
080590120412013,5
080590098453008,5
080590098453015,5
080590120343006,5
080590120342021,5
080590109011017,5
080590120501012,5
080590106033004,5
080590120522000,5
080190147023054,5
080590117263009,5
080599800001008,5
080590117212003,5
080590117261003,5
080590117022008,5
080590105031006,5
080590117242001,5
080590120571010,5
080590104032006,5
080590120433008,5
080590117212015,5
080590117082005,5
080590115521010,5
080590120543006,5
080590120512003,5
080590120363038,5
080590113004002,5
080590120581003,5
080590106041010,5
080590117241017,5
080590120501009,5
080590098063011,5
080590098453016,5
080590120243003,5
080590112023001,5
080590120271016,5
080590106041000,5
080590159002022,5
080590158002014,5
080590099011015,5
080590120382002,5
080590117102006,5
080190147023094,5
080590117281002,5
080590100012024,5
080590120511006,5
080590120452001,5
080590120333022,5
080590159001008,5
080590117122004,5
080590120523005,5
080590117011017,5
080590107012017,5
080590120363026,5
080590107021000,5
080590120512011,5
080590112021012,5
080590099012022,5
080590120421001,5
080590120332008,5
080590098472004,5
080190147023093,5
080590118034010,5
080590117023021,5
080590117092005,5
080590098501007,5
080590120593006,5
080590120353000,5
080590120321028,5
080590108012012,5
080590116012001,5
080590120452000,5
080590111012018,5
080590120303002,5
080190147023078,5
080590120552011,5
080590099012009,5
080590159001004,5
080590120422005,5
080590120481009,5
080590117203008,5
080590117081027,5
080590116012018,5
080590100011004,5
080590105022005,5
080590112023025,5
080590120421005,5
080590120333023,5
080590109013017,5
080590117281001,5
080590098461027,5
080590111021001,5
080590120272004,5
080590115512007,5
080590106041018,5
080590117243051,5
080590098553019,5
080590108011020,5
080590120321029,5
080590117021008,5
080590117024017,5
080590098062028,5
080590117093011,5
080590118041008,5
080190147023074,5
080590120512005,5
080590117012016,5
080590106041005,5
080590117011009,5
080590120231005,5
080590120411004,5
080590112023006,5
080590107021028,5
080590120433009,5
080590118082003,5
080590120432029,5
080590120582002,5
080590120502017,5
080590120233013,5
080590098453004,5
080590098071008,5
080590113004011,5
080590120432025,5
080590120363016,5
080590120441012,5
080590120414012,5
080590117243036,5
080590120241018,5
080590108012003,5
080590120581015,5
080590119511016,5
080590120511010,5
080590116012014,5
080590118062014,5
080590098481019,5
080590120533012,5
080590120521005,5
080590120311001,5
080590098501020,5
080590098501032,5
080590158002015,5
080590098063028,5
080590117122014,5
080590098453002,5
080590098521020,5
080590120371010,5
080590120391009,5
080590113002011,5
080590098464012,5
080590111021013,5
080590112021020,5
080590117102009,5
080590120521001,5
080590120503003,5
080590120363013,5
080590098521038,5
080590120601009,5
080590098451004,5
080590098521018,5
080590098471006,5
080590120441005,5
080590117012014,5
080590116011018,5
080590118041003,5
080590098502005,5
080590098482005,5
080590120373009,5
080590119041000,5
080190147023002,5
080590117243064,5
080590120363002,5
080590104032003,5
080590115512009,5
080590120363003,5
080590120422008,5
080590117212005,5
080590105042015,5
080590120503006,5
080590106033006,5
080590109021019,5
080190147023035,5
080590116011011,5
080590159002019,5
080590107021025,5
080590115521021,5
080590114011015,5
080590120441008,5
080590114012007,5
080590117111009,5
080590120393007,5
080590101001015,5
080590120243002,5
080590117021002,5
080590115522008,5
080590117202010,5
080590107021004,5
080590117241010,5
080590117273003,5
080590118042007,5
080190147023020,5
080590120413000,5
080590118034007,5
080590115511006,5
080590114011002,5
080590098062036,5
080590098552008,5
080190147023124,5
080590117092002,5
080590111011007,5
080590117081019,5
080590108011021,5
080590120531015,5
080590114011005,5
080590119041001,5
080590107013003,5
080590120451004,5
080590105023001,5
080590098461014,5
080590109022018,5
080590120414026,5
080590116023016,5
080590111012017,5
080590117022012,5
080590120263013,5
080590098472003,5
080590117023007,5
080590117083018,5
080590117311012,5
080590113004000,5
080590112023017,5
080590116011008,5
080590120492008,5
080590099011048,5
080590120422000,5
080590110002010,5
080590117102003,5
080590107021002,5
080590118032005,5
080590118071001,5
080590120481007,5
080590107022011,5
080590112022013,5
080590104024018,5
080590117281012,5
080590120583028,5
080590120573003,5
080590101002003,5
080590113002007,5
080590120351001,5
080590117251009,5
080590120301007,5
080590105032011,5
080590118042013,5
080590117203051,5
080590120432031,5
080590101001001,5
080590108011014,5
080590118072002,5
080590118042020,5
080590117263011,5
080590118062009,5
080590109013010,5
080590109022004,5
080590117262008,5
080590109013007,5
080590120342007,5
080590120382009,5
080590120591002,5
080590105041015,5
080590118064004,5
080590117212021,5
080590114011007,5
080590100013017,5
080590120573019,5
080590113004001,5
080590120221004,5
080590111022003,5
080590107012004,5
080590120342020,5
080590117262024,5
080590120243011,5
080590120411002,5
080590117291008,5
080590098501028,5
080590098571005,5
080590106034013,5
080590120341006,5
080590119511019,5
080190147012006,5
080590108011011,5
080590098572010,5
080599808001003,5
080590120581018,5
080590117272002,5
080590099011053,5
080590120233006,5
080590099011010,5
080590120392007,5
080590117263023,5
080590119513002,5
080590119513016,5
080590120433004,5
080590098062007,5
080590117121004,5
080590117203041,5
080590119042016,5
080590120312010,5
080590115522006,5
080590159002008,5
080590120574004,5
080590110006008,5
080590116012023,5
080590120414025,5
080590120272009,5
080590120472011,5
080590120493003,5
080590120521003,5
080590098453013,5
080590159001009,5
080590117243058,5
080590120433017,5
080590101002017,5
080590120301010,5
080590112023002,5
080590120591006,5
080590111022005,5
080590111013001,5
080590120332013,5
080590120522006,5
080599808001000,5
080590120602002,5
080590098062006,5
080590098501023,5
080590098553011,5
080590117282007,5
080590118082002,5
080590098551001,5
080590117201006,5
080590107021027,5
080590117251003,5
080590118081001,5
080590118082001,5
080590117112007,5
080590099012031,5
080590098521021,5
080190147023118,5
080590117312000,5
080590118071002,5
080590117123007,5
080590098452001,5
080590098451012,5
080590117232002,5
080590120342014,5
080590116022015,5
080590118062030,5
080590120231014,5
080590114023005,5
080590105043008,5
080590104031012,5
080590120442011,5
080590108011025,5
080590098552010,5
080590115521018,5
080590120432033,5
080590120381036,5
080590107013007,5
080590117113005,5
080590117243046,5
080590117021012,5
080590117203015,5
080590098062035,5
080590098471016,5
080590098553004,5
080590120273024,5
080590120342004,5
080590158002010,5
080590120231008,5
080590117101003,5
080590120321009,5
080590120571011,5
080590120454001,5
080590109012015,5
080590107022009,5
080590118071006,5
080590098551003,5
080590158001003,5
080590117293000,5
080590098072019,5
080590098061017,5
080590118041014,5
080590120422012,5
080590117272000,5
080590115513010,5
080590114011034,5
080590117081015,5
080590115513007,5
080590120381004,5
080590117101016,5
080590120453001,5
080590110002015,5
080590104024009,5
080590158001027,5
080590101004025,5
080590120303006,5
080590117262035,5
080590115522002,5
080590158001020,5
080590098461005,5
080590099011017,5
080590117272007,5
080590120262018,5
080590117241002,5
080590118033007,5
080590105024011,5
080590116022011,5
080590120572003,5
080590117113000,5
080590113002010,5
080590120261000,5
080590107013006,5
080590098461007,5
080590107021012,5
080590120263015,5
080590113001006,5
080590108011027,5
080590120333004,5
080590118031014,5
080590116021025,5
080590098561014,5
080590120271001,5
080590120472003,5
080590118071017,5
080590120602006,5
080590109022021,5
080590116021000,5
080590120451016,5
080590117262022,5
080590105021002,5
080590120352012,5
080590116012022,5
080590098471009,5
080590117241019,5
080590115511009,5
080590117024018,5
080590120302009,5
080590117242005,5
080590120583011,5
080590098481016,5
080590114023001,5
080590120311000,5
080590158003000,5
080590117011011,5
080590120542011,5
080590104033006,5
080590105042007,5
080590120431001,5
080590120371012,5
080590120381005,5
080590117081007,5
080590120301006,5
080590120421009,5
080590117011016,5
080590115511021,5
080590105023008,5
080590117011014,5
080590119513017,5
080590120341032,5
080590109021003,5
080590120242008,5
080590120582011,5
080590120551008,5
080590117262025,5
080590111012021,5
080590120382001,5
080590098452004,5
080590099011050,5
080590120572008,5
080590117331010,5
080590114021011,5
080590120321016,5
080590112024023,5
080590117311001,5
080590099012024,5
080590115511017,5
080590099011034,5
080590119511011,5
080590098421030,5
080590117273017,5
080590112022000,5
080590117101013,5
080590116012007,5
080590120362009,5
080590120461005,5
080590117202000,5
080590101003032,5
080590120232010,5
080590118062011,5
080590118062007,5
080590117211000,5
080590120511004,5
080590113001012,5
080590118042019,5
080590109015002,5
080590115521003,5
080590117023002,5
080590120531008,5
080590120304005,5
080590120512000,5
080590113001011,5
080590118032012,5
080590117311047,5
080590098061016,5
080590111013020,5
080590120371020,5
080590098553014,5
080590115521020,5
080590117311015,5
080590120391002,5
080590120362004,5
080590104022020,5
080590120552010,5
080590120491001,5
080590110003010,5
080590106034016,5
080590120431015,5
080590106033009,5
080590098501019,5
080590111012003,5
080590117092007,5
080590120302007,5
080590115522017,5
080590109011002,5
080590101001030,5
080590118034008,5
080590120272008,5
080590098463013,5
080590117091000,5
080590120263018,5
080590158001013,5
080590120572004,5
080590117013004,5
080590117101008,5
080590120332005,5
080590117011002,5
080590120232002,5
080590118032017,5
080590120303013,5
080590117212007,5
080590106041004,5
080590120363015,5
080590158001001,5
080590120313017,5
080590120332015,5
080590117243038,5
080590120381048,5
080590103083027,5
080590117282014,5
080590120461000,5
080590115512004,5
080410039102027,6
080410046021074,6
080410028011008,6
080410053004011,6
080410051163005,6
080410051221057,6
080410051232032,6
080410044021013,6
080410041001010,6
080410062003012,6
080410045183001,6
080410019012022,6
080410021021000,6
080410001023003,6
080410045172011,6
080410045011026,6
080410024022022,6
080410051221030,6
080410024021004,6
080410051232033,6
080410040091012,6
080410056012011,6
080410045122006,6
080410059004013,6
080410003011011,6
080410014002001,6
080410009002000,6
080410001042000,6
080410044031015,6
080410046021084,6
080410020003001,6
080410019021011,6
080410065023017,6
080410033071003,6
080410046033033,6
080410028022045,6
080410019021016,6
080410039102002,6
080410019011015,6
080410002024013,6
080410049022005,6
080410009002018,6
080410045151036,6
080410067021000,6
080410065023003,6
080410010003022,6
080410024012018,6
080410018002019,6
080410033071005,6
080410017002012,6
080410013023000,6
080410045142018,6
080410021012014,6
080410029011015,6
080410033083003,6
080410028012007,6
080410015002021,6
080410011012000,6
080410029021005,6
080410051221062,6
080410029011006,6
080410055021017,6
080410043001017,6
080410045173009,6
080410055012017,6
080410063023009,6
080410003012012,6
080410020004009,6
080410064003009,6
080410029021001,6
080410045171013,6
080410004003028,6
080410025012004,6
080410046031023,6
080410040081049,6
080410060002007,6
080410033034005,6
080410021012018,6
080410059004016,6
080410029013005,6
080410051251036,6
080410056021006,6
080410011012002,6
080410045023002,6
080410027002012,6
080410067011039,6
080410046021047,6
080410014002025,6
080410053004001,6
080410030021013,6
080410006002022,6
080410029021007,6
080410003013019,6
080410007001034,6
080410062003004,6
080410051221052,6
080410010002002,6
080410044021002,6
080410046023004,6
080410039102017,6
080410011011013,6
080410045012056,6
080410045022029,6
080410046032000,6
080410033031000,6
080410014003011,6
080410061002010,6
080410063021006,6
080410001023006,6
080410024022005,6
080410002021000,6
080410028023001,6
080410066002023,6
080410045152001,6
080410031002001,6
080410019021007,6
080410051141025,6
080410014001014,6
080410028021034,6
080410051231015,6
080410001043003,6
080410015001017,6
080410033084003,6
080410042001006,6
080410010001021,6
080410020004005,6
080410045011012,6
080410030012022,6
080410059002000,6
080410044052013,6
080410009001025,6
080410024022017,6
080410044023016,6
080410025013030,6
080410053004006,6
080410051223017,6
080410046033013,6
080410031004017,6
080410067011038,6
080410011042009,6
080410051251031,6
080410031005017,6
080410052022017,6
080410023002012,6
080410051202026,6
080410019011025,6
080410054002004,6
080410021012019,6
080410045012029,6
080410001042020,6
080410042002017,6
080410046023005,6
080410046011030,6
080410051231017,6
080410018001028,6
080410045173003,6
080410004001009,6
080410052022004,6
080410051153010,6
080410046021052,6
080410024021016,6
080410011042042,6
080410045013028,6
080410029022006,6
080410051181004,6
080410040082021,6
080410013013005,6
080410014001017,6
080410045172036,6
080410051231019,6
080410001042016,6
080410028024015,6
080410045121005,6
080410014003009,6
080410050001015,6
080410067022026,6
080410046021053,6
080410052012009,6
080410007003007,6
080410008002011,6
080410021021009,6
080410016001012,6
080410051221048,6
080410045061020,6
080410045013011,6
080410005002020,6
080410025011001,6
080410057001001,6
080410030021012,6
080410013022001,6
080410020004000,6
080410033051004,6
080410051222012,6
080410013022017,6
080410046033075,6
080410019021015,6
080410014003007,6
080410078022012,6
080410033082008,6
080410045142002,6
080410062001009,6
080410045122016,6
080410046021087,6
080410040081005,6
080410046023007,6
080410045064002,6
080410067012003,6
080410046033081,6
080410051162004,6
080410031004004,6
080410057003011,6
080410021023002,6
080410045012009,6
080410019021005,6
080410031006006,6
080410031003020,6
080410033072005,6
080410064002017,6
080410046022036,6
080410044042004,6
080410051241004,6
080410051251033,6
080410006003020,6
080410029021004,6
080410039101034,6
080410046031024,6
080410051242018,6
080410039101023,6
080410046031010,6
080410065023027,6
080410051161010,6
080410054001012,6
080410063011006,6
080410007003026,6
080410065023019,6
080410046021090,6
080410040081007,6
080410028021013,6
080410045063013,6
080410059003012,6
080410051131002,6
080410019022001,6
080410045201000,6
080410045072002,6
080410046023051,6
080410045064004,6
080410023002034,6
080410051222017,6
080410051232006,6
080410057002016,6
080410004001005,6
080410025021008,6
080410025024011,6
080410051163009,6
080410014002020,6
080410030011022,6
080410045172018,6
080410025013031,6
080410054002015,6
080410030021016,6
080410029013002,6
080410010001024,6
080410023002042,6
080410004002001,6
080410058003004,6
080410013024010,6
080410029014003,6
080410045011048,6
080410055012011,6
080410013012026,6
080410051232016,6
080410030022008,6
080410002021004,6
080410067011025,6
080410003013029,6
080410051141032,6
080410014001035,6
080410051152002,6
080410051183003,6
080410020001004,6
080410019022005,6
080410001023025,6
080410020003000,6
080410022002002,6
080410009001013,6
080410045022014,6
080410067011024,6
080410015001030,6
080410025011025,6
080410063012006,6
080410059002003,6
080410021022010,6
080410060003002,6
080410064002008,6
080410049012006,6
080410009001041,6
080410045012040,6
080410046012015,6
080410051101002,6
080410057004014,6
080410031006015,6
080410045061022,6
080410014002000,6
080410045132037,6
080410045141022,6
080410067021023,6
080410046033002,6
080410040082008,6
080410007001026,6
080410033051022,6
080410019012001,6
080410028022002,6
080410045023020,6
080410050004008,6
080410030022017,6
080410001022007,6
080410023002013,6
080410018002012,6
080410025022009,6
080410055011017,6
080410023001018,6
080410019012024,6
080410001042001,6
080410039101025,6
080410010002005,6
080410059004010,6
080410059004003,6
080410020003038,6
080410045181032,6
080410046021063,6
080410042002014,6
080410001032001,6
080410024012007,6
080410041002011,6
080410045142011,6
080410051172004,6
080410063021011,6
080410007001015,6
080410051232009,6
080410030021020,6
080410019012025,6
080410028022020,6
080410062002002,6
080410046022006,6
080410046021076,6
080410033032000,6
080410046033009,6
080410053004013,6
080410051202000,6
080410051252017,6
080410007003000,6
080410052012006,6
080410044022041,6
080410044042001,6
080410017002007,6
080410033063011,6
080410046012020,6
080410045181003,6
080410051232034,6
080410045023006,6
080410045133018,6
080410050003012,6
080410021024008,6
080410006002018,6
080410019012030,6
080410017001001,6
080410033031003,6
080410043001003,6
080410028021027,6
080410045011013,6
080410051191015,6
080410042002007,6
080410051182005,6
080410045021004,6
080410034011058,6
080410044023000,6
080410011011027,6
080410005001021,6
080410028011019,6
080410051163003,6
080410045011029,6
080410066003007,6
080410059002001,6
080410015002020,6
080410023001026,6
080410051191013,6
080410011042010,6
080410033072002,6
080410034011078,6
080410051252003,6
080410024021023,6
080410031001014,6
080410028012012,6
080410046031037,6
080410033033003,6
080410001021015,6
080410021011046,6
080410007001005,6
080410029014004,6
080410046033040,6
080410019021012,6
080410008001014,6
080410046033046,6
080410045172013,6
080410056021013,6
080410045151024,6
080410011041013,6
080410046011013,6
080410010003027,6
080410064002012,6
080410045122000,6
080410044022026,6
080410051242005,6
080410006001020,6
080410046022042,6
080410011042045,6
080410006001011,6
080410011011021,6
080410022003016,6
080410006002012,6
080410066002002,6
080410031004006,6
080410031001011,6
080410001023000,6
080410019011021,6
080410025024002,6
080410051183009,6
080410033051001,6
080410051132011,6
080410046011014,6
080410008003033,6
080410045021000,6
080410064001023,6
080410059005008,6
080410045151019,6
080410008003016,6
080410044041006,6
080410051223013,6
080410045173004,6
080410033071000,6
080410065021003,6
080410046033001,6
080410045132007,6
080410028011005,6
080410021013022,6
080410021011002,6
080410024012022,6
080410053004005,6
080410046023019,6
080410045202002,6
080410007003021,6
080410009001020,6
080410061002001,6
080410028022009,6
080410059004000,6
080410045011039,6
080410013021004,6
080410051123000,6
080410003011017,6
080410005002027,6
080410041004012,6
080410027002014,6
080410059005000,6
080410051242010,6
080410060001011,6
080410030022013,6
080410057004015,6
080410051103015,6
080410045011023,6
080410023001004,6
080410045194009,6
080410023002026,6
080410023001054,6
080410045023013,6
080410025012008,6
080410040082011,6
080410046023020,6
080410051252018,6
080410065024004,6
080410045011001,6
080410021024003,6
080410057004012,6
080410015002017,6
080410043003027,6
080410051231001,6
080410041004011,6
080410045181019,6
080410001022002,6
080410046022052,6
080410045152042,6
080410039102014,6
080410056011005,6
080410010002032,6
080410045131013,6
080410046022044,6
080410016002029,6
080410020002031,6
080410045182034,6
080410033084015,6
080410040081006,6
080410013024017,6
080410059003016,6
080410045181001,6
080410045141009,6
080410014003026,6
080410051152015,6
080410051231018,6
080410040082039,6
080410031005013,6
080410016002017,6
080410051171007,6
080410004003025,6
080410006003029,6
080410046021007,6
080410051152004,6
080410045012043,6
080410063021008,6
080410049012007,6
080410045152030,6
080410011042003,6
080410059005007,6
080410043002012,6
080410042003022,6
080410016002021,6
080410040082038,6
080410045192002,6
080410021011014,6
080410005002044,6
080410040081039,6
080410045073006,6
080410001032002,6
080410005002032,6
080410051231016,6
080410027001015,6
080410005001006,6
080410004003019,6
080410018001025,6
080410013022015,6
080410013023003,6
080410045174019,6
080410045021021,6
080410051161000,6
080410033032026,6
080410051224016,6
080410051252012,6
080410025022006,6
080410045022026,6
080410046021058,6
080410040082065,6
080410011042004,6
080410065024001,6
080410045162011,6
080410040091003,6
080410039102042,6
080410046023023,6
080410076032018,6
080410004003006,6
080410051182000,6
080410019021009,6
080410045192004,6
080410019011012,6
080410045162013,6
080410030021009,6
080410057002007,6
080410066002022,6
080410045011005,6
080410033063003,6
080410027001007,6
080410064004000,6
080410058003005,6
080410018002007,6
080410045132032,6
080410063022003,6
080410043003006,6
080410024011015,6
080410067011012,6
080410040082024,6
080410050001023,6
080410045142020,6
080410008002023,6
080410045132033,6
080410033083002,6
080410051161001,6
080410043003019,6
080410014001013,6
080410051221055,6
080410063012014,6
080410019011017,6
080410044052016,6
080410033071013,6
080410015002033,6
080410059005005,6
080410014001031,6
080410061001008,6
080410046011038,6
080410045023000,6
080410046033043,6
080410033052012,6
080410022003023,6
080410051232015,6
080410019011019,6
080410051203001,6
080410045012017,6
080410013024015,6
080410052013000,6
080410045071001,6
080410024021026,6
080410061002011,6
080410059002011,6
080410015002003,6
080410019012010,6
080410046012012,6
080410045012037,6
080410042002003,6
080410021011022,6
080410024013005,6
080410021013006,6
080410046023000,6
080410051192002,6
080410007002005,6
080410067022033,6
080410025011014,6
080410063023011,6
080410051222002,6
080410041004017,6
080410007003019,6
080410056021001,6
080410051252036,6
080410051252039,6
080410067011042,6
080410063013014,6
080410040082057,6
080410007003023,6
080410040081047,6
080410059001017,6
080410041003009,6
080410019012045,6
080410018002024,6
080410051201008,6
080410010003006,6
080410023001014,6
080410014003037,6
080410039102044,6
080410046023046,6
080410031003007,6
080410039102038,6
080410018001042,6
080410010003023,6
080410044022040,6
080410010002010,6
080410060002005,6
080410001042004,6
080410005001008,6
080410050001022,6
080410004002020,6
080410046012036,6
080410033062002,6
080410045122003,6
080410045152019,6
080410054004005,6
080410011011031,6
080410045073009,6
080410057004016,6
080410027001041,6
080410045194006,6
080410057002002,6
080410067022001,6
080410056012012,6
080410062003014,6
080410030011005,6
080410040081014,6
080410060002009,6
080410046023010,6
080410045021028,6
080410043003010,6
080410020002042,6
080410031004015,6
080410006003000,6
080410045172016,6
080410011042041,6
080410045062004,6
080410045194013,6
080410014003000,6
080410021021003,6
080410031006004,6
080410046023054,6
080410009001012,6
080410060003013,6
080410003012018,6
080410030022009,6
080410033032003,6
080410014002016,6
080410051141015,6
080410056012020,6
080410063012013,6
080410013013029,6
080410040081030,6
080410027001024,6
080410067022035,6
080410051251025,6
080410021011021,6
080410043002007,6
080410051251045,6
080410005002019,6
080410046031027,6
080410040082034,6
080410019021018,6
080410045142022,6
080410008003030,6
080410029021008,6
080410051163002,6
080410051172016,6
080410022002011,6
080410029012006,6
080410028011006,6
080410046012029,6
080410051191029,6
080410062003017,6
080410001022021,6
080410002031012,6
080410013013026,6
080410046022049,6
080410045191006,6
080410046023028,6
080410040082040,6
080410044052023,6
080410018001024,6
080410046033057,6
080410015001029,6
080410051232025,6
080410051251024,6
080410045162007,6
080410051161011,6
080410066002016,6
080410051224021,6
080410029022003,6
080410049011007,6
080410025024000,6
080410045173000,6
080410051183010,6
080410066003009,6
080410055024001,6
080410033051025,6
080410019022002,6
080410051171031,6
080410041001007,6
080410055012022,6
080410028022048,6
080410046012016,6
080410046011000,6
080410008003013,6
080410046033037,6
080410045152024,6
080410016002014,6
080410046021012,6
080410020004014,6
080410022003011,6
080410051101016,6
080410045121006,6
080410063012005,6
080410010002029,6
080410007003006,6
080410020003006,6
080410033031005,6
080410045201006,6
080410013024006,6
080410046021070,6
080410051183011,6
080410063011008,6
080410062003011,6
080410045022007,6
080410019012039,6
080410051192001,6
080410024013018,6
080410045141017,6
080410003012002,6
080410011012026,6
080410019012049,6
080410045022016,6
080410053001012,6
080410045012027,6
080410028021007,6
080410041003007,6
080410045174004,6
080410046021050,6
080410046021067,6
080410031002011,6
080410051202018,6
080410011042037,6
080410051132013,6
080410040081050,6
080410046021083,6
080410045183016,6
080410031002016,6
080410050004005,6
080410046021023,6
080410046033022,6
080410064001001,6
080410046023017,6
080410063012011,6
080410033032009,6
080410028022060,6
080410045073013,6
080410041004004,6
080410051221073,6
080410044022004,6
080410031001010,6
080410046031002,6
080410045172027,6
080410045063014,6
080410051172012,6
080410055024006,6
080410045012046,6
080410051252035,6
080410023002016,6
080410043003024,6
080410010001019,6
080410056021004,6
080410040082048,6
080410011041011,6
080410058003001,6
080410031004011,6
080410064001016,6
080410020002021,6
080410044022020,6
080410051203011,6
080410028021017,6
080410051141018,6
080410043003023,6
080410045131001,6
080410010002031,6
080410028024007,6
080410014003002,6
080410021023006,6
080410022003022,6
080410021022005,6
080410045013004,6
080410039102011,6
080410033063016,6
080410062001001,6
080410008001007,6
080410060004015,6
080410045011046,6
080410054003006,6
080410046022030,6
080410060004003,6
080410051123003,6
080410044052014,6
080410051151013,6
080410062001017,6
080410051201013,6
080410033051020,6
080410049011006,6
080410065011013,6
080410060004018,6
080410046023056,6
080410045122001,6
080410049022006,6
080410051241013,6
080410006001016,6
080410013021005,6
080410025013018,6
080410040081004,6
080410059005013,6
080410045132024,6
080410054002003,6
080410051231006,6
080410051182004,6
080410022002010,6
080410030022018,6
080410041004014,6
080410051183015,6
080410010003016,6
080410011042016,6
080410001043005,6
080410024013002,6
080410042001002,6
080410028024002,6
080410046033003,6
080410011041001,6
080410028021000,6
080410030012023,6
080410007001008,6
080410029011001,6
080410028021018,6
080410033083000,6
080410051232021,6
080410013012012,6
080410045201008,6
080410045023017,6
080410051231011,6
080410065012015,6
080410008003015,6
080410011011009,6
080410028022047,6
080410042001001,6
080410010002001,6
080410065024013,6
080410045193012,6
080410046033014,6
080410059005002,6
080410007001013,6
080410040082067,6
080410050003013,6
080410045194004,6
080410051192007,6
080410017002010,6
080410027002015,6
080410051183005,6
080410059004015,6
080410043003015,6
080410027001040,6
080410004003039,6
080410022001008,6
080410009002025,6
080410044023015,6
080410006002020,6
080410065022002,6
080410027001000,6
080410054001008,6
080410045121001,6
080410028024011,6
080410010001009,6
080410065024012,6
080410020002020,6
080410064001015,6
080410017001008,6
080410045172003,6
080410051241016,6
080410011041004,6
080410046031055,6
080410013022011,6
080410046011054,6
080410017002008,6
080410045182030,6
080410011012023,6
080410007001019,6
080410046032003,6
080410009002013,6
080410045072000,6
080410005002041,6
080410051221070,6
080410051161003,6
080410030022004,6
080410020003017,6
080410033051002,6
080410046023052,6
080410050001009,6
080410028012017,6
080410054003012,6
080410020003030,6
080410057004024,6
080410064002000,6
080410045012011,6
080410005001004,6
080410045011035,6
080410051221050,6
080410031002007,6
080410028023009,6
080410025022005,6
080410028021016,6
080410021011017,6
080410020003004,6
080410033063001,6
080410018001048,6
080410042002006,6
080410051132004,6
080410041003003,6
080410051172013,6
080410010001014,6
080410025011008,6
080410040082054,6
080410063013000,6
080410002023001,6
080410049011017,6
080410007001014,6
080410041001002,6
080410021022012,6
080410008001012,6
080410002024007,6
080410049021011,6
080410059002009,6
080410023001040,6
080410040082027,6
080410014001034,6
080410028021023,6
080410017002014,6
080410045152033,6
080410010002014,6
080410046012009,6
080410046022064,6
080410051201014,6
080410060002016,6
080410025021004,6
080410056012004,6
080410046021003,6
080410018001018,6
080410065023012,6
080410023002044,6
080410051221005,6
080410043001007,6
080410027003018,6
080410030011019,6
080410057001003,6
080410044041007,6
080410066002005,6
080410059001013,6
080410046032012,6
080410019012036,6
080410024012019,6
080410046031049,6
080410006003021,6
080410040082017,6
080410022001013,6
080410045072003,6
080410015001027,6
080410022002017,6
080410051161004,6
080410051153011,6
080410044022025,6
080410024021025,6
080410008002003,6
080410045122019,6
080410030021011,6
080410051202011,6
080410042003013,6
080410039101004,6
080410034011099,6
080410011012007,6
080410055022001,6
080410033031009,6
080410050002005,6
080410051221022,6
080410016002019,6
080410044023030,6
080410045011018,6
080410065011008,6
080410028021010,6
080410013023009,6
080410024022025,6
080410021011033,6
080410045182018,6
080410057003010,6
080410021023010,6
080410059002010,6
080410045131006,6
080410003013015,6
080410045152018,6
080410065012017,6
080410034011073,6
080410033053002,6
080410003011012,6
080410021022006,6
080410001022006,6
080410028022061,6
080410018001017,6
080410045011028,6
080410013024016,6
080410045131009,6
080410051152001,6
080410049022000,6
080410046011044,6
080410045182012,6
080410046032008,6
080410063011002,6
080410065012016,6
080410046011035,6
080410045011019,6
080410030011002,6
080410051161006,6
080410023001005,6
080410009001033,6
080410057004010,6
080410040082052,6
080410046022059,6
080410017001003,6
080410024022010,6
080410010001010,6
080410001043004,6
080410008003010,6
080410027003032,6
080410059001005,6
080410013011030,6
080410020003016,6
080410007003003,6
080410033051005,6
080410011041012,6
080410003013025,6
080410024012009,6
080410028024000,6
080410051202022,6
080410050001012,6
080410051171003,6
080410062003019,6
080410001022015,6
080410009001008,6
080410033052006,6
080410039114001,6
080410033034014,6
080410049022007,6
080410067011028,6
080410056012001,6
080410025022000,6
080410055012005,6
080410045171011,6
080410033084011,6
080410045141019,6
080410041002010,6
080410042003020,6
080410046021079,6
080410004001016,6
080410045021039,6
080410024011009,6
080410040081055,6
080410046021080,6
080410019022010,6
080410057002000,6
080410007002020,6
080410045013042,6
080410045132015,6
080410040082013,6
080410044022024,6
080410030011010,6
080410017002006,6
080410041003006,6
080410045131008,6
080410007002021,6
080410052012008,6
080410046022011,6
080410004001010,6
080410013022016,6
080410046021091,6
080410008002022,6
080410051171019,6
080410007003010,6
080410042002009,6
080410031006007,6
080410045132035,6
080410062001014,6
080410067022013,6
080410045063019,6
080410065011010,6
080410051152009,6
080410023001003,6
080410029012001,6
080410045152045,6
080410052011000,6
080410029022004,6
080410041002006,6
080410051153003,6
080410045063004,6
080410033051021,6
080410045021023,6
080410030021023,6
080410044023021,6
080410025013014,6
080410020004001,6
080410063022007,6
080410033053012,6
080410028012004,6
080410051252005,6
080410067021020,6
080410049012023,6
080410011041023,6
080410042001008,6
080410061002016,6
080410063021007,6
080410040081034,6
080410019012032,6
080410045073014,6
080410008003020,6
080410034011068,6
080410055012018,6
080410045122004,6
080410050001011,6
080410055021015,6
080410027003020,6
080410043001008,6
080410010002030,6
080410045021027,6
080410028011014,6
080410051121002,6
080410039102052,6
080410004002015,6
080410042003015,6
080410023001024,6
080410051231004,6
080410051252046,6
080410046023036,6
080410060001002,6
080410051171013,6
080410044021014,6
080410024012011,6
080410046033004,6
080410051222016,6
080410051252031,6
080410051191027,6
080410063011017,6
080410028021005,6
080410046011040,6
080410021011005,6
080410023001033,6
080410006003001,6
080410023001045,6
080410033082002,6
080410045194008,6
080410042003018,6
080410059004017,6
080410045191000,6
080410041001018,6
080410063012010,6
080410039114002,6
080410043002017,6
080410024011013,6
080410051151004,6
080410045061014,6
080410020003009,6
080410006003027,6
080410044062012,6
080410046031014,6
080410045172037,6
080410045131014,6
080410045172029,6
080410010003000,6
080410010003028,6
080410051152000,6
080410024013017,6
080410045152004,6
080410045012036,6
080410018002014,6
080410045023012,6
080410064004012,6
080410046031015,6
080410028022038,6
080410060004009,6
080410046031020,6
080410019022008,6
080410065011000,6
080410045011004,6
080410065012008,6
080410046023067,6
080410015001015,6
080410034011084,6
080410030021006,6
080410051191008,6
080410065023009,6
080410002023008,6
080410063013003,6
080410033053008,6
080410045181026,6
080410033073002,6
080410031003015,6
080410046021028,6
080410051132008,6
080410060003003,6
080410033034013,6
080410051191011,6
080410044022009,6
080410066002018,6
080410045022011,6
080410059002007,6
080410045162040,6
080410053004003,6
080410054001005,6
080410060004011,6
080410051221040,6
080410008001009,6
080410033053004,6
080410063021000,6
080410046033021,6
080410044052011,6
080410044022027,6
080410046022079,6
080410007001020,6
080410045013012,6
080410021011053,6
080410014001024,6
080410023002048,6
080410045013033,6
080410051192025,6
080410028023007,6
080410010001017,6
080410046031034,6
080410063011010,6
080410046021015,6
080410045152016,6
080410030022005,6
080410011041014,6
080410049011001,6
080410025013021,6
080410021011029,6
080410027002007,6
080410015002002,6
080410056011013,6
080410045201004,6
080410027003002,6
080410045122009,6
080410042002002,6
080410021011023,6
080410045013034,6
080410014001005,6
080410033052009,6
080410019012008,6
080410009002003,6
080410051224019,6
080410045191014,6
080410066002001,6
080410027003011,6
080410067022010,6
080410067021016,6
080410030021000,6
080410014003034,6
080410039101027,6
080410011011003,6
080410014002013,6
080410045012006,6
080410010003005,6
080410067021007,6
080410018001046,6
080410044042006,6
080410045061021,6
080410052012011,6
080410046012038,6
080410056012003,6
080410046033084,6
080410021024005,6
080410031004010,6
080410051221004,6
080410051161002,6
080410050004010,6
080410056012017,6
080410031003013,6
080410065023001,6
080410045121000,6
080410045141002,6
080410045012005,6
080410063021003,6
080410033084021,6
080410015001014,6
080410025024010,6
080410044052009,6
080410027001026,6
080410006001003,6
080410031002008,6
080410011011014,6
080410031006008,6
080410045122007,6
080410044022002,6
080410028023002,6
080410025021010,6
080410014003039,6
080410046023049,6
080410059002016,6
080410021013009,6
080410065021002,6
080410025013012,6
080410045174001,6
080410021011028,6
080410033082011,6
080410044021004,6
080410046021043,6
080410005001025,6
080410046021045,6
080410061002012,6
080410041002003,6
080410010003032,6
080410013023005,6
080410045012052,6
080410045013039,6
080410044041002,6
080410040082058,6
080410051242011,6
080410020002009,6
080410040082056,6
080410028023004,6
080410019021013,6
080410040081035,6
080410045172025,6
080410024013001,6
080410033053000,6
080410033081001,6
080410045023016,6
080410055021009,6
080410005002040,6
080410051201017,6
080410020001007,6
080410027003022,6
080410041004002,6
080410064003001,6
080410003012009,6
080410014003030,6
080410051103003,6
080410046031025,6
080410046012013,6
080410067012007,6
080410045162008,6
080410046023042,6
080410017002015,6
080410011011036,6
080410062002000,6
080410011011030,6
080410051222019,6
080410045152005,6
080410051222014,6
080410014003043,6
080410046021019,6
080410056011011,6
080410045181008,6
080410006001018,6
080410046031007,6
080410051222020,6
080410057004020,6
080410044051007,6
080410027001012,6
080410027003014,6
080410045011034,6
080410020003008,6
080410064001032,6
080410051162015,6
080410009001005,6
080410043003020,6
080410011042030,6
080410021022015,6
080410056023008,6
080410046022005,6
080410045023018,6
080410024021012,6
080410045061017,6
080410045021017,6
080410015002019,6
080410013013024,6
080410008002006,6
080410046022063,6
080410045182014,6
080410006001022,6
080410051251030,6
080410052021001,6
080410021011012,6
080410024011002,6
080410052022005,6
080410014003017,6
080410051224008,6
080410044022016,6
080410006003018,6
080410014003056,6
080410005002029,6
080410029011019,6
080410063023014,6
080410063023002,6
080410021011043,6
080410045162024,6
080410002023005,6
080410005001023,6
080410023001034,6
080410045173006,6
080410033054001,6
080410046011026,6
080410006002023,6
080410013024005,6
080410004003038,6
080410046011050,6
080410067021012,6
080410034011056,6
080410030011014,6
080410040081001,6
080410033051031,6
080410033051016,6
080410028023006,6
080410045181020,6
080410015001019,6
080410056011014,6
080410044052007,6
080410033033009,6
080410051252015,6
080410064002003,6
080410044023017,6
080410060002002,6
080410031005010,6
080410043003021,6
080410059005017,6
080410031003021,6
080410051162009,6
080410011042018,6
080410057001006,6
080410054002001,6
080410010002017,6
080410024022001,6
080410040082012,6
080410017001009,6
080410023002018,6
080410005001013,6
080410019011014,6
080410043002018,6
080410042003017,6
080410045182028,6
080410001023018,6
080410053004007,6
080410044023010,6
080410024021009,6
080410051191020,6
080410060004016,6
080410045193019,6
080410055013005,6
080410045021041,6
080410011012006,6
080410045152017,6
080410029011007,6
080410031003019,6
080410056023001,6
080410030012000,6
080410022003000,6
080410022003014,6
080410046031012,6
080410049021014,6
080410014003006,6
080410034011054,6
080410018001040,6
080410051162010,6
080410007001025,6
080410001022018,6
080410011011019,6
080410051181019,6
080410039114013,6
080410045132025,6
080410065021004,6
080410033032002,6
080410006002017,6
080410033053006,6
080410064003005,6
080410058002006,6
080410005001015,6
080410023001051,6
080410045011016,6
080410002031037,6
080410014003032,6
080410045021006,6
080410043004004,6
080410045152008,6
080410011041002,6
080410004001000,6
080410013022009,6
080410024012004,6
080410009001043,6
080410051181021,6
080410046033017,6
080410021022001,6
080410014003019,6
080410033072007,6
080410043002008,6
080410006001014,6
080410028021014,6
080410045132031,6
080410027001035,6
080410051203003,6
080410045132009,6
080410013024012,6
080410004002010,6
080410051252004,6
080410045201005,6
080410029011000,6
080410046011043,6
080410045194010,6
080410051232042,6
080410056012008,6
080410051224011,6
080410045182029,6
080410024021013,6
080410014002024,6
080410021024006,6
080410045011031,6
080410033083004,6
080410031004018,6
080410046031006,6
080410023002019,6
080410049022020,6
080410018002025,6
080410019012053,6
080410045151023,6
080410054001009,6
080410031003014,6
080410028022013,6
080410011042017,6
080410045141020,6
080410016001000,6
080410051191017,6
080410029012014,6
080410011011001,6
080410045022005,6
080410040082031,6
080410020002022,6
080410055011015,6
080410010003007,6
080410046011012,6
080410045193008,6
080410031004003,6
080410051241010,6
080410045191024,6
080410045013036,6
080410011042026,6
080410063012017,6
080410020002035,6
080410051232046,6
080410004002019,6
080410045022009,6
080410004001021,6
080410041003002,6
080410021011039,6
080410046022023,6
080410059001006,6
080410042003006,6
080410013021009,6
080410024022019,6
080410049012010,6
080410025013020,6
080410046022019,6
080410057004005,6
080410031002010,6
080410022003015,6
080410015001032,6
080410015002025,6
080410063013018,6
080410040091015,6
080410001023011,6
080410045011042,6
080410030012002,6
080410065023031,6
080410055012019,6
080410045152027,6
080410046031059,6
080410045023004,6
080410005001009,6
080410046021004,6
080410046022043,6
080410039101012,6
080410051101004,6
080410045141013,6
080410055011005,6
080410024012003,6
080410051221012,6
080410065012012,6
080410051232028,6
080410033051017,6
080410045063002,6
080410045194007,6
080410067022040,6
080410029013011,6
080410010001002,6
080410051251032,6
080410005002047,6
080410015002006,6
080410046033050,6
080410020004017,6
080410042003025,6
080410052012000,6
080410002023007,6
080410040082043,6
080410040081028,6
080410001042006,6
080410006002030,6
080410010001020,6
080410001023012,6
080410045022010,6
080410045191030,6
080410043001012,6
080410045172019,6
080410064001022,6
080410056011004,6
080410057003002,6
080410050003005,6
080410004003030,6
080410062003010,6
080410051163001,6
080410039102012,6
080410045072001,6
080410041001004,6
080410043002013,6
080410033063006,6
080410006001017,6
080410044041008,6
080410062001011,6
080410043004007,6
080410064001020,6
080410042003000,6
080410051213016,6
080410016001015,6
080410045172034,6
080410005002030,6
080410045161022,6
080410033034010,6
080410017001007,6
080410046033018,6
080410013011011,6
080410027003015,6
080410008001015,6
080410046022001,6
080410019021014,6
080410065023014,6
080410009001028,6
080410014003012,6
080410014002023,6
080410051242006,6
080410018001005,6
080410051181025,6
080410046031004,6
080410051224009,6
080410007001001,6
080410051221019,6
080410021013017,6
080410051152011,6
080410033061010,6
080410020003032,6
080410063012015,6
080410045151012,6
080410065024010,6
080410045152026,6
080410021012020,6
080410013023007,6
080410051252001,6
080410045133008,6
080410051162003,6
080410045194015,6
080410051223024,6
080410061002007,6
080410046021013,6
080410051223025,6
080410064001004,6
080410063021009,6
080410040082050,6
080410045151017,6
080410067022031,6
080410011012019,6
080410051151032,6
080410021011007,6
080410045011036,6
080410045023029,6
080410051201019,6
080410004002014,6
080410045072004,6
080410033071001,6
080410040081015,6
080410027003026,6
080410051162007,6
080410065024002,6
080410002031026,6
080410057003003,6
080410031006012,6
080410056021002,6
080410059004006,6
080410051241005,6
080410051232003,6
080410046022051,6
080410050003006,6
080410052012004,6
080410046022082,6
080410001021009,6
080410004003026,6
080410024011004,6
080410005002036,6
080410045012048,6
080410039102028,6
080410054002002,6
080410045132005,6
080410010001027,6
080410067011041,6
080410027001038,6
080410011042040,6
080410051172011,6
080410019012048,6
080410044023020,6
080410029021009,6
080410020002011,6
080410043001002,6
080410046023014,6
080410051251037,6
080410046022024,6
080410058001003,6
080410045063010,6
080410051131004,6
080410057003001,6
080410030022012,6
080410045182011,6
080410045191018,6
080410029014000,6
080410045202000,6
080410023002039,6
080410045021013,6
080410051181013,6
080410014002018,6
080410045152023,6
080410021023012,6
080410021011049,6
080410042002000,6
080410044022036,6
080410011011011,6
080410043003011,6
080410042003019,6
080410063011005,6
080410054003010,6
080410021023001,6
080410005002049,6
080410010003003,6
080410062003018,6
080410008001016,6
080410065023011,6
080410014003013,6
080410067011001,6
080410001042017,6
080410062003007,6
080410039101005,6
080410051231002,6
080410010003020,6
080410030021002,6
080410057004021,6
080410055013007,6
080410005001000,6
080410001043009,6
080410008001010,6
080410056023003,6
080410055013003,6
080410051191031,6
080410030021025,6
080410025024007,6
080410042001007,6
080410051222003,6
080410023001015,6
080410043001004,6
080410051221002,6
080410044023009,6
080410025012006,6
080410013011005,6
080410062001003,6
080410021011041,6
080410030011030,6
080410063012008,6
080410063013013,6
080410055012003,6
080410051251014,6
080410044052018,6
080410020004016,6
080410040081037,6
080410046033053,6
080410022003017,6
080410007001035,6
080410016001003,6
080410020001017,6
080410031003017,6
080410019011001,6
080410031006003,6
080410034011082,6
080410046022002,6
080410045132042,6
080410049022001,6
080410045181005,6
080410033032011,6
080410003013005,6
080410062003005,6
080410051242004,6
080410067021031,6
080410054003002,6
080410055021032,6
080410031002003,6
080410057003005,6
080410028021024,6
080410006002032,6
080410044023014,6
080410030021019,6
080410013024003,6
080410001021011,6
080410001022003,6
080410046031019,6
080410006003026,6
080410039102030,6
080410044023024,6
080410045202001,6
080410014001002,6
080410003013023,6
080410013011008,6
080410046033054,6
080410045151016,6
080410001021002,6
080410020004008,6
080410063021005,6
080410001023023,6
080410051241012,6
080410001032005,6
080410005002008,6
080410051181000,6
080410018001011,6
080410044052022,6
080410045132028,6
080410065022016,6
080410041001003,6
080410027003016,6
080410004003031,6
080410045181013,6
080410064001000,6
080410013013027,6
080410051221072,6
080410013012010,6
080410003011004,6
080410020002001,6
080410044052015,6
080410043004005,6
080410033032007,6
080410045182027,6
080410040082045,6
080410018001035,6
080410062002014,6
080410021013007,6
080410067021022,6
080410006003008,6
080410011041009,6
080410028012019,6
080410051161013,6
080410025011020,6
080410014001012,6
080410051172003,6
080410033084010,6
080410039102051,6
080410045152041,6
080410067021030,6
080410046033016,6
080410010002013,6
080410029014005,6
080410017001011,6
080410010003026,6
080410066002010,6
080410045174017,6
080410030022020,6
080410010003024,6
080410045172030,6
080410040081010,6
080410051232014,6
080410056021005,6
080410018002023,6
080410016002028,6
080410052022006,6
080410040081053,6
080410044051000,6
080410024012021,6
080410013013022,6
080410045201010,6
080410033072003,6
080410024022007,6
080410004003016,6
080410033034011,6
080410051201001,6
080410031006002,6
080410028011017,6
080410024013004,6
080410045021031,6
080410045182003,6
080410046033006,6
080410021024002,6
080410003013027,6
080410034011075,6
080410051141000,6
080410033031002,6
080410067021033,6
080410021011016,6
080410013023006,6
080410051192008,6
080410029022012,6
080410044023019,6
080410045174021,6
080410006001010,6
080410001043002,6
080410045013043,6
080410045182019,6
080410044061012,6
080410043003018,6
080410051162001,6
080410013024021,6
080410020001001,6
080410033073003,6
080410043002025,6
080410006003015,6
080410006002021,6
080410011042012,6
080410045131002,6
080410051202012,6
080410006002025,6
080410053003008,6
080410013011032,6
080410045152037,6
080410051192006,6
080410045193015,6
080410056011007,6
080410045013007,6
080410064003007,6
080410009001040,6
080410045192005,6
080410044062011,6
080410056023009,6
080410030021028,6
080410051181016,6
080410061002008,6
080410027001016,6
080410045022022,6
080410025024004,6
080410045023008,6
080410051151003,6
080410025023006,6
080410006003012,6
080410046033041,6
080410025013009,6
080410024012001,6
080410020003022,6
080410028021021,6
080410010002018,6
080410019012017,6
080410046033044,6
080410045012014,6
080410045022002,6
080410041004016,6
080410056023000,6
080410014002019,6
080410051224025,6
080410023001031,6
080410063012002,6
080410019012018,6
080410001023004,6
080410003012021,6
080410009001004,6
080410045011014,6
080410003012010,6
080410046022072,6
080410021024010,6
080410039102025,6
080410013011006,6
080410060003019,6
080410010003034,6
080410017002001,6
080410046012018,6
080410046022056,6
080410051163007,6
080410014001037,6
080410046012021,6
080410054002010,6
080410021024016,6
080410031001000,6
080410051224012,6
080410005001012,6
080410016001004,6
080410045193009,6
080410059001016,6
080410030011027,6
080410046033047,6
080410051252043,6
080410011041007,6
080410045182007,6
080410020003003,6
080410003012023,6
080410020002034,6
080410029013007,6
080410028012003,6
080410065024008,6
080410033032030,6
080410045171002,6
080410022002012,6
080410045132027,6
080410051192022,6
080410052012010,6
080410009002001,6
080410051242013,6
080410056021007,6
080410052013006,6
080410060001013,6
080410050001005,6
080410008002014,6
080410031005006,6
080410013021003,6
080410027003025,6
080410045012018,6
080410044021005,6
080410022002018,6
080410051221044,6
080410063023013,6
080410051252027,6
080410040081022,6
080410045132013,6
080410045172008,6
080410046021026,6
080410011012009,6
080410033034002,6
080410028022036,6
080410046033031,6
080410045152044,6
080410051224015,6
080410051242015,6
080410045012003,6
080410046012022,6
080410067022030,6
080410024022033,6
080410013012015,6
080410001023021,6
080410045012050,6
080410022003025,6
080410045013021,6
080410045012035,6
080410060002010,6
080410033071011,6
080410045133000,6
080410033033000,6
080410018001027,6
080410022002019,6
080410021022002,6
080410041001014,6
080410045013001,6
080410045022004,6
080410010003014,6
080410040081042,6
080410025021000,6
080410040081012,6
080410053004002,6
080410006003010,6
080410033054006,6
080410046023011,6
080410051153005,6
080410046011052,6
080410045182021,6
080410014001000,6
080410051202013,6
080410027001019,6
080410045151007,6
080410040082041,6
080410046031039,6
080410004003032,6
080410015002008,6
080410046022066,6
080410060002003,6
080410063022002,6
080410059003000,6
080410050002007,6
080410043001016,6
080410051121005,6
080410045171010,6
080410001023022,6
080410011012008,6
080410064004013,6
080410051191019,6
080410013013009,6
080410013011000,6
080410051141029,6
080410044022003,6
080410033082009,6
080410063011009,6
080410002021001,6
080410046011023,6
080410031004012,6
080410045132022,6
080410001023007,6
080410046022032,6
080410013023004,6
080410045132011,6
080410045011041,6
080410040082002,6
080410033051026,6
080410028022044,6
080410028021020,6
080410045131016,6
080410007002001,6
080410049021013,6
080410067021009,6
080410021011018,6
080410045194018,6
080410045011006,6
080410051103010,6
080410020003031,6
080410018002000,6
080410029011018,6
080410061001001,6
080410033084018,6
080410045194012,6
080410039102054,6
080410044062001,6
080410004003041,6
080410050004000,6
080410023002046,6
080410003013022,6
080410055012020,6
080410051221025,6
080410001023024,6
080410045071000,6
080410030012008,6
080410046031048,6
080410013021002,6
080410028022054,6
080410064003006,6
080410021011035,6
080410042002012,6
080410067011033,6
080410039102053,6
080410051231014,6
080410027001008,6
080410045151009,6
080410007003004,6
080410066002025,6
080410033063018,6
080410056021011,6
080410018002013,6
080410051221067,6
080410046011011,6
080410051123011,6
080410011042015,6
080410041004013,6
080410001021003,6
080410046031044,6
080410045063011,6
080410049011009,6
080410040091007,6
080410051202025,6
080410060004004,6
080410015002014,6
080410051222005,6
080410004002009,6
080410013012011,6
080410015001033,6
080410007003016,6
080410063011018,6
080410001042003,6
080410033082005,6
080410008003021,6
080410050001024,6
080410049022012,6
080410051132001,6
080410021021006,6
080410019011007,6
080410044022028,6
080410051221064,6
080410042001004,6
080410014001018,6
080410040091011,6
080410003013016,6
080410045174008,6
080410045022037,6
080410051241009,6
080410059001011,6
080410011012028,6
080410045151035,6
080410014003008,6
080410011042035,6
080410066002000,6
080410019012038,6
080410022002016,6
080410045072005,6
080410004003007,6
080410014003018,6
080410051172019,6
080410052021003,6
080410057002005,6
080410008002001,6
080410044023001,6
080410046033080,6
080410051221059,6
080410025012003,6
080410063012004,6
080410051162011,6
080410008003004,6
080410007002022,6
080410045174013,6
080410033032015,6
080410025022011,6
080410045141015,6
080410040082010,6
080410013024014,6
080410046022055,6
080410051232040,6
080410051203005,6
080410023002007,6
080410030012011,6
080410057004000,6
080410055011022,6
080410023001052,6
080410039102034,6
080410013022008,6
080410005002038,6
080410029022000,6
080410055021006,6
080410045152015,6
080410046033038,6
080410022002008,6
080410010003009,6
080410018002021,6
080410018001014,6
080410050001017,6
080410031004020,6
080410005001014,6
080410030021030,6
080410046011051,6
080410007003005,6
080410051151006,6
080410055021001,6
080410010001018,6
080410020003012,6
080410063013006,6
080410024011006,6
080410007001016,6
080410046021056,6
080410006003002,6
080410040091009,6
080410046012017,6
080410028012018,6
080410066002014,6
080410046033036,6
080410046022084,6
080410033032029,6
080410059003003,6
080410028022027,6
080410021011040,6
080410028012001,6
080410033033010,6
080410033084000,6
080410029022011,6
080410051191030,6
080410045132041,6
080410046012019,6
080410051183007,6
080410051172009,6
080410045171007,6
080410013022018,6
080410023001038,6
080410007001029,6
080410031004014,6
080410046033005,6
080410045162028,6
080410045023007,6
080410046022009,6
080410033082006,6
080410040082046,6
080410010002022,6
080410009002004,6
080410027003009,6
080410009002011,6
080410006002000,6
080410045013027,6
080410033034007,6
080410029012013,6
080410050002002,6
080410053001001,6
080410051221015,6
080410044042002,6
080410010002015,6
080410019021004,6
080410059003007,6
080410056012014,6
080410064002015,6
080410023002041,6
080410031001008,6
080410004001011,6
080410049022014,6
080410059001007,6
080410030021014,6
080410056011000,6
080410008003006,6
080410046022050,6
080410010002033,6
080410006003009,6
080410017001000,6
080410051222004,6
080410045152003,6
080410045152038,6
080410064001036,6
080410059003021,6
080410065024017,6
080410034011070,6
080410046022058,6
080410006001001,6
080410031003024,6
080410017002017,6
080410045063005,6
080410051232051,6
080410040082007,6
080410019012019,6
080410031002015,6
080410005002005,6
080410018001032,6
080410067022024,6
080410051203007,6
080410015001009,6
080410057004018,6
080410065024000,6
080410052021004,6
080410010003019,6
080410046022010,6
080410011042014,6
080410059004012,6
080410040081003,6
080410051252002,6
080410019012005,6
080410039102022,6
080410017001005,6
080410003013030,6
080410020002019,6
080410051242022,6
080410028024003,6
080410005001017,6
080410021024004,6
080410051151030,6
080410008002017,6
080410045151004,6
080410067022038,6
080410006001012,6
080410061001009,6
080410045023025,6
080410046031043,6
080410045132000,6
080410051232012,6
080410063021004,6
080410006001024,6
080410045162006,6
080410014001028,6
080410065021000,6
080410027003005,6
080410050004012,6
080410042003002,6
080410046011039,6
080410051122006,6
080410051251017,6
080410054001002,6
080410043004002,6
080410045012015,6
080410046021038,6
080410031001009,6
080410022002009,6
080410023002001,6
080410045194000,6
080410050001003,6
080410024011008,6
080410044062003,6
080410029021011,6
080410039101016,6
080410045183004,6
080410019012012,6
080410062003020,6
080410033032008,6
080410044022001,6
080410051251028,6
080410049011002,6
080410049012020,6
080410051103002,6
080410051101022,6
080410046021014,6
080410004001013,6
080410046023055,6
080410057003007,6
080410051202021,6
080410063011012,6
080410013024004,6
080410018001012,6
080410060004010,6
080410059001008,6
080410013011021,6
080410005002003,6
080410045152031,6
080410004003024,6
080410022003012,6
080410058003006,6
080410045133007,6
080410005001010,6
080410011012025,6
080410022001010,6
080410014003033,6
080410003013024,6
080410045063006,6
080410051203006,6
080410024021022,6
080410019021003,6
080410040081045,6
080410028022021,6
080410053001009,6
080410051201016,6
080410014001009,6
080410045011002,6
080410053004008,6
080410024012017,6
080410051221008,6
080410014002006,6
080410013022004,6
080410045174003,6
080410051192012,6
080410046011005,6
080410005002045,6
080410003011007,6
080410067022023,6
080410008002013,6
080410054004007,6
080410062003015,6
080410046023009,6
080410015002000,6
080410057001004,6
080410029022005,6
080410044062004,6
080410045122002,6
080410051252016,6
080410011042043,6
080410045021018,6
080410045182035,6
080410060003001,6
080410051181009,6
080410044061003,6
080410045174005,6
080410015001006,6
080410051101001,6
080410056021015,6
080410018001006,6
080410042001009,6
080410045132012,6
080410033033020,6
080410059005015,6
080410028021003,6
080410059003004,6
080410045183011,6
080410046023044,6
080410033063020,6
080410050004002,6
080410001043007,6
080410046033034,6
080410009002026,6
080410033083006,6
080410059005006,6
080410051103012,6
080410009002005,6
080410024022008,6
080410046011020,6
080410049021008,6
080410045061008,6
080410051232048,6
080410039102023,6
080410017002003,6
080410046023022,6
080410005001020,6
080410054002011,6
080410045181010,6
080410020001014,6
080410023002010,6
080410051151001,6
080410005002011,6
080410045132019,6
080410060004001,6
080410031002004,6
080410046031038,6
080410049011005,6
080410051213018,6
080410013012016,6
080410052014002,6
080410058003012,6
080410056021003,6
080410046022062,6
080410028012008,6
080410060001012,6
080410067021015,6
080410039101017,6
080410027002004,6
080410045141000,6
080410045182016,6
080410046023033,6
080410062001004,6
080410051141024,6
080410045141005,6
080410044062006,6
080410040081019,6
080410022002006,6
080410021013005,6
080410015001012,6
080410020003027,6
080410053001000,6
080410003011010,6
080410033031014,6
080410039102026,6
080410064004014,6
080410039102037,6
080410019021010,6
080410016002009,6
080410051181011,6
080410010001025,6
080410021012017,6
080410006003019,6
080410001031001,6
080410033051006,6
080410045142001,6
080410044022039,6
080410028021009,6
080410062003008,6
080410065023020,6
080410040082066,6
080410019012026,6
080410033084017,6
080410054001013,6
080410033034000,6
080410023001016,6
080410045172026,6
080410045193006,6
080410046021030,6
080410051172017,6
080410039102015,6
080410001042022,6
080410033054002,6
080410033052015,6
080410051171017,6
080410020002008,6
080410045162001,6
080410018002009,6
080410040081011,6
080410043001005,6
080410007002019,6
080410024021010,6
080410061002002,6
080410005002022,6
080410021023000,6
080410063013008,6
080410063022006,6
080410005002002,6
080410045182013,6
080410061001004,6
080410051223023,6
080410002031022,6
080410007003027,6
080410004002007,6
080410045142016,6
080410049011013,6
080410033082010,6
080410013012008,6
080410018002027,6
080410010002007,6
080410051224003,6
080410046021044,6
080410054003004,6
080410062003016,6
080410045142008,6
080410022001011,6
080410045011038,6
080410046031003,6
080410005002007,6
080410062003001,6
080410005002009,6
080410052012014,6
080410024021021,6
080410010001023,6
080410006003017,6
080410040082003,6
080410015001007,6
080410007001021,6
080410045011047,6
080410046031018,6
080410033084004,6
080410039122024,6
080410020002032,6
080410046032006,6
080410046033030,6
080410051181006,6
080410040081016,6
080410056021008,6
080410040081040,6
080410045131011,6
080410061001000,6
080410019012057,6
080410023001017,6
080410004001020,6
080410011041021,6
080410045013002,6
080410051252032,6
080410051202023,6
080410021013015,6
080410014003028,6
080410007002017,6
080410030012019,6
080410046022048,6
080410006002006,6
080410055021018,6
080410043001001,6
080410045194011,6
080410055013001,6
080410058002005,6
080410051231020,6
080410058001005,6
080410062003009,6
080410045152013,6
080410051162012,6
080410011042006,6
080410046022045,6
080410020003010,6
080410030011003,6
080410027001003,6
080410046033023,6
080410058003009,6
080410022003026,6
080410051141020,6
080410064001031,6
080410005001024,6
080410043001011,6
080410027002018,6
080410014001029,6
080410067022027,6
080410051191004,6
080410044021010,6
080410039102043,6
080410063023005,6
080410001042021,6
080410011012018,6
080410018002032,6
080410046012026,6
080410057001002,6
080410009001034,6
080410040081038,6
080410045172023,6
080410046022026,6
080410006001006,6
080410041001005,6
080410024022000,6
080410001021005,6
080410010003013,6
080410051231022,6
080410018001052,6
080410023001032,6
080410045172022,6
080410056023005,6
080410051223006,6
080410051202017,6
080410046011042,6
080410058002003,6
080410016001011,6
080410013011007,6
080410033084007,6
080410051232050,6
080410055024004,6
080410052014001,6
080410015001023,6
080410063022000,6
080410028012002,6
080410050002000,6
080410045132029,6
080410021011026,6
080410020003028,6
080410025011018,6
080410046023021,6
080410031005016,6
080410040082032,6
080410024011005,6
080410031003006,6
080410051251026,6
080410023001013,6
080410045073004,6
080410045174016,6
080410051102002,6
080410019022004,6
080410044061004,6
080410018002017,6
080410015001002,6
080410014002021,6
080410002022003,6
080410033051010,6
080410067011037,6
080410045012034,6
080410045151029,6
080410051141030,6
080410056011010,6
080410067011034,6
080410015002026,6
080410059002012,6
080410049022013,6
080410042003008,6
080410046022068,6
080410018001003,6
080410065012001,6
080410045023015,6
080410051172008,6
080410033071008,6
080410001041003,6
080410018001022,6
080410017002009,6
080410051252019,6
080410051191025,6
080410051252025,6
080410045012054,6
080410051102004,6
080410045193010,6
080410004003015,6
080410067022005,6
080410028022062,6
080410064003000,6
080410004003000,6
080410013011026,6
080410058002001,6
080410051252011,6
080410045173001,6
080410016001019,6
080410063022004,6
080410055021013,6
080410051232008,6
080410051251050,6
080410045182033,6
080410007002018,6
080410023002028,6
080410051252007,6
080410040081041,6
080410027002016,6
080410014003023,6
080410025024016,6
080410045181031,6
080410063022001,6
080410064003012,6
080410045021022,6
080410045073011,6
080410018002022,6
080410060004006,6
080410013023001,6
080410039102050,6
080410010001011,6
080410044023004,6
080410067021029,6
080410050001006,6
080410033031004,6
080410006003023,6
080410056011003,6
080410046011017,6
080410051132009,6
080410066002009,6
080410046033026,6
080410045201001,6
080410019012003,6
080410045172017,6
080410046011003,6
080410046022033,6
080410055011014,6
080410007001009,6
080410018002020,6
080410020002033,6
080410028024008,6
080410022001006,6
080410001042018,6
080410030012003,6
080410013012020,6
080410045172006,6
080410055021031,6
080410051213015,6
080410013012014,6
080410049022009,6
080410045192001,6
080410005002010,6
080410023001000,6
080410046012039,6
080410009001037,6
080410025011010,6
080410045011049,6
080410010002024,6
080410051171008,6
080410051172007,6
080410046023018,6
080410028024021,6
080410021013016,6
080410007002002,6
080410044022030,6
080410029014001,6
080410064001029,6
080410007003024,6
080410051101010,6
080410045131007,6
080410015001000,6
080410001022017,6
080410051232047,6
080410033054011,6
080410003011008,6
080410030021029,6
080410063012003,6
080410022002001,6
080410005002037,6
080410011011026,6
080410055022010,6
080410031003022,6
080410019012041,6
080410045013031,6
080410033081000,6
080410051141014,6
080410045021040,6
080410059001002,6
080410045132010,6
080410042003011,6
080410013021008,6
080410021024000,6
080410005002025,6
080410051191002,6
080410051141027,6
080410045013009,6
080410058003008,6
080410051224028,6
080410007001030,6
080410062001012,6
080410045012020,6
080410055012021,6
080410002031011,6
080410062002004,6
080410044062009,6
080410010002011,6
080410051131007,6
080410029011017,6
080410065023021,6
080410055021030,6
080410051141006,6
080410065012003,6
080410021011048,6
080410033034004,6
080410019021017,6
080410028024010,6
080410009001021,6
080410031002000,6
080410045013025,6
080410060004000,6
080410027003001,6
080410019012004,6
080410050001020,6
080410065022014,6
080410046031045,6
080410060004002,6
080410054001016,6
080410067022029,6
080410019012033,6
080410005001016,6
080410061002015,6
080410039102032,6
080410023001035,6
080410043001006,6
080410060001003,6
080410051251041,6
080410051101005,6
080410051163004,6
080410051181014,6
080410006003014,6
080410023001057,6
080410049022008,6
080410051221029,6
080410051223005,6
080410051223003,6
080410045011007,6
080410064004011,6
080410063023006,6
080410046021006,6
080410046021033,6
080410010002012,6
080410045131018,6
080410018001009,6
080410018001036,6
080410065011012,6
080410028022049,6
080410046011053,6
080410059005014,6
080410053003009,6
080410051222007,6
080410051153001,6
080410051203000,6
080410028011001,6
080410045174014,6
080410041002009,6
080410060003007,6
080410049012018,6
080410021022004,6
080410009001007,6
080410014003048,6
080410027003006,6
080410046021065,6
080410046031008,6
080410055011025,6
080410044023023,6
080410033051033,6
080410051141008,6
080410045193011,6
080410051151016,6
080410001022000,6
080410023001030,6
080410018002011,6
080410052013005,6
080410006003007,6
080410020002004,6
080410033052011,6
080410064004009,6
080410013024002,6
080410028021012,6
080410046031054,6
080410052012002,6
080410067021011,6
080410044021016,6
080410045152002,6
080410045021033,6
080410040081013,6
080410015001018,6
080410045172009,6
080410046011027,6
080410003011003,6
080410045021007,6
080410051232026,6
080410051171000,6
080410008003018,6
080410045151034,6
080410065023004,6
080410002031036,6
080410060001006,6
080410051162008,6
080410023001056,6
080410051132014,6
080410020003029,6
080410029011009,6
080410024012010,6
080410033063004,6
080410020004007,6
080410045013003,6
080410045131012,6
080410008001011,6
080410067021014,6
080410033033015,6
080410002024000,6
080410059004001,6
080410067021005,6
080410001031007,6
080410046033029,6
080410027003000,6
080410045013038,6
080410051232004,6
080410064001026,6
080410044022012,6
080410055011018,6
080410031002014,6
080410027001005,6
080410045152010,6
080410045062001,6
080410065011009,6
080410046033048,6
080410064002010,6
080410019012035,6
080410039102020,6
080410064001013,6
080410024022018,6
080410065024022,6
080410044053001,6
080410008003025,6
080410004002008,6
080410031005015,6
080410014001025,6
080410045012033,6
080410033082001,6
080410011012011,6
080410007002000,6
080410049012017,6
080410006002027,6
080410045013006,6
080410029022001,6
080410041001001,6
080410046023068,6
080410015001021,6
080410042003024,6
080410059001012,6
080410041003012,6
080410051131001,6
080410027001037,6
080410001023019,6
080410039102018,6
080410016002026,6
080410065023005,6
080410065024006,6
080410051252000,6
080410013022014,6
080410063013009,6
080410055011023,6
080410021024015,6
080410019012050,6
080410027003024,6
080410027002001,6
080410045191023,6
080410057002012,6
080410051252041,6
080410028011010,6
080410043003016,6
080410001022001,6
080410028024012,6
080410046012010,6
080410004001008,6
080410024011003,6
080410045011021,6
080410041004000,6
080410007002026,6
080410065023013,6
080410001032004,6
080410041001008,6
080410021011051,6
080410056022000,6
080410044051001,6
080410013024000,6
080410027003003,6
080410011011022,6
080410004002002,6
080410046033011,6
080410046031001,6
080410051221046,6
080410046022054,6
080410055012015,6
080410046022061,6
080410029012017,6
080410059004019,6
080410064004001,6
080410060001008,6
080410053004004,6
080410045142006,6
080410051163014,6
080410051251018,6
080410046033019,6
080410009002010,6
080410024011012,6
080410052012013,6
080410051252014,6
080410013011028,6
080410031004013,6
080410045151002,6
080410006003016,6
080410039101013,6
080410031005005,6
080410064001012,6
080410046033032,6
080410043003009,6
080410021024009,6
080410046023040,6
080410024021007,6
080410039101011,6
080410055021016,6
080410009002012,6
080410050003008,6
080410044021008,6
080410063013005,6
080410006003025,6
080410011011012,6
080410025013002,6
080410028022005,6
080410011042024,6
080410013011020,6
080410028011018,6
080410028011000,6
080410041002012,6
080410051252044,6
080410046022065,6
080410041003011,6
080410051231003,6
080410028022003,6
080410051222010,6
080410067021017,6
080410005002039,6
080410011041000,6
080410067021003,6
080410004003011,6
080410046023013,6
080410045173002,6
080410046011046,6
080410045141023,6
080410024011000,6
080410008003017,6
080410063021010,6
080410067011029,6
080410024022006,6
080410005001005,6
080410044052001,6
080410064001005,6
080410010001022,6
080410045022027,6
080410065012007,6
080410054001014,6
080410045122011,6
080410003013028,6
080410057003015,6
080410045022012,6
080410031002012,6
080410040081031,6
080410058003013,6
080410007002012,6
080410049012013,6
080410007001022,6
080410028021026,6
080410006003006,6
080410040081046,6
080410003012005,6
080410045011043,6
080410010002003,6
080410040082036,6
080410046022029,6
080410029011014,6
080410064004016,6
080410062003021,6
080410044022019,6
080410046033072,6
080410045013035,6
080410049012011,6
080410051131003,6
080410043002010,6
080410029011010,6
080410020002000,6
080410055021003,6
080410054002009,6
080410054003009,6
080410018001049,6
080410045182006,6
080410051252042,6
080410033084005,6
080410046023032,6
080410008002002,6
080410045191015,6
080410001042007,6
080410024013000,6
080410016001010,6
080410057003006,6
080410059005011,6
080410051203010,6
080410055023001,6
080410045181016,6
080410033052010,6
080410040082001,6
080410063011011,6
080410059001010,6
080410064002001,6
080410029013004,6
080410051241017,6
080410045162017,6
080410051192014,6
080410065011014,6
080410051102000,6
080410051241014,6
080410055011020,6
080410052022010,6
080410001032006,6
080410045162026,6
080410053003003,6
080410039122004,6
080410064001034,6
080410029011008,6
080410033073001,6
080410051183006,6
080410045013044,6
080410008001001,6
080410034011076,6
080410029022002,6
080410025012001,6
080410046022022,6
080410045183006,6
080410045122012,6
080410067022012,6
080410051181003,6
080410006002008,6
080410025022007,6
080410030021007,6
080410041001017,6
080410052012003,6
080410028012000,6
080410046023029,6
080410046021036,6
080410007002006,6
080410025013024,6
080410020001008,6
080410001042015,6
080410045183007,6
080410021011034,6
080410031003001,6
080410011042044,6
080410020002002,6
080410051221054,6
080410029021015,6
080410004001007,6
080410051251038,6
080410007001003,6
080410033073000,6
080410044022022,6
080410046032018,6
080410029014010,6
080410044022021,6
080410051221018,6
080410045021012,6
080410004003023,6
080410010002028,6
080410045172004,6
080410008003034,6
080410010003015,6
080410020002025,6
080410051221028,6
080410043003014,6
080410045151027,6
080410050001010,6
080410033031012,6
080410025021002,6
080410055012004,6
080410046032024,6
080410023001043,6
080410044021012,6
080410044062000,6
080410034011089,6
080410004001006,6
080410033084023,6
080410051192003,6
080410045152025,6
080410061001003,6
080410051221013,6
080410045151014,6
080410014002015,6
080410028022015,6
080410045133011,6
080410029011012,6
080410051101013,6
080410045201002,6
080410051224001,6
080410014002027,6
080410030011011,6
080410046022046,6
080410051251016,6
080410045122005,6
080410067011023,6
080410064001024,6
080410045183012,6
080410051141026,6
080410050002008,6
080410051251027,6
080410014003052,6
080410033032006,6
080410051151014,6
080410006001005,6
080410033032024,6
080410051242014,6
080410028022057,6
080410043002002,6
080410062002005,6
080410051223019,6
080410045183002,6
080410046011019,6
080410051171024,6
080410033033011,6
080410015001016,6
080410051141010,6
080410060001009,6
080410007001002,6
080410046022017,6
080410025012011,6
080410014002017,6
080410045182009,6
080410020004015,6
080410051152006,6
080410041003005,6
080410033084013,6
080410033063008,6
080410051201015,6
080410028022006,6
080410030012005,6
080410042001000,6
080410019012054,6
080410011012014,6
080410023002022,6
080410051192020,6
080410052022015,6
080410045172002,6
080410051123010,6
080410023002025,6
080410040082004,6
080410015002005,6
080410051151034,6
080410051224007,6
080410043002019,6
080410018001050,6
080410045061004,6
080410033071009,6
080410056012002,6
080410045141012,6
080410065024011,6
080410051221020,6
080410045011009,6
080410004001002,6
080410045172001,6
080410029021010,6
080410065012010,6
080410046023045,6
080410067012004,6
080410030012010,6
080410046022087,6
080410059005004,6
080410033063009,6
080410045194014,6
080410046022000,6
080410051171016,6
080410046021066,6
080410051101015,6
080410009002023,6
080410045201009,6
080410051221021,6
080410040082005,6
080410055021021,6
080410051232010,6
080410023002006,6
080410018001051,6
080410045121003,6
080410064004015,6
080410007003022,6
080410033032025,6
080410018001020,6
080410063012007,6
080410040081021,6
080410051191028,6
080410013011015,6
080410053004000,6
080410046023059,6
080410045013041,6
080410001022013,6
080410009001045,6
080410021011013,6
080410045132017,6
080410051191001,6
080410011011032,6
080410053003006,6
080410065011005,6
080410007001012,6
080410045012039,6
080410033032028,6
080410045182002,6
080410046022090,6
080410045021016,6
080410051242020,6
080410046021041,6
080410014003015,6
080410045012044,6
080410030022001,6
080410033082004,6
080410040082063,6
080410019012055,6
080410045013040,6
080410009001009,6
080410045132046,6
080410033031010,6
080410031001015,6
080410049021012,6
080410046032023,6
080410051192004,6
080410050003004,6
080410046023065,6
080410045182008,6
080410051192013,6
080410024012016,6
080410060003008,6
080410051103000,6
080410030021008,6
080410064004003,6
080410045183015,6
080410014002007,6
080410051201010,6
080410003012004,6
080410066003011,6
080410045151011,6
080410051153012,6
080410027002003,6
080410030021015,6
080410064002019,6
080410006003034,6
080410055012007,6
080410030011012,6
080410009002016,6
080410051242008,6
080410040082009,6
080410062002016,6
080410024021001,6
080410025013008,6
080410052014000,6
080410065012014,6
080410016002007,6
080410065024023,6
080410051131009,6
080410051221036,6
080410009001011,6
080410046033042,6
080410024022032,6
080410044022008,6
080410013024009,6
080410013011022,6
080410067022022,6
080410040081032,6
080410051251052,6
080410057003013,6
080410049012009,6
080410023001008,6
080410045181011,6
080410040081024,6
080410025012009,6
080410022002015,6
080410046022007,6
080410013011031,6
080410025013013,6
080410020001012,6
080410021011038,6
080410045011000,6
080410018001041,6
080410065012000,6
080410020001000,6
080410054001015,6
080410051202024,6
080410051232039,6
080410051232005,6
080410028024014,6
080410051222001,6
080410046031022,6
080410045181022,6
080410003012011,6
080410002024005,6
080410014003016,6
080410059001000,6
080410014003027,6
080410043003005,6
080410009001031,6
080410020003005,6
080410028022016,6
080410051242016,6
080410027003007,6
080410003013002,6
080410063011015,6
080410051132007,6
080410020001015,6
080410051172005,6
080410027001030,6
080410051242001,6
080410034011062,6
080410053003005,6
080410051163006,6
080410013011014,6
080410056011001,6
080410020003040,6
080410013022005,6
080410013012023,6
080410051151009,6
080410046012033,6
080410031003023,6
080410020002017,6
080410021022003,6
080410013011024,6
080410021012007,6
080410033084002,6
080410063013002,6
080410059002004,6
080410045013019,6
080410062001015,6
080410051101020,6
080410046031035,6
080410045202003,6
080410014002002,6
080410031001003,6
080410051221011,6
080410033034015,6
080410013011027,6
080410051232036,6
080410055022012,6
080410045142012,6
080410008002007,6
080410022003033,6
080410014002004,6
080410045012019,6
080410014001021,6
080410067011036,6
080410045012042,6
080410045191003,6
080410039102062,6
080410051192026,6
080410046012040,6
080410020001010,6
080410051123007,6
080410051242012,6
080410067021035,6
080410045061018,6
080410051152013,6
080410024011014,6
080410045013013,6
080410014001004,6
080410046022086,6
080410033063015,6
080410063021001,6
080410058003002,6
080410007001028,6
080410051201005,6
080410014003038,6
080410019011023,6
080410002031001,6
080410045172000,6
080410042001011,6
080410019012020,6
080410033073008,6
080410027001034,6
080410003013018,6
080410024021018,6
080410033033001,6
080410046033076,6
080410022003002,6
080410013013003,6
080410044023012,6
080410067022008,6
080410045023021,6
080410001041004,6
080410062003003,6
080410040082023,6
080410043002003,6
080410021022014,6
080410001042010,6
080410001023014,6
080410033072008,6
080410029022009,6
080410041004018,6
080410045073008,6
080410001042013,6
080410066002013,6
080410051221039,6
080410024013011,6
080410007002024,6
080410010003029,6
080410051252009,6
080410029021003,6
080410034011074,6
080410009002017,6
080410046023002,6
080410067012005,6
080410045142007,6
080410039102006,6
080410025011002,6
080410019011000,6
080410045151018,6
080410024022028,6
080410045062006,6
080410040091010,6
080410054002000,6
080410051162016,6
080410059002015,6
080410050001008,6
080410041002002,6
080410051181005,6
080410003013010,6
080410045012031,6
080410002031002,6
080410019022009,6
080410021013018,6
080410045152014,6
080410013013020,6
080410051182007,6
080410045182031,6
080410006002007,6
080410065023033,6
080410029011016,6
080410019022000,6
080410033062020,6
080410033032019,6
080410040091001,6
080410033084016,6
080410011042027,6
080410010003031,6
080410033033017,6
080410044052003,6
080410051141001,6
080410051221063,6
080410020002012,6
080410007003001,6
080410025022010,6
080410051221058,6
080410051122005,6
080410011041022,6
080410005002017,6
080410059004018,6
080410028012005,6
080410021022011,6
080410039102061,6
080410051251042,6
080410060004017,6
080410058003011,6
080410028022040,6
080410013012017,6
080410031005002,6
080410044023027,6
080410001021001,6
080410007002016,6
080410006003003,6
080410046032017,6
080410050002010,6
080410040082014,6
080410024021017,6
080410045191019,6
080410011011020,6
080410067022037,6
080410057002010,6
080410045194003,6
080410050001001,6
080410060001001,6
080410051221074,6
080410031001002,6
080410051151027,6
080410043002005,6
080410046032020,6
080410065012011,6
080410013011010,6
080410051191009,6
080410030012015,6
080410045181034,6
080410013011003,6
080410058001008,6
080410011012015,6
080410027001002,6
080410042002008,6
080410051223018,6
080410045152011,6
080410055023000,6
080410027001004,6
080410030012013,6
080410028022056,6
080410024013003,6
080410045132044,6
080410067011027,6
080410028012010,6
080410021013013,6
080410057003004,6
080410022001004,6
080410064002011,6
080410022003018,6
080410051151023,6
080410065011017,6
080410059003013,6
080410002024018,6
080410046011024,6
080410065022010,6
080410021013004,6
080410002024011,6
080410044052005,6
080410013013025,6
080410016002030,6
080410006003030,6
080410055011003,6
080410045132045,6
080410046023008,6
080410001031005,6
080410011012016,6
080410055022007,6
080410051121003,6
080410013012000,6
080410020003033,6
080410051171001,6
080410046021040,6
080410020001011,6
080410021024007,6
080410014003035,6
080410043001018,6
080410045061024,6
080410019011027,6
080410046021078,6
080410053001013,6
080410061001006,6
080410054004001,6
080410066003002,6
080410045023014,6
080410045012055,6
080410021012003,6
080410025011011,6
080410045142005,6
080410043003002,6
080410051132003,6
080410050003003,6
080410014002014,6
080410051232041,6
080410030011008,6
080410003011013,6
080410024011007,6
080410062002001,6
080410045141014,6
080410003012006,6
080410055023002,6
080410046021005,6
080410030022002,6
080410028022018,6
080410043003008,6
080410028012009,6
080410013013004,6
080410055024007,6
080410014001023,6
080410067022015,6
080410013013016,6
080410051251051,6
080410013013002,6
080410033063017,6
080410051183004,6
080410013013013,6
080410022002007,6
080410041002013,6
080410051181020,6
080410049012005,6
080410064004004,6
080410005002031,6
080410044022007,6
080410045012024,6
080410045011027,6
080410045194001,6
080410018002035,6
080410031003000,6
080410053001010,6
080410001031009,6
080410063011001,6
080410064001006,6
080410049012014,6
080410040082000,6
080410061002003,6
080410062002013,6
080410034011088,6
080410033053010,6
080410045151033,6
080410043002009,6
080410049011008,6
080410054003001,6
080410028024001,6
080410044042009,6
080410001032007,6
080410057004009,6
080410045141021,6
080410023002040,6
080410064002009,6
080410022003034,6
080410033033013,6
080410046023006,6
080410033061011,6
080410019012047,6
080410046033061,6
080410027001028,6
080410046022074,6
080410052013002,6
080410030011007,6
080410003011015,6
080410055021028,6
080410011041006,6
080410051183013,6
080410028022000,6
080410051232035,6
080410051161014,6
080410064001033,6
080410004001017,6
080410051192018,6
080410017002002,6
080410063013015,6
080410051101007,6
080410031006017,6
080410064003004,6
080410045121002,6
080410028021032,6
080410053001006,6
080410028022012,6
080410039102008,6
080410010001026,6
080410051162005,6
080410015002011,6
080410023002020,6
080410052011004,6
080410063021002,6
080410003012019,6
080410013022006,6
080410046031017,6
080410021011027,6
080410008001017,6
080410027002008,6
080410021012013,6
080410051122002,6
080410051131010,6
080410051222022,6
080410039102005,6
080410039102024,6
080410051122001,6
080410039102059,6
080410021012012,6
080410001023013,6
080410051123005,6
080410033072000,6
080410064002016,6
080410045022020,6
080410046022075,6
080410051222009,6
080410045172024,6
080410020003037,6
080410004001014,6
080410002031005,6
080410025012002,6
080410006002031,6
080410052012005,6
080410064002005,6
080410039114000,6
080410051141002,6
080410045061000,6
080410033082000,6
080410013012004,6
080410031001006,6
080410045182001,6
080410040082022,6
080410033071006,6
080410045133004,6
080410020002014,6
080410045131005,6
080410051192016,6
080410029011011,6
080410028011022,6
080410040082026,6
080410043002023,6
080410057003009,6
080410031006011,6
080410006002019,6
080410003011009,6
080410033071012,6
080410018001008,6
080410031006001,6
080410045192003,6
080410045193023,6
080410010002023,6
080410031001004,6
080410033032010,6
080410025011000,6
080410061001002,6
080410007003015,6
080410051153004,6
080410045023009,6
080410023001050,6
080410020001009,6
080410030011001,6
080410001021012,6
080410055012006,6
080410013024018,6
080410040091018,6
080410051161007,6
080410014001027,6
080410045182017,6
080410045152007,6
080410046021027,6
080410030021026,6
080410016002027,6
080410020001013,6
080410013013019,6
080410045023011,6
080410015001031,6
080410009001024,6
080410045141003,6
080410055022008,6
080410039101003,6
080410044022037,6
080410043001015,6
080410020002003,6
080410045183017,6
080410051123018,6
080410045194005,6
080410001032000,6
080410064001008,6
080410045152006,6
080410021011001,6
080410051152005,6
080410030012012,6
080410031003026,6
080410064003010,6
080410043002011,6
080410003013026,6
080410045191028,6
080410001042019,6
080410052022011,6
080410050003000,6
080410040082047,6
080410051223021,6
080410027003028,6
080410027001013,6
080410018002034,6
080410007002027,6
080410007001010,6
080410051221045,6
080410039102009,6
080410018001037,6
080410006002003,6
080410019012028,6
080410051162000,6
080410045013029,6
080410051201000,6
080410027001043,6
080410031001001,6
080410045142000,6
080410019011024,6
080410014003042,6
080410045061010,6
080410060002001,6
080410004002003,6
080410066002027,6
080410051183008,6
080410031004016,6
080410022001003,6
080410004003018,6
080410013011017,6
080410046033074,6
080410013022013,6
080410033073004,6
080410010003008,6
080410063023000,6
080410051171004,6
080410009002008,6
080410067012008,6
080410046021024,6
080410015002029,6
080410045012028,6
080410045021025,6
080410025021003,6
080410002021002,6
080410065024021,6
080410053002009,6
080410027003031,6
080410024022013,6
080410030021003,6
080410041002000,6
080410013013010,6
080410065023018,6
080410039101024,6
080410051151012,6
080410019021000,6
080410042002010,6
080410046021039,6
080410001043001,6
080410067022017,6
080410008002021,6
080410022003032,6
080410011011007,6
080410045022003,6
080410046023026,6
080410056012007,6
080410051222006,6
080410044051003,6
080410064001011,6
080410011041024,6
080410033051003,6
080410033033004,6
080410046031013,6
080410067022036,6
080410033053007,6
080410006002029,6
080410064001002,6
080410033053011,6
080410060002004,6
080410045151008,6
080410040082025,6
080410045162009,6
080410051103011,6
080410018001043,6
080410044041015,6
080410001022016,6
080410008002009,6
080410044023031,6
080410033084001,6
080410065024015,6
080410002022002,6
080410006001015,6
080410045141011,6
080410033052003,6
080410029013006,6
080410051191026,6
080410020004006,6
080410045063008,6
080410045013015,6
080410060001007,6
080410067011018,6
080410003011014,6
080410063012012,6
080410033033014,6
080410045011008,6
080410005002024,6
080410051151005,6
080410060002006,6
080410011011002,6
080410016002022,6
080410051181010,6
080410028022001,6
080410023002043,6
080410051232022,6
080410051231012,6
080410040081026,6
080410045012013,6
080410046031060,6
080410051241007,6
080410045132002,6
080410045063007,6
080410045151001,6
080410056023007,6
080410055013004,6
080410005001001,6
080410046022085,6
080410010003021,6
080410033033002,6
080410051252022,6
080410060003016,6
080410025024015,6
080410009001000,6
080410027003012,6
080410040082006,6
080410020002016,6
080410002024001,6
080410045193005,6
080410050002006,6
080410059003010,6
080410052021000,6
080410013013007,6
080410028022052,6
080410045151010,6
080410051152010,6
080410063023010,6
080410051213019,6
080410014003050,6
080410016001020,6
080410051163013,6
080410056012013,6
080410028021015,6
080410006002009,6
080410028012006,6
080410016001002,6
080410045162019,6
080410045191010,6
080410021013008,6
080410052012012,6
080410022003027,6
080410013012024,6
080410031001007,6
080410021011009,6
080410045193018,6
080410004003040,6
080410045012008,6
080410006002033,6
080410045071004,6
080410010003011,6
080410004002021,6
080410051242003,6
080410014001006,6
080410051191024,6
080410030012007,6
080410015002001,6
080410019011026,6
080410064002004,6
080410045191016,6
080410051151026,6
080410013013008,6
080410059005018,6
080410015001020,6
080410046023034,6
080410003013008,6
080410059001009,6
080410040082055,6
080410023002002,6
080410051222018,6
080410046021051,6
080410009001022,6
080410051251048,6
080410010001003,6
080410021013010,6
080410003011024,6
080410051221034,6
080410045141008,6
080410045011017,6
080410054002005,6
080410044061009,6
080410044022042,6
080410046022041,6
080410051151031,6
080410024013007,6
080410044021000,6
080410041002008,6
080410030021022,6
080410051171032,6
080410051102010,6
080410009001036,6
080410051172006,6
080410045162021,6
080410021023004,6
080410064001017,6
080410045063012,6
080410064003003,6
080410008003000,6
080410041001015,6
080410050001021,6
080410051131005,6
080410050004004,6
080410010001006,6
080410013012003,6
080410046021029,6
080410044062007,6
080410034011100,6
080410045073007,6
080410045172028,6
080410056012010,6
080410057002004,6
080410033053003,6
080410010002021,6
080410004003022,6
080410040082069,6
080410045022001,6
080410066003006,6
080410005002043,6
080410021024014,6
080410045133009,6
080410051232037,6
080410021012016,6
080410011011008,6
080410046021071,6
080410050001007,6
080410049022004,6
080410025024012,6
080410022001014,6
080410067011030,6
080410046011010,6
080410027003004,6
080410051152016,6
080410029014011,6
080410055011016,6
080410019021008,6
080410045191033,6
080410051171014,6
080410005002004,6
080410052014003,6
080410013012006,6
080410020002023,6
080410040081051,6
080410021013014,6
080410051103016,6
080410045132001,6
080410001021018,6
080410045011045,6
080410044052004,6
080410046033071,6
080410051232019,6
080410065012019,6
080410051221075,6
080410001022005,6
080410055011007,6
080410011041003,6
080410040091014,6
080410045022039,6
080410045023019,6
080410006002015,6
080410016002000,6
080410051232043,6
080410005002012,6
080410033071010,6
080410013013000,6
080410013022007,6
080410046011037,6
080410045193001,6
080410033051011,6
080410021022008,6
080410029021013,6
080410022001009,6
080410044041000,6
080410060003004,6
080410007001017,6
080410024013019,6
080410051251035,6
080410051172015,6
080410025024014,6
080410021013012,6
080410045162014,6
080410039101000,6
080410014003004,6
080410025021006,6
080410049011010,6
080410018001038,6
080410055021025,6
080410030011028,6
080410008003027,6
080410045013017,6
080410063022009,6
080410058001006,6
080410009002007,6
080410051123009,6
080410028023000,6
080410013012025,6
080410057004019,6
080410054003003,6
080410046021072,6
080410029013009,6
080410031003002,6
080410045152032,6
080410002031004,6
080410043003025,6
080410065012005,6
080410020003020,6
080410056021014,6
080410003013007,6
080410011042000,6
080410029014007,6
080410033051008,6
080410045171014,6
080410028022025,6
080410033034012,6
080410034011081,6
080410025012005,6
080410051201009,6
080410052021006,6
080410065023002,6
080410007003028,6
080410051171012,6
080410011011024,6
080410006001019,6
080410059003017,6
080410029012010,6
080410045132004,6
080410051171002,6
080410057004007,6
080410055012009,6
080410060004007,6
080410065011019,6
080410056012000,6
080410067011031,6
080410055023004,6
080410045181024,6
080410045132026,6
080410022003005,6
080410014002012,6
080410058001000,6
080410018002006,6
080410023001053,6
080410053002001,6
080410025021011,6
080410031005012,6
080410067022021,6
080410060003017,6
080410051221042,6
080410059003008,6
080410011012017,6
080410051183014,6
080410051141031,6
080410046022014,6
080410045061003,6
080410067021019,6
080410051183016,6
080410045182004,6
080410045191012,6
080410023002038,6
080410014003003,6
080410021012009,6
080410065023024,6
080410011011034,6
080410055021014,6
080410033062004,6
080410017001006,6
080410066003004,6
080410051171023,6
080410044051008,6
080410029013012,6
080410060002014,6
080410011042031,6
080410051221024,6
080410065023029,6
080410055021008,6
080410055023003,6
080410019022007,6
080410051251049,6
080410005002033,6
080410023002036,6
080410024021006,6
080410015002007,6
080410051221049,6
080410046033073,6
080410001022010,6
080410057002006,6
080410011011025,6
080410001032011,6
080410046031030,6
080410045182020,6
080410039102013,6
080410050004007,6
080410001041001,6
080410062001006,6
080410013012022,6
080410010001015,6
080410052021002,6
080410024013015,6
080410053001011,6
080410045012041,6
080410045181023,6
080410028023003,6
080410046023063,6
080410010001028,6
080410030021021,6
080410006002016,6
080410006001025,6
080410045012045,6
080410022003029,6
080410033031011,6
080410023001055,6
080410051182003,6
080410024013010,6
080410060001015,6
080410045183010,6
080410045122010,6
080410040081025,6
080410011042023,6
080410045122008,6
080410045022019,6
080410050004001,6
080410045152021,6
080410019011020,6
080410043003000,6
080410067021006,6
080410027001014,6
080410059005012,6
080410003011018,6
080410033051023,6
080410052014005,6
080410064001003,6
080410051121001,6
080410059004009,6
080410029013010,6
080410063023001,6
080410001022009,6
080410055012012,6
080410019021006,6
080410019012031,6
080410046021054,6
080410020004013,6
080410027002010,6
080410040081029,6
080410060004020,6
080410051221017,6
080410051152007,6
080410025011017,6
080410039102040,6
080410008001000,6
080410008002015,6
080410029012011,6
080410045022025,6
080410054002008,6
080410051251043,6
080410045141018,6
080410051151029,6
080410019021001,6
080410045022035,6
080410020004011,6
080410046021002,6
080410051141023,6
080410045181030,6
080410045193016,6
080410003011005,6
080410045011020,6
080410053002004,6
080410024013013,6
080410007003017,6
080410019012014,6
080410051102009,6
080410007002007,6
080410009002009,6
080410022003021,6
080410033051015,6
080410039102029,6
080410023002014,6
080410050003001,6
080410051153002,6
080410021024001,6
080410020003034,6
080410051221023,6
080410025011023,6
080410039102031,6
080410007001023,6
080410046011034,6
080410045191031,6
080410059003006,6
080410067011026,6
080410051123008,6
080410045132008,6
080410001022011,6
080410049022003,6
080410023001027,6
080410034011055,6
080410067011040,6
080410045142019,6
080410055024005,6
080410011011033,6
080410011012024,6
080410033081003,6
080410051172020,6
080410045152039,6
080410059002002,6
080410025013005,6
080410028024016,6
080410028022029,6
080410067021027,6
080410046021011,6
080410013024019,6
080410065022005,6
080410053001005,6
080410005002050,6
080410030012018,6
080410020002005,6
080410043002020,6
080410031006009,6
080410009001035,6
080410013023008,6
080410031001013,6
080410045174010,6
080410059005009,6
080410050001025,6
080410003012007,6
080410039102045,6
080410046023050,6
080410007003020,6
080410045174007,6
080410065011001,6
080410065023016,6
080410042001013,6
080410014001032,6
080410045021019,6
080410039101007,6
080410050004006,6
080410050004011,6
080410002031025,6
080410021022016,6
080410060002000,6
080410008003031,6
080410040082029,6
080410063011007,6
080410054001006,6
080410051103008,6
080410006003031,6
080410061001007,6
080410041001013,6
080410003011000,6
080410025024006,6
080410033052013,6
080410020002039,6
080410011042021,6
080410045151020,6
080410045021010,6
080410049012008,6
080410053001002,6
080410045181035,6
080410008003028,6
080410028012013,6
080410045201003,6
080410046023012,6
080410023001028,6
080410044023018,6
080410051221053,6
080410051191023,6
080410050001019,6
080410045022006,6
080410051141017,6
080410051252013,6
080410045023028,6
080410043002004,6
080410045061006,6
080410045021026,6
080410033054003,6
080410065012004,6
080410009001030,6
080410044022015,6
080410003012013,6
080410011041010,6
080410044042005,6
080410045151025,6
080410016002013,6
080410018001045,6
080410044051004,6
080410051183012,6
080410021013001,6
080410062002011,6
080410039102049,6
080410045013030,6
080410033034001,6
080410046011045,6
080410023001020,6
080410034011083,6
080410033071002,6
080410014001011,6
080410025021007,6
080410044023025,6
080410010001000,6
080410054004000,6
080410008002019,6
080410004003021,6
080410051122000,6
080410009001023,6
080410002031020,6
080410023001010,6
080410010003018,6
080410020002010,6
080410031001012,6
080410031005011,6
080410045013024,6
080410028021025,6
080410007002009,6
080410046032014,6
080410045132020,6
080410045193017,6
080410051171033,6
080410045191009,6
080410055023005,6
080410055021023,6
080410046021060,6
080410045012004,6
080410051171022,6
080410028021028,6
080410062001000,6
080410051223022,6
080410045192006,6
080410045181028,6
080410045181033,6
080410027002019,6
080410055021007,6
080410057004002,6
080410049022002,6
080410055021010,6
080410030011013,6
080410001031003,6
080410045152029,6
080410034011057,6
080410045021001,6
080410045132036,6
080410046031000,6
080410045172015,6
080410022001002,6
080410057004003,6
080410010002026,6
080410049022019,6
080410045141016,6
080410051171030,6
080410028021002,6
080410023001001,6
080410051151002,6
080410053002006,6
080410051252021,6
080410030022019,6
080410028011009,6
080410062002010,6
080410001042008,6
080410051151017,6
080410067022034,6
080410005002018,6
080410021011010,6
080410033072001,6
080410041004005,6
080410053002007,6
080410053003001,6
080410042001015,6
080410045162027,6
080410023001007,6
080410015001013,6
080410027003008,6
080410046023058,6
080410028023013,6
080410049022021,6
080410045174022,6
080410055021022,6
080410009002020,6
080410045171015,6
080410046012034,6
080410022002003,6
080410062001013,6
080410013011009,6
080410054003011,6
080410033084006,6
080410044052002,6
080410002031000,6
080410060001010,6
080410045022008,6
080410055021020,6
080410051221014,6
080410030021010,6
080410053003000,6
080410051183001,6
080410030011006,6
080410045174000,6
080410051232011,6
080410044042008,6
080410060002015,6
080410024022003,6
080410022002013,6
080410044022032,6
080410033032020,6
080410006003011,6
080410046033012,6
080410051122003,6
080410004001019,6
080410050002014,6
080410046022091,6
080410018002008,6
080410049022016,6
080410051232054,6
080410046033079,6
080410046021073,6
080410046011048,6
080410021023011,6
080410051252006,6
080410015002015,6
080410045151015,6
080410005002046,6
080410016001008,6
080410051221056,6
080410051221007,6
080410014001016,6
080410005002014,6
080410011042007,6
080410009002014,6
080410045012049,6
080410002023002,6
080410051223010,6
080410018001013,6
080410045064001,6
080410045151000,6
080410065022007,6
080410045061001,6
080410046022020,6
080410057004011,6
080410045073018,6
080410065023025,6
080410045022015,6
080410065024018,6
080410051242019,6
080410051191021,6
080410042001005,6
080410028023010,6
080410031003004,6
080410046011004,6
080410052013004,6
080410051223011,6
080410039102056,6
080410046011029,6
080410045181015,6
080410051171029,6
080410024013006,6
080410044023003,6
080410019012044,6
080410023002030,6
080410051241002,6
080410046023060,6
080410044061006,6
080410021012005,6
080410013013021,6
080410065023010,6
080410055021002,6
080410039102048,6
080410055012014,6
080410008003026,6
080410046022018,6
080410010001008,6
080410044041010,6
080410061001005,6
080410046022031,6
080410051221016,6
080410033052000,6
080410004003029,6
080410018002016,6
080410007001032,6
080410058003007,6
080410010002025,6
080410027003021,6
080410063011000,6
080410013012001,6
080410043001013,6
080410028023014,6
080410065024020,6
080410046022028,6
080410006002014,6
080410063011004,6
080410045171005,6
080410045182025,6
080410010002034,6
080410045162022,6
080410045183009,6
080410009001038,6
080410001023008,6
080410021011030,6
080410051163015,6
080410015002034,6
080410045191017,6
080410043003004,6
080410046021068,6
080410060003014,6
080410054004008,6
080410044041004,6
080410011012029,6
080410051151020,6
080410006003005,6
080410046011018,6
080410023001059,6
080410028024013,6
080410013012002,6
080410025022003,6
080410033054000,6
080410027003029,6
080410055012016,6
080410016002015,6
080410033063013,6
080410046032019,6
080410054001017,6
080410014002011,6
080410013023002,6
080410046021055,6
080410011042038,6
080410006003033,6
080410010001030,6
080410051201018,6
080410046033024,6
080410030022014,6
080410046033035,6
080410028011003,6
080410050004013,6
080410046032005,6
080410023001009,6
080410014001015,6
080410004003003,6
080410046023001,6
080410033051029,6
080410020002041,6
080410051151015,6
080410046033077,6
080410031003012,6
080410059005019,6
080410040081020,6
080410015001022,6
080410033052014,6
080410040082020,6
080410013021011,6
080410024022023,6
080410001042005,6
080410045073021,6
080410006001023,6
080410033063010,6
080410043003003,6
080410045183014,6
080410059004007,6
080410028022008,6
080410045023005,6
080410021024011,6
080410030012020,6
080410030022000,6
080410021013019,6
080410045061012,6
080410027001039,6
080410006002010,6
080410014002009,6
080410003012015,6
080410023001039,6
080410044062005,6
080410020003023,6
080410010003002,6
080410014003053,6
080410045021015,6
080410002022000,6
080410058002000,6
080410005002048,6
080410027002006,6
080410051224002,6
080410031001016,6
080410016001007,6
080410063023008,6
080410014001001,6
080410025012012,6
080410045073019,6
080410067021026,6
080410021012010,6
080410051231007,6
080410051221041,6
080410044021003,6
080410011042002,6
080410039102039,6
080410051242002,6
080410042003026,6
080410018001053,6
080410018002026,6
080410051223014,6
080410004003008,6
080410045191027,6
080410044022017,6
080410064001018,6
080410044022043,6
080410065022019,6
080410006002013,6
080410051221009,6
080410025022008,6
080410022001001,6
080410046033049,6
080410028011020,6
080410046021037,6
080410051232020,6
080410045061023,6
080410051192010,6
080410027001027,6
080410002031003,6
080410058003003,6
080410045063003,6
080410049012003,6
080410045171004,6
080410051182001,6
080410033051000,6
080410033051018,6
080410046032004,6
080410051231005,6
080410016002006,6
080410028022010,6
080410009001017,6
080410063023004,6
080410055021011,6
080410049011014,6
080410041004007,6
080410046012031,6
080410024022020,6
080410001031006,6
080410045022017,6
080410024013009,6
080410029012015,6
080410018001016,6
080410056011009,6
080410067021018,6
080410016001001,6
080410001023005,6
080410018001030,6
080410051171006,6
080410055021005,6
080410024012012,6
080410051151011,6
080410029011003,6
080410050001004,6
080410051151010,6
080410045012001,6
080410064004005,6
080410025012000,6
080410045132038,6
080410045061015,6
080410021013011,6
080410024021002,6
080410030012009,6
080410046021086,6
080410043002024,6
080410006003024,6
080410002024019,6
080410014003045,6
080410021021005,6
080410016002023,6
080410045021005,6
080410044051009,6
080410046023043,6
080410030012006,6
080410046033069,6
080410006002028,6
080410063023015,6
080410050004009,6
080410045191007,6
080410051132002,6
080410024012002,6
080410058001010,6
080410063022005,6
080410028021029,6
080410046033064,6
080410045142015,6
080410020002029,6
080410051232029,6
080410045181025,6
080410008003008,6
080410004003010,6
080410014003040,6
080410062002007,6
080410065011007,6
080410005001022,6
080410067011022,6
080410045191025,6
080410031006010,6
080410055011019,6
080410039101008,6
080410016002024,6
080410019012013,6
080410009002015,6
080410040082019,6
080410063013011,6
080410006002005,6
080410023002037,6
080410022003006,6
080410045142023,6
080410060003006,6
080410046032015,6
080410042002011,6
080410010001031,6
080410062002012,6
080410051222000,6
080410041002014,6
080410045171012,6
080410022001000,6
080410051141022,6
080410039122025,6
080410046011009,6
080410025011006,6
080410046031050,6
080410034011079,6
080410046022080,6
080410045172040,6
080410005001002,6
080410023002011,6
080410049022010,6
080410040081033,6
080410051181015,6
080410017002005,6
080410023002023,6
080410051132005,6
080410023001058,6
080410046021008,6
080410013011019,6
080410039102064,6
080410030011020,6
080410022001005,6
080410045063016,6
080410044041014,6
080410002023000,6
080410023002017,6
080410014002003,6
080410046033063,6
080410051252020,6
080410011041020,6
080410055022003,6
080410067021025,6
080410045061016,6
080410030012021,6
080410056012018,6
080410014002005,6
080410045073015,6
080410024021027,6
080410052013003,6
080410040082049,6
080410003012008,6
080410025022004,6
080410045131010,6
080410033033018,6
080410015002018,6
080410044022018,6
080410007001033,6
080410055021012,6
080410046031021,6
080410016002003,6
080410021011042,6
080410051141007,6
080410045172021,6
080410028022033,6
080410023002035,6
080410045122015,6
080410040082028,6
080410059003023,6
080410045011030,6
080410045132043,6
080410031005008,6
080410033072006,6
080410019012006,6
080410045171006,6
080410051213005,6
080410007003008,6
080410025023002,6
080410045062000,6
080410043003007,6
080410014003049,6
080410057003008,6
080410039102004,6
080410044061008,6
080410051163010,6
080410029021002,6
080410045191029,6
080410025013019,6
080410067021034,6
080410029012000,6
080410051191016,6
080410057004017,6
080410051224027,6
080410051224022,6
080410045022032,6
080410051224020,6
080410030011017,6
080410046033062,6
080410046012027,6
080410044041011,6
080410045021030,6
080410004003009,6
080410025013000,6
080410045131004,6
080410028021004,6
080410045172038,6
080410018002031,6
080410014003031,6
080410011041008,6
080410019021019,6
080410046022073,6
080410031002009,6
080410051192009,6
080410053002002,6
080410051153007,6
080410025011009,6
080410048003012,6
080410043002015,6
080410010003001,6
080410001032003,6
080410001022014,6
080410033034008,6
080410016002005,6
080410028023011,6
080410024011010,6
080410014003022,6
080410045172014,6
080410045142004,6
080410045063018,6
080410067021002,6
080410033063012,6
080410051191032,6
080410013011004,6
080410054003014,6
080410061002005,6
080410061002006,6
080410029022008,6
080410045013016,6
080410050002003,6
080410020002028,6
080410002022007,6
080410020003021,6
080410033053001,6
080410052022009,6
080410014003044,6
080410046031061,6
080410011042036,6
080410013012007,6
080410051232007,6
080410055011000,6
080410051232031,6
080410007003013,6
080410050001000,6
080410028023012,6
080410049022015,6
080410021011045,6
080410046011021,6
080410015001011,6
080410045181029,6
080410020003013,6
080410045193007,6
080410016001013,6
080410033051030,6
080410013024007,6
080410044051002,6
080410001021013,6
080410041003008,6
080410019011018,6
080410030012004,6
080410042001012,6
080410020002027,6
080410007001018,6
080410053004010,6
080410046023057,6
080410001032008,6
080410024022029,6
080410045173005,6
080410033033006,6
080410015001001,6
080410033034003,6
080410028022031,6
080410063012001,6
080410018001001,6
080410062001016,6
080410003012014,6
080410064001010,6
080410067022006,6
080410051221000,6
080410005001026,6
080410007002030,6
080410045011025,6
080410053003011,6
080410045151026,6
080410042003009,6
080410051221010,6
080410006003022,6
080410051251015,6
080410056021000,6
080410055021026,6
080410066002007,6
080410040091017,6
080410023001029,6
080410045133012,6
080410051252037,6
080410045194016,6
080410051123002,6
080410046033067,6
080410013021007,6
080410067011017,6
080410045012032,6
080410042003007,6
080410033031006,6
080410029012016,6
080410058001012,6
080410046021046,6
080410033032001,6
080410061002017,6
080410001042014,6
080410044022038,6
080410051252024,6
080410013024011,6
080410067022028,6
080410060004014,6
080410011011015,6
080410066002004,6
080410020001016,6
080410033052004,6
080410051181022,6
080410045022038,6
080410030012014,6
080410039102001,6
080410045133002,6
080410001021014,6
080410046032013,6
080410046033078,6
080410024012006,6
080410020002018,6
080410019022003,6
080410045013005,6
080410024012014,6
080410043001020,6
080410046021017,6
080410015001003,6
080410045073010,6
080410033031008,6
080410052022008,6
080410039102033,6
080410051152008,6
080410051182009,6
080410024011011,6
080410018002001,6
080410005002026,6
080410025011013,6
080410033063007,6
080410052011001,6
080410019012056,6
080410015001025,6
080410054003013,6
080410051221006,6
080410014003010,6
080410050003009,6
080410008002018,6
080410045191002,6
080410014003001,6
080410045061019,6
080410024011016,6
080410051103006,6
080410021023003,6
080410028011016,6
080410006003032,6
080410020001003,6
080410033081004,6
080410004003002,6
080410010003033,6
080410050001013,6
080410063023007,6
080410063013016,6
080410009002022,6
080410013022010,6
080410046011033,6
080410043004006,6
080410067011021,6
080410024012005,6
080410001043006,6
080410045172039,6
080410045182000,6
080410040091006,6
080410033034009,6
080410044022006,6
080410023002045,6
080410025024001,6
080410033051024,6
080410021011024,6
080410055012025,6
080410019011010,6
080410008003032,6
080410046012007,6
080410066002020,6
080410051223000,6
080410051123004,6
080410046012037,6
080410019011004,6
080410054003000,6
080410051141016,6
080410014003020,6
080410064004010,6
080410046012028,6
080410058001004,6
080410031004002,6
080410004001004,6
080410041004008,6
080410065011015,6
080410045011011,6
080410016001006,6
080410045073012,6
080410051171010,6
080410065022020,6
080410053004012,6
080410014002022,6
080410015002023,6
080410023002005,6
080410055022011,6
080410057004001,6
080410003011023,6
080410046011028,6
080410064004017,6
080410051224018,6
080410065022015,6
080410064001035,6
080410001032009,6
080410045021038,6
080410060001000,6
080410067022000,6
080410016002018,6
080410046011007,6
080410027002002,6
080410024021020,6
080410045152036,6
080410044041005,6
080410018001039,6
080410041004015,6
080410023002031,6
080410033052002,6
080410020003025,6
080410001042011,6
080410023001019,6
080410061002013,6
080410018001033,6
080410014003054,6
080410011042022,6
080410045193004,6
080410030011004,6
080410045172033,6
080410005002035,6
080410046022004,6
080410016002020,6
080410043002001,6
080410051161008,6
080410029021016,6
080410045013000,6
080410051163008,6
080410034011061,6
080410004001015,6
080410045162000,6
080410030011029,6
080410055021033,6
080410008001002,6
080410062003022,6
080410025012007,6
080410045132006,6
080410007001004,6
080410050001026,6
080410013013015,6
080410028022004,6
080410018002015,6
080410051163011,6
080410006001009,6
080410045022028,6
080410025013017,6
080410004002004,6
080410051252010,6
080410029012007,6
080410045172007,6
080410023001044,6
080410031004008,6
080410059002013,6
080410024022012,6
080410014003057,6
080410046011008,6
080410051251040,6
080410014001030,6
080410045181036,6
080410046011036,6
080410063023012,6
080410050003002,6
080410051172010,6
080410051241011,6
080410031003011,6
080410045021032,6
080410031001017,6
080410067011035,6
080410044051006,6
080410028021033,6
080410027003027,6
080410046033010,6
080410046021031,6
080410018002003,6
080410051182006,6
080410020002007,6
080410045021009,6
080410028011021,6
080410031001005,6
080410051241003,6
080410039102047,6
080410033033007,6
080410046011041,6
080410066002003,6
080410051192023,6
080410006002024,6
080410011042025,6
080410051192015,6
080410019012015,6
080410058001011,6
080410066002011,6
080410045064003,6
080410023001048,6
080410039102057,6
080410028012016,6
080410011042008,6
080410028022034,6
080410046021061,6
080410030021001,6
080410046031005,6
080410058003000,6
080410034011063,6
080410028024017,6
080410051221027,6
080410015002016,6
080410011011023,6
080410059001015,6
080410056021010,6
080410008003029,6
080410051232049,6
080410019011022,6
080410008003012,6
080410051102005,6
080410004001018,6
080410051183000,6
080410051251047,6
080410040082033,6
080410045022024,6
080410051131006,6
080410023001049,6
080410013012013,6
080410051153006,6
080410033084008,6
080410062002015,6
080410051192005,6
080410063023003,6
080410049012021,6
080410055021000,6
080410016001009,6
080410055024002,6
080410046021064,6
080410044041001,6
080410051223007,6
080410051191022,6
080410028023015,6
080410044062008,6
080410030022003,6
080410040081008,6
080410059003002,6
080410059002005,6
080410011011016,6
080410029014006,6
080410046032002,6
080410013013028,6
080410049011016,6
080410065024009,6
080410065012002,6
080410045022018,6
080410045181006,6
080410028022030,6
080410060004019,6
080410011011035,6
080410045011044,6
080410041004003,6
080410019012027,6
080410033033016,6
080410044061005,6
080410044052008,6
080410051161005,6
080410055022013,6
080410009001027,6
080410062002009,6
080410052022013,6
080410051252030,6
080410027001021,6
080410018002029,6
080410045174006,6
080410045191011,6
080410060001004,6
080410065011003,6
080410051181007,6
080410001023010,6
080410010001016,6
080410045182026,6
080410051151033,6
080410045151031,6
080410056023004,6
080410045142009,6
080410064002018,6
080410062002008,6
080410023001042,6
080410010002036,6
080410051132012,6
080410029013001,6
080410045172032,6
080410021012001,6
080410028021001,6
080410045171003,6
080410011011004,6
080410060001014,6
080410045021029,6
080410040091013,6
080410055021024,6
080410001021000,6
080410051101008,6
080410045151003,6
080410051221071,6
080410050002009,6
080410060003010,6
080410011012021,6
080410051181012,6
080410045174018,6
080410030022015,6
080410031005007,6
080410019012007,6
080410002024009,6
080410021011031,6
080410045182032,6
080410045162005,6
080410060004008,6
080410025023003,6
080410006003028,6
080410034011093,6
080410019011028,6
080410050003010,6
080410015002010,6
080410051221076,6
080410051251046,6
080410028022022,6
080410023002003,6
080410045191034,6
080410011041005,6
080410003012016,6
080410051232001,6
080410013011029,6
080410045011015,6
080410011011010,6
080410044062010,6
080410030011031,6
080410001023002,6
080410051101011,6
080410065023008,6
080410045022034,6
080410051191006,6
080410055012024,6
080410020003015,6
080410051191007,6
080410039102021,6
080410051203004,6
080410021011025,6
080410045162018,6
080410046031036,6
080410007001006,6
080410051101000,6
080410059002006,6
080410046031040,6
080410045012026,6
080410051191018,6
080410008001008,6
080410003013013,6
080410053003004,6
080410051224004,6
080410008002010,6
080410050004014,6
080410031003018,6
080410056011006,6
080410051232052,6
080410002024020,6
080410045012051,6
080410062003006,6
080410010001004,6
080410063013020,6
080410059004005,6
080410033084020,6
080410044021007,6
080410010001012,6
080410005002015,6
080410066002024,6
080410067011011,6
080410051252026,6
080410046022034,6
080410050001014,6
080410045192000,6
080410031005000,6
080410018002028,6
080410051132006,6
080410034011059,6
080410045021037,6
080410059005016,6
080410034011065,6
080410023001041,6
080410045194002,6
080410051121000,6
080410025013006,6
080410031004000,6
080410051192017,6
080410011042020,6
080410007003011,6
080410033063014,6
080410046023037,6
080410028012014,6
080410059003014,6
080410045023027,6
080410014002008,6
080410015002024,6
080410045191022,6
080410022003031,6
080410051224010,6
080410045151032,6
080410049022011,6
080410060002011,6
080410001021006,6
080410046023003,6
080410001023016,6
080410056022001,6
080410053001004,6
080410046021022,6
080410046022038,6
080410051181001,6
080410043001019,6
080410046033066,6
080410023001011,6
080410011042001,6
080410029012009,6
080410015002030,6
080410045012007,6
080410025013004,6
080410067022041,6
080410051141003,6
080410001042012,6
080410002024017,6
080410041004010,6
080410046032011,6
080410051241008,6
080410045063015,6
080410046033008,6
080410028022028,6
080410008002016,6
080410045181014,6
080410001041000,6
080410045061013,6
080410002021003,6
080410023002032,6
080410013024020,6
080410010003004,6
080410014003041,6
080410045062003,6
080410046022008,6
080410046022057,6
080410064002014,6
080410049011003,6
080410021011006,6
080410040081048,6
080410009002021,6
080410002024008,6
080410002024002,6
080410013011012,6
080410050001027,6
080410062001007,6
080410004002012,6
080410031006000,6
080410045171009,6
080410021021004,6
080410065024007,6
080410029021014,6
080410031003008,6
080410021022017,6
080410004002017,6
080410044053000,6
080410019012034,6
080410044062002,6
080410051242000,6
080410045152040,6
080410030011021,6
080410046022088,6
080410045191005,6
080410021012004,6
080410021011052,6
080410015002013,6
080410046023041,6
080410046033015,6
080410002031006,6
080410015002012,6
080410024022004,6
080410025021009,6
080410065023032,6
080410016001014,6
080410044023028,6
080410045073020,6
080410051222021,6
080410008003019,6
080410003011022,6
080410024011001,6
080410046021062,6
080410046021049,6
080410065011016,6
080410045133003,6
080410044023033,6
080410030022011,6
080410045012002,6
080410060002013,6
080410033034006,6
080410023002027,6
080410024021000,6
080410045061005,6
080410004002018,6
080410002022006,6
080410028021008,6
080410046022037,6
080410021023005,6
080410018002004,6
080410045022031,6
080410018001010,6
080410027001036,6
080410051171027,6
080410005001003,6
080410054001011,6
080410046021010,6
080410040081036,6
080410025024003,6
080410046023047,6
080410046032016,6
080410002024006,6
080410051252028,6
080410018001000,6
080410051182002,6
080410065024005,6
080410011042005,6
080410045073022,6
080410051162006,6
080410039122007,6
080410004003027,6
080410039122005,6
080410043003013,6
080410067021010,6
080410065012018,6
080410040082035,6
080410059003019,6
080410013024013,6
080410053002008,6
080410046031052,6
080410025024009,6
080410051101018,6
080410046021042,6
080410046033065,6
080410045174020,6
080410046021000,6
080410021013002,6
080410051162014,6
080410011042011,6
080410031004025,6
080410022003007,6
080410021012006,6
080410045181000,6
080410045171008,6
080410033031013,6
080410022002014,6
080410065011018,6
080410015001004,6
080410013011023,6
080410049011015,6
080410021011019,6
080410029011002,6
080410061002009,6
080410045202004,6
080410014003046,6
080410045073016,6
080410045162003,6
080410041002001,6
080410016001017,6
080410045181017,6
080410007002015,6
080410006002026,6
080410028021030,6
080410050003015,6
080410046011031,6
080410025011021,6
080410046033027,6
080410002024014,6
080410007003009,6
080410007003018,6
080410044022029,6
080410051141011,6
080410018001047,6
080410033054007,6
080410054002007,6
080410019011002,6
080410017001010,6
080410029012005,6
080410023002009,6
080410031005014,6
080410065022009,6
080410051223020,6
080410021012002,6
080410045021034,6
080410008003024,6
080410017001004,6
080410019012058,6
080410051131008,6
080410011012013,6
080410024013016,6
080410051232024,6
080410011012012,6
080410051232045,6
080410039101026,6
080410027001022,6
080410064001025,6
080410040081027,6
080410045013032,6
080410051171020,6
080410004003017,6
080410045174002,6
080410010002027,6
080410044052006,6
080410013022002,6
080410043004000,6
080410023002024,6
080410051151025,6
080410040081018,6
080410014001003,6
080410005001019,6
080410030021005,6
080410027002013,6
080410051151024,6
080410051103007,6
080410051123016,6
080410057004004,6
080410004003034,6
080410040082061,6
080410051242017,6
080410063011014,6
080410064001021,6
080410003012000,6
080410033051007,6
080410006001002,6
080410041003004,6
080410055011006,6
080410063012000,6
080410028024005,6
080410044061000,6
080410056022002,6
080410007003025,6
080410045162010,6
080410056022003,6
080410015001026,6
080410018001004,6
080410029022007,6
080410004003037,6
080410046031028,6
080410060003012,6
080410045011040,6
080410024022021,6
080410051191003,6
080410025024008,6
080410045073023,6
080410005002042,6
080410028011013,6
080410064002013,6
080410051241015,6
080410051103001,6
080410008002000,6
080410045142014,6
080410021013020,6
080410044052020,6
080410039101015,6
080410051171018,6
080410002022005,6
080410065023034,6
080410019011009,6
080410045142013,6
080410003013021,6
080410051152012,6
080410042002005,6
080410046032010,6
080410019021002,6
080410060003000,6
080410045142017,6
080410040081017,6
080410007001007,6
080410051231010,6
080410060003005,6
080410051231023,6
080410040082060,6
080410011011017,6
080410001022022,6
080410065023026,6
080410031003009,6
080410046033000,6
080410056011008,6
080410051172000,6
080410033032017,6
080410033032018,6
080410042003023,6
080410039122006,6
080410046023035,6
080410067022039,6
080410064002007,6
080410065022017,6
080410010001029,6
080410019011011,6
080410051171021,6
080410024012000,6
080410006001004,6
080410045141006,6
080410019011008,6
080410045063009,6
080410051181018,6
080410046023061,6
080410005002001,6
080410045011022,6
080410027002011,6
080410045191020,6
080410040091016,6
080410004002006,6
080410062003002,6
080410059003022,6
080410055022000,6
080410018001031,6
080410044061011,6
080410044042000,6
080410049012002,6
080410046033059,6
080410045162012,6
080410003011006,6
080410057004022,6
080410023002049,6
080410014003025,6
080410005001007,6
080410007002008,6
080410014001038,6
080410040091008,6
080410046031051,6
080410017002011,6
080410021021008,6
080410009001042,6
080410040082062,6
080410045011033,6
080410045171000,6
080410046021025,6
080410021023007,6
080410056023006,6
080410039102041,6
080410045011032,6
080410028022037,6
080410029022010,6
080410045201007,6
080410044052021,6
080410049011011,6
080410031003005,6
080410028022059,6
080410040082059,6
080410045193022,6
080410020003039,6
080410027003030,6
080410028024009,6
080410028023016,6
080410009002002,6
080410039102055,6
080410067022016,6
080410044023026,6
080410034011067,6
080410055012013,6
080410044042007,6
080410046022035,6
080410028022053,6
080410025012013,6
080410028022019,6
080410034011077,6
080410065023000,6
080410044022014,6
080410008003014,6
080410044053002,6
080410046032007,6
080410044023005,6
080410045141007,6
080410028022042,6
080410022003020,6
080410064003013,6
080410027001010,6
080410008002012,6
080410028024006,6
080410033032016,6
080410054003008,6
080410067021001,6
080410051191005,6
080410010003017,6
080410045132030,6
080410046021035,6
080410029012012,6
080410024022011,6
080410025023005,6
080410009001018,6
080410013024001,6
080410005002034,6
080410004002013,6
080410054002013,6
080410051213014,6
080410045022033,6
080410027002000,6
080410033051013,6
080410040082042,6
080410065011006,6
080410044021009,6
080410046023066,6
080410011042019,6
080410007002023,6
080410004001003,6
080410001022008,6
080410011012020,6
080410045013008,6
080410051151018,6
080410051102008,6
080410001023009,6
080410067011019,6
080410027003023,6
080410028011011,6
080410055013006,6
080410018001026,6
080410001023001,6
080410022003004,6
080410014001007,6
080410030012017,6
080410062001010,6
080410033031001,6
080410020003024,6
080410020002024,6
080410051102001,6
080410025023000,6
080410033062021,6
080410051191014,6
080410024012025,6
080410066002015,6
080410051222008,6
080410015002027,6
080410054001010,6
080410007002028,6
080410028022050,6
080410040082018,6
080410033063000,6
080410029021012,6
080410042002016,6
080410033062001,6
080410039102058,6
080410045193000,6
080410046033058,6
080410011011005,6
080410011041016,6
080410020004012,6
080410040082064,6
080410022003010,6
080410056023002,6
080410015002032,6
080410044052010,6
080410051191035,6
080410065011011,6
080410033032027,6
080410029014008,6
080410021013000,6
080410059003009,6
080410044022031,6
080410043003026,6
080410009001026,6
080410009001010,6
080410008002005,6
080410003013003,6
080410057004006,6
080410021013023,6
080410020003011,6
080410055022006,6
080410059004004,6
080410009001019,6
080410033072004,6
080410042003014,6
080410054002012,6
080410017002000,6
080410051221069,6
080410025012010,6
080410051232017,6
080410025011022,6
080410051252008,6
080410051192011,6
080410030022016,6
080410060003018,6
080410033052008,6
080410011011029,6
080410024021003,6
080410021023008,6
080410007002029,6
080410045063001,6
080410051153009,6
080410002031007,6
080410008003022,6
080410051242021,6
080410039122023,6
080410046031009,6
080410052013001,6
080410033051012,6
080410016002002,6
080410004003001,6
080410028023008,6
080410031006005,6
080410051201003,6
080410010003025,6
080410051121004,6
080410052022003,6
080410063012016,6
080410045191004,6
080410051161012,6
080410033033021,6
080410045013026,6
080410046031011,6
080410042001010,6
080410065024016,6
080410011041017,6
080410045183018,6
080410045181007,6
080410001022012,6
080410022002004,6
080410045022036,6
080410009001039,6
080410001031008,6
080410015001024,6
080410003013006,6
080410055011013,6
080410051181002,6
080410045141001,6
080410052022014,6
080410041002007,6
080410001021008,6
080410063013007,6
080410001023015,6
080410065011002,6
080410013013011,6
080410051203008,6
080410045012047,6
080410046031042,6
080410001022004,6
080410002024003,6
080410010002019,6
080410051221047,6
080410064001027,6
080410043001009,6
080410033054010,6
080410028022041,6
080410002031024,6
080410007001031,6
080410057002013,6
080410051252038,6
080410045192009,6
080410033053005,6
080410006003004,6
080410051231009,6
080410033054005,6
080410045061002,6
080410033063019,6
080410051242009,6
080410044041003,6
080410002023004,6
080410044021001,6
080410062002018,6
080410022003013,6
080410045132016,6
080410044031000,6
080410051251020,6
080410008002020,6
080410046033025,6
080410046012024,6
080410044023007,6
080410029011004,6
080410044023029,6
080410051222011,6
080410021011050,6
080410045022021,6
080410064001014,6
080410027001033,6
080410045013018,6
080410021022013,6
080410045191032,6
080410031004019,6
080410067011032,6
080410046023030,6
080410013021001,6
080410013021006,6
080410006002002,6
080410030022006,6
080410062003000,6
080410044022011,6
080410025023001,6
080410046021001,6
080410059003020,6
080410013013014,6
080410003013011,6
080410051222013,6
080410025011016,6
080410046032021,6
080410056011002,6
080410045122018,6
080410045162004,6
080410023002004,6
080410046012011,6
080410031002005,6
080410005001011,6
080410021022000,6
080410063013001,6
080410051232023,6
080410051241000,6
080410041002004,6
080410030011024,6
080410065024003,6
080410004002011,6
080410019011013,6
080410045073000,6
080410059005010,6
080410031005004,6
080410028024020,6
080410059003015,6
080410051162002,6
080410013011025,6
080410043003012,6
080410028022046,6
080410051151000,6
080410002021006,6
080410045121004,6
080410058001007,6
080410027002009,6
080410018001019,6
080410019011005,6
080410024022014,6
080410011012004,6
080410033033005,6
080410057003000,6
080410033032005,6
080410042003005,6
080410060003011,6
080410055021027,6
080410043003028,6
080410045141004,6
080410043001010,6
080410045061007,6
080410045022023,6
080410043002006,6
080410013024008,6
080410039101010,6
080410019012009,6
080410001021010,6
080410040082044,6
080410064004008,6
080410024012008,6
080410024021015,6
080410018002002,6
080410025023007,6
080410023001046,6
080410029013000,6
080410039101009,6
080410055012008,6
080410042003027,6
080410028024004,6
080410003011021,6
080410003012022,6
080410067022043,6
080410044022034,6
080410045151006,6
080410033073007,6
080410051102007,6
080410051251039,6
080410051221037,6
080410039102000,6
080410045191013,6
080410028022032,6
080410051141019,6
080410007002013,6
080410033062000,6
080410051232018,6
080410056011015,6
080410007002014,6
080410067022018,6
080410024012015,6
080410027001023,6
080410033052005,6
080410067022002,6
080410045012025,6
080410044061013,6
080410051223004,6
080410044021015,6
080410044051005,6
080410051172014,6
080410055011009,6
080410057003012,6
080410027003010,6
080410059003005,6
080410045132034,6
080410014003051,6
080410051202020,6
080410040081043,6
080410051191033,6
080410051151019,6
080410025011007,6
080410057002011,6
080410042001003,6
080410051181027,6
080410033032004,6
080410044022023,6
080410030011015,6
080410011012027,6
080410013011001,6
080410051224024,6
080410058001001,6
080410065023030,6
080410046021021,6
080410050003011,6
080410042003021,6
080410045181009,6
080410046023039,6
080410021011032,6
080410003011001,6
080410051232027,6
080410025013011,6
080410006003013,6
080410051223001,6
080410051123013,6
080410033081005,6
080410006002004,6
080410046023025,6
080410044022000,6
080410045012010,6
080410064001019,6
080410045132018,6
080410009001016,6
080410046022040,6
080410015001010,6
080410001042002,6
080410030021018,6
080410045162015,6
080410016002012,6
080410045023026,6
080410045073001,6
080410003012017,6
080410059003011,6
080410051231008,6
080410044023013,6
080410065011004,6
080410043003022,6
080410063021012,6
080410059001014,6
080410018001021,6
080410055024003,6
080410046022070,6
080410033084014,6
080410046022053,6
080410025013001,6
080410063013010,6
080410020002030,6
080410010002020,6
080410028011015,6
080410046022027,6
080410013012009,6
080410016001016,6
080410051141004,6
080410028021031,6
080410063013004,6
080410046011049,6
080410024022015,6
080410034011060,6
080410054001003,6
080410051221026,6
080410067022042,6
080410053001007,6
080410051224006,6
080410004002022,6
080410021012015,6
080410055021019,6
080410046032022,6
080410002024004,6
080410044052000,6
080410039102019,6
080410045023023,6
080410003013020,6
080410045071002,6
080410030011018,6
080410005002013,6
080410008001005,6
080410039102010,6
080410009001014,6
080410046022025,6
080410045122014,6
080410066002021,6
080410051221065,6
080410034011072,6
080410045133001,6
080410043002021,6
080410065022004,6
080410051102003,6
080410025011015,6
080410051201002,6
080410010002016,6
080410063011003,6
080410004003020,6
080410049011012,6
080410017001002,6
080410024012013,6
080410051223009,6
080410023002008,6
080410051221035,6
080410061002004,6
080410007002004,6
080410055021029,6
080410043001022,6
080410045182022,6
080410003013031,6
080410049011018,6
080410049012015,6
080410024022016,6
080410042002004,6
080410045073005,6
080410011042034,6
080410028021011,6
080410067022007,6
080410046022081,6
080410028022014,6
080410039101002,6
080410045151013,6
080410001031002,6
080410065022008,6
080410051172018,6
080410011042039,6
080410046031029,6
080410051162013,6
080410003012001,6
080410045162025,6
080410023001025,6
080410064004002,6
080410030012001,6
080410058002004,6
080410044042003,6
080410003012020,6
080410018001007,6
080410033071004,6
080410024013008,6
080410065023023,6
080410028021022,6
080410028024018,6
080410051222023,6
080410046023015,6
080410054004002,6
080410046022071,6
080410051172002,6
080410051201006,6
080410051224000,6
080410051224005,6
080410046021075,6
080410028022043,6
080410051101006,6
080410045183000,6
080410051222015,6
080410050002001,6
080410051141028,6
080410023002033,6
080410015002009,6
080410002021005,6
080410045132021,6
080410010002006,6
080410014003021,6
080410045172012,6
080410045022013,6
080410045192010,6
080410045131000,6
080410056012009,6
080410020002036,6
080410015002022,6
080410007001024,6
080410045182010,6
080410024022034,6
080410033083001,6
080410028022011,6
080410051221061,6
080410051231000,6
080410051171028,6
080410028022026,6
080410027001001,6
080410067021032,6
080410045012030,6
080410063022008,6
080410045012021,6
080410051181017,6
080410046022069,6
080410045022030,6
080410051101014,6
080410051223015,6
080410004003033,6
080410051141021,6
080410054003007,6
080410019011006,6
080410010002035,6
080410045021042,6
080410043002016,6
080410013011002,6
080410051252034,6
080410046021048,6
080410051232000,6
080410063011019,6
080410001021004,6
080410051192021,6
080410046033007,6
080410021022018,6
080410028012015,6
080410042002013,6
080410023001021,6
080410033084012,6
080410007002011,6
080410027001029,6
080410045152043,6
080410051221060,6
080410030021017,6
080410003011016,6
080410042002015,6
080410052022016,6
080410045191026,6
080410058003010,6
080410045183005,6
080410051123014,6
080410021013021,6
080410051251019,6
080410051251029,6
080410046033028,6
080410023002000,6
080410008003002,6
080410060003009,6
080410031005009,6
080410045122013,6
080410017002016,6
080410046011032,6
080410051192024,6
080410016002001,6
080410051151008,6
080410045181021,6
080410064004006,6
080410005002028,6
080410045064000,6
080410052012007,6
080410049012004,6
080410028022055,6
080410007002003,6
080410045161020,6
080410057003014,6
080410025022001,6
080410051232044,6
080410041004009,6
080410014001026,6
080410065024014,6
080410039102016,6
080410046012023,6
080410041004001,6
080410030011009,6
080410001031010,6
080410011012001,6
080410040091004,6
080410045133006,6
080410055012023,6
080410051251023,6
080410067021021,6
080410051221038,6
080410045152028,6
080410046021016,6
080410045162020,6
080410025011012,6
080410066002019,6
080410043002022,6
080410019012000,6
080410050001002,6
080410018001034,6
080410008002004,6
080410045131003,6
080410011042033,6
080410008003007,6
080410021021002,6
080410033082007,6
080410039101014,6
080410030011023,6
080410011012005,6
080410054004009,6
080410045062002,6
080410033054009,6
080410046031058,6
080410050003014,6
080410051224017,6
080410046031046,6
080410046022076,6
080410051101003,6
080410058002002,6
080410051202019,6
080410001031004,6
080410014002029,6
080410029012003,6
080410059004011,6
080410045133010,6
080410045013010,6
080410055011021,6
080410018001002,6
080410020003019,6
080410045061011,6
080410044041012,6
080410055021004,6
080410011011000,6
080410024013014,6
080410006001008,6
080410067021028,6
080410051223008,6
080410006001000,6
080410065023015,6
080410011042032,6
080410020003035,6
080410064001030,6
080410043004003,6
080410021011003,6
080410031004007,6
080410015002031,6
080410046021088,6
080410021011004,6
080410033082012,6
080410060004012,6
080410024021024,6
080410021022009,6
080410062001005,6
080410019012037,6
080410020004004,6
080410054001007,6
080410062002003,6
080410045152022,6
080410023001012,6
080410044022005,6
080410043003001,6
080410051221031,6
080410027001006,6
080410015002035,6
080410045182005,6
080410046022078,6
080410045142010,6
080410061002000,6
080410046021089,6
080410055011012,6
080410040081002,6
080410051123017,6
080410003011020,6
080410045023010,6
080410059003001,6
080410027001032,6
080410051232013,6
080410022003028,6
080410001023020,6
080410019012043,6
080410028022007,6
080410045071005,6
080410010002000,6
080410015001034,6
080410051153000,6
080410046031031,6
080410046033056,6
080410051171025,6
080410005002023,6
080410051183017,6
080410028011012,6
080410044023032,6
080410050001016,6
080410045012022,6
080410051141012,6
080410039102003,6
080410055022005,6
080410013011013,6
080410042002001,6
080410067022032,6
080410050001018,6
080410013013017,6
080410031002002,6
080410045021020,6
080410046022047,6
080410031003025,6
080410044022013,6
080410051232002,6
080410020002038,6
080410051151021,6
080410040091005,6
080410028022035,6
080410027001018,6
080410018001029,6
080410008003011,6
080410033032014,6
080410030021024,6
080410051231013,6
080410064001037,6
080410011042028,6
080410059002014,6
080410023002029,6
080410044023011,6
080410031004009,6
080410046031047,6
080410002023009,6
080410002023006,6
080410010001005,6
080410051102006,6
080410021021001,6
080410046022016,6
080410027001020,6
080410051251022,6
080410029012002,6
080410028011023,6
080410057002001,6
080410061002014,6
080410044022010,6
080410051252033,6
080410051203009,6
080410055011002,6
080410024022027,6
080410027001025,6
080410030011026,6
080410063013012,6
080410051224026,6
080410009002006,6
080410031003010,6
080410022003019,6
080410054001000,6
080410046033039,6
080410046021032,6
080410044031016,6
080410055011010,6
080410013013018,6
080410002023003,6
080410052022012,6
080410046023027,6
080410045023024,6
080410029014002,6
080410056012006,6
080410045012012,6
080410028011007,6
080410002031038,6
080410016002004,6
080410029012008,6
080410053002005,6
080410007001027,6
080410013013012,6
080410040081023,6
080410044023008,6
080410051172001,6
080410046031053,6
080410005002000,6
080410001023017,6
080410043001021,6
080410025013010,6
080410005001018,6
080410066003012,6
080410067022009,6
080410025023004,6
080410052022001,6
080410008002008,6
080410051152014,6
080410017002004,6
080410054002006,6
080410051161009,6
080410046022003,6
080410023002021,6
080410043004001,6
080410033063002,6
080410065022006,6
080410045152034,6
080410046021085,6
080410055012002,6
080410045013014,6
080410051101009,6
080410041001016,6
080410045171001,6
080410045151005,6
080410028021019,6
080410040082068,6
080410045021002,6
080410055012001,6
080410033084009,6
080410031005001,6
080410045122017,6
080410045152020,6
080410013013006,6
080410041003001,6
080410053003002,6
080410051232053,6
080410004002000,6
080410044052017,6
080410019012002,6
080410034011071,6
080410029011013,6
080410055024000,6
080410045193002,6
080410051251021,6
080410030011016,6
080410056012019,6
080410045013023,6
080410044061010,6
080410065012006,6
080410013022003,6
080410031003016,6
080410052014004,6
080410046033060,6
080410019012040,6
080410014001036,6
080410049011004,6
080410007001000,6
080410014001010,6
080410051122004,6
080410065023022,6
080410049022018,6
080410029013008,6
080410021021010,6
080410041003010,6
080410007002031,6
080410044052012,6
080410046022077,6
080410024022002,6
080410051163012,6
080410052011005,6
080410006002001,6
080410045162002,6
080410024022024,6
080410046021057,6
080410018002010,6
080410055012010,6
080410057001005,6
080410055022009,6
080410025013003,6
080410002024012,6
080410051221068,6
080410055011001,6
080410034011064,6
080410031003003,6
080410045171016,6
080410059001003,6
080410051163000,6
080410013012018,6
080410040081054,6
080410033032023,6
080410021011011,6
080410046011047,6
080410050004003,6
080410045142003,6
080410024012023,6
080410002024015,6
080410046022083,6
080410044061001,6
080410019012046,6
080410046021069,6
080410045151030,6
080410027003013,6
080410044061002,6
080410001021016,6
080410065022000,6
080410052022007,6
080410045151022,6
080410031006013,6
080410011041019,6
080410046011015,6
080410051151007,6
080410018002033,6
080410001022020,6
080410051213017,6
080410059004014,6
080410018002018,6
080410046032009,6
080410046012032,6
080410029021006,6
080410045131017,6
080410040081052,6
080410060002008,6
080410045132014,6
080410051201007,6
080410056012016,6
080410052022000,6
080410042003004,6
080410009001002,6
080410051171011,6
080410049012012,6
080410046022015,6
080410051153008,6
080410022003003,6
080410015002004,6
080410016001021,6
080410028022058,6
080410030011000,6
080410063012009,6
080410004002005,6
080410016002016,6
080410014001039,6
080410014002010,6
080410051101012,6
080410041001009,6
080410045071003,6
080410051121006,6
080410053002000,6
080410051224014,6
080410029013013,6
080410051242007,6
080410043003017,6
080410027001017,6
080410051252023,6
080410058001002,6
080410019012011,6
080410002031021,6
080410011011028,6
080410021012008,6
080410004001012,6
080410045162023,6
080410051101019,6
080410028023005,6
080410065012013,6
080410045132003,6
080410062002006,6
080410051203002,6
080410031006014,6
080410040081009,6
080410045181012,6
080410064004007,6
080410051201012,6
080410014003029,6
080410051181024,6
080410045133005,6
080410011011018,6
080410045174012,6
080410025021001,6
080410004003004,6
080410063011016,6
080410024022030,6
080410019012021,6
080410056021012,6
080410065023006,6
080410057001000,6
080410025013029,6
080410033081002,6
080410040082016,6
080410057002015,6
080410004001001,6
080410067021013,6
080410011041015,6
080410007003014,6
080410065022003,6
080410022001015,6
080410025022002,6
080410041003000,6
080410022003001,6
080410025011027,6
080410064003002,6
080410013021010,6
080410019011016,6
080410007002010,6
080410020003018,6
080410051251034,6
080410062003013,6
080410051132010,6
080410028022024,6
080410001021017,6
080410003012003,6
080410064001007,6
080410065022012,6
080410051231021,6
080410051103013,6
080410029014009,6
080410046033083,6
080410056012005,6
080410061001010,6
080410051232030,6
080410042003010,6
080410002022001,6
080410027002017,6
080410051223002,6
080410003013014,6
080410057002009,6
080410046021082,6
080410040082037,6
080410013011016,6
080410065023028,6
080410055022004,6
080410045062005,6
080410041001012,6
080410030011025,6
080410051141013,6
080410045181027,6
080410045174015,6
080410045172020,6
080410046011022,6
080410046022013,6
080410045193003,6
080410051103004,6
080410051101017,6
080410020001006,6
080410039102060,6
080410040082015,6
080410042001014,6
080410049012019,6
080410028022023,6
080410046031026,6
080410034011066,6
080410033084022,6
080410051132000,6
080410067011020,6
080410016001018,6
080410009001001,6
080410045151021,6
080410045073002,6
080410025024017,6
080410046032001,6
080410033054004,6
080410020004002,6
080410045013020,6
080410009002024,6
080410041001011,6
080410053001003,6
080410045192007,6
080410031004001,6
080410033084019,6
080410051141005,6
080410051221001,6
080410041001006,6
080410033031007,6
080410041001000,6
080410046033055,6
080410039102063,6
080410050002004,6
080410007003012,6
080410020002013,6
080410051171026,6
080410013021000,6
080410051123006,6
080410067022025,6
080410009001029,6
080410042003001,6
080410060002012,6
080410013013023,6
080410064003011,6
080410046012025,6
080410033083005,6
080410020004010,6
080410054004004,6
080410021024013,6
080410008001013,6
080410008003009,6
080410033062003,6
080410051123015,6
080410059003018,6
080410022003030,6
080410045011003,6
080410050003007,6
080410066002006,6
080410051223026,6
080410005002016,6
080410060003015,6
080410062001002,6
080410051123001,6
080410046033020,6
080410015002028,6
080410045193014,6
080410021022007,6
080410003011002,6
080410066003013,6
080410046021034,6
080410051101021,6
080410002031039,6
080410046022060,6
080410051181023,6
080410010003010,6
080410051224023,6
080410013012019,6
080410051181008,6
080410054001004,6
080410022001012,6
080410045181018,6
080410045063000,6
080410002024010,6
080410051181026,6
080410011012010,6
080410014003036,6
080410019022006,6
080410057002008,6
080410053002003,6
080410045193020,6
080410055013000,6
080410051183002,6
080410028012011,6
080410021011047,6
080410019012042,6
080410064001009,6
080410008001004,6
080410045012038,6
080410052012001,6
080410014001033,6
080410051241006,6
080410008003003,6
080410046022039,6
080410051231024,6
080410014001020,6
080410040082053,6
080410020001002,6
080410046031033,6
080410040082051,6
080410046022067,6
080410046011016,6
080410042003016,6
080410020002006,6
080410051192000,6
080410016002025,6
080410046031016,6
080410010002004,6
080410016002010,6
080410020004003,6
080410023001022,6
080410045182024,6
080410045063017,6
080410046031032,6
080410027003017,6
080410019011003,6
080410046011006,6
080410055011011,6
080410045174023,6
080410065012009,6
080410011012022,6
080410006001007,6
080410034011080,6
080410024011017,6
080410045061009,6
080410053003007,6
080410065022018,6
080410044021011,6
080410010002008,6
080410045151028,6
080410046021009,6
080410045132039,6
080410025021005,6
080410046023069,6
080410045183003,6
080410045142021,6
080410050002011,6
080410021024012,6
080410046031057,6
080410010002009,6
080410006001013,6
080410056011012,6
080410011041018,6
080410030012016,6
080410045174011,6
080410045061026,6
080410049021015,6
080410067022003,6
080410024021019,6
080410052011002,6
080410064003008,6
080410051232038,6
080410045061025,6
080410054004003,6
080410021011036,6
080410019012029,6
080410003013017,6
080410016002011,6
080410045131015,6
080410046033068,6
080410027002005,6
080410008001006,6
080410055011008,6
080410057004008,6
080410020002037,6
080410045021035,6
080410045182015,6
080410046023031,6
080410044023034,6
080410045021011,6
080410045181002,6
080410033073005,6
080410046012014,6
080410043002000,6
080410014001008,6
080410057004023,6
080410001031011,6
080410001021007,6
080410044022033,6
080410059002008,6
080410060004005,6
080410001032010,6
080410020003007,6
080410033051014,6
080410065024019,6
080410006002011,6
080410067022020,6
080410051201011,6
080410049011000,6
080410003013009,6
080410045132023,6
080410064002002,6
080410045191001,6
080410014003047,6
080410039101028,6
080410014003024,6
080410033032022,6
080410046021018,6
080410033082003,6
080410045194017,6
080410050002013,6
080410053004009,6
080410046031041,6
080410031006016,6
080410045011037,6
080410051152003,6
080410045174009,6
080410034011069,6
080410034011050,6
080410065023007,6
080410005002021,6
080410020003036,6
080410045173008,6
080410023001037,6
080410066002026,6
080410002022004,6
080410067021024,6
080410017002013,6
080410039122026,6
080410030021004,6
080410033053009,6
080410062001008,6
080410001031000,6
080410046021020,6
080410014003005,6
080410055013002,6
080410046033082,6
080410024021011,6
080410051151028,6
080410051191034,6
080410040091000,6
080410020001005,6
080410010003035,6
080410028022051,6
080410046021059,6
080410046031056,6
080410003011019,6
080410003013012,6
080410045023001,6
080410005002051,6
080410016002008,6
080410046023024,6
080410046023038,6
080410001043000,6
080410014001022,6
080410009001032,6
080410021012011,6
080410006001021,6
080410039102007,6
080410051171005,6
080410028022017,6
080410028024019,6
080410051221066,6
080410018001023,6
080410022001007,6
080410016001005,6
080410001022019,6
080410046023064,6
080410029013003,6
080410031002013,6
080410060003020,6
080410045172010,6
080410015001005,6
080410029021000,6
080410046033070,6
080410046021077,6
080410023002047,6
080410008003023,6
080410039122027,6
080410053001008,6
080410065022001,6
080410041004006,6
080410039102035,6
080410045013037,6
080410043002014,6
080410057002003,6
080410054002014,6
080410023001006,6
080410045073003,6
080410067021004,6
080410009001044,6
080410051241001,6
080410057004013,6
080410025013016,6
080410045021008,6
080410013013030,6
080410045191021,6
080410049022017,6
080410058001009,6
080410019012023,6
080410045013022,6
080410066002017,6
080410022003009,6
080410023001047,6
080410018002030,6
080410064002006,6
080410044023006,6
080410063021013,6
080410046021081,6
080410020002026,6
080410057002014,6
080410045021003,6
080410045141010,6
080410020002040,6
080410066002008,6
080410004003035,6
080410010001001,6
080410011011006,6
080410044041009,6
080410045132040,6
080410046011025,6
080410044023002,6
080410045152000,6
080410020002015,6
080410046022012,6
080410045193021,6
080410046022021,6
080410046033051,6
080410046012035,6
080410045172005,6
080410051151022,6
080410065021001,6
080410009001006,6
080410045011024,6
080410042003003,6
080410021011008,6
080410033051032,6
080410059005003,6
080410015001008,6
080410045022000,6
080410051221032,6
080410025012014,6
080410023001023,6
080410051252045,6
080410024022031,6
080410019012016,6
080410044053003,6
080410046012030,6
080410014001019,6
080410033052001,6
080410051221003,6
080410009001003,6
080410039102036,6
080410028011002,6
080410063013019,6
080410024022009,6
080410010001013,6
080410046012008,6
080410051182008,6
080410040081044,6
080410046023053,6
080410007002025,6
080410021023009,6
080410014003014,6
080410028011004,6
080410008003001,6
080410051223016,6
080410067022011,6
080410045021036,6
080410022002000,6
080410056021009,6
080410004003005,6
080410045152012,6
080410008001003,6
080410045012016,6
080410025024005,6
080410022002005,6
080410010003012,6
080410045172035,6
080410027001042,6
080410063011013,6
080410014003055,6
080410040081000,6
080410064001028,6
080410044062013,6
080410020003026,6
080410033052007,6
080410045193013,6
080410010003030,6
080410029011005,6
080410051191012,6
080410023001036,6
080410013012021,6
080410031004023,6
080410018001015,6
080410013022012,6
080410033032012,6
080410046023048,6
080410002024016,6
080410056012015,6
080410009002019,6
080410024013012,6
080410051201004,6
080410025013007,6
080410027001031,6
080410054004006,6
080410033063005,6
080410051221051,6
080410041002005,6
080410061002018,6
080410045071006,6
080410052021005,6
080410025013025,6
080410002031023,6
080410033033008,6
080410045012023,6
080410045061027,6
080410024021014,6
080410004002016,6
080410020003014,6
080410021011015,6
080410008003005,6
080410045011010,6
080410010001007,6
080410024012020,6
080410013011018,6
080410033033019,6
080410001043008,6
080410030022010,6
080410018001044,6
080410025011026,6
080410063013017,6
080410055022002,6
080410062002017,6
080410051131000,6
080410059004008,6
080410013012005,6
080410067022014,6
080410059005001,6
080410005002006,6
080410045162016,6
080410002021008,6
080410021011044,6
080410046023062,6
080410024021008,6
080410021011020,6
080410045172031,6
080410028021006,6
080410024022026,6
080410045173007,6
080410051252040,6
080410045192008,6
080410045183013,6
080410045152009,6
080410046033045,6
080410046022089,6
080410040091002,6
080410009001015,6
080410007003002,6
080410013013001,6
080410027003019,6
080410045012000,6
080410024021005,6
080410051251044,6
080410045183008,6
080410045023022,6
080410060004013,6
080410025011019,6
080410054003005,6
080410045073017,6
080410044021006,6
080410050002012,6
080410051191010,6
080410065022013,6
080410004003036,6
080410045191008,6
080410044022035,6
080410027001009,6
080410018002005,6
080410051132015,6
080410003013004,6
080410031002006,6
080410049012016,6
080410060001005,6
080410052011003,6
080410013022000,6
080410045021024,6
080410020003002,6
080410019012052,6
080410045152035,6
080410002021007,6
080410027001011,6
080410001042009,6
080410051223012,6
080410033073006,6
080410011042029,6
080410042003012,6
080410045181004,6
080410051252029,6
080410059001001,6
080410021013003,6
080410053003010,6
080410019012051,6
080410051192019,6
080410031004005,6
080410040082030,6
080410028022039,6
080410031005003,6
080410044061007,6
080410045012053,6
080410024012024,6
080410045182023,6
080410015001028,6
080410022003008,6
080410049012022,6
080410033061009,6
080410022003024,6
080410051171015,6
080410059004002,6
080410067022004,6
080410033032021,6
080410001041002,6
080410033033012,6
080410021012000,6
080410023002015,6
080410011042013,6
080410052022002,6
080410007001011,6
080410051123012,6
080410054001001,6
080410045021014,6
080410046023016,6
080410059001004,6
080410051224013,6
080410043001000,6
080410065022011,6
080410021021007,6
080410051141009,6
080410011012003,6
080410045023003,6
080410044023022,6
080410051221033,6
080410021011037,6
080410051103005,6
080410049011019,6
080410067021008,6
080410039102046,6
080410025024013,6
080410043001014,6
080410051103014,6
080410051171009,6
080410049011020,6
080410014002028,6
080410005002052,6
080410029012004,6
080410033071007,6
080410044041013,6
080410021011000,6
080410030022007,6
080410033054008,6
080410051103009,6
080410025011024,6
080410051191000,6
080410046033052,6
080410067022019,6
080410030021027,6
080410033032013,6
080410051221043,6
080410023001002,6
080410014002026,6
080310024042001,7
080310043083002,7
080310004013008,7
080310011024004,7
080310043034006,7
080310037023005,7
080310044032013,7
080310041034012,7
080310043034019,7
080310041111049,7
080310042014015,7
080310038021021,7
080050049522005,7
080310043062003,7
080310068151006,7
080310015004023,7
080050049522001,7
080310035021031,7
080310023001020,7
080310036014003,7
080310029011007,7
080310035011015,7
080310028041000,7
080310068151025,7
080310035011018,7
080310070132007,7
080310038021010,7
080310016033010,7
080310004032003,7
080310030041007,7
080310041082026,7
080310026042003,7
080310027041005,7
080310041131004,7
080310016022008,7
080310070373005,7
080310041033005,7
080310042012013,7
080310039022042,7
080310027052005,7
080310068123003,7
080310039022003,7
080310032033014,7
080310042013023,7
080310040063005,7
080310039022025,7
080310029013008,7
080310068123007,7
080310015002004,7
080310038022011,7
080310040032004,7
080310043093003,7
080310044061024,7
080310024022012,7
080310042015006,7
080310040022012,7
080310068131000,7
080310043033009,7
080310043093007,7
080310001022020,7
080310011021004,7
080310033001016,7
080310023001003,7
080050151002019,7
080310042023016,7
080310034023015,7
080310035012014,7
080310068041017,7
080310041084005,7
080310051023018,7
080310040023007,7
080310037024009,7
080310035011047,7
080310043034025,7
080310035013035,7
080310042014019,7
080310030031014,7
080310036012000,7
080310040061006,7
080310050031014,7
080310004031005,7
080310041022008,7
080310011021000,7
080310032023002,7
080310051023008,7
080310027042001,7
080310029011002,7
080310039022008,7
080310035022010,7
080310068182002,7
080310037013003,7
080310028025003,7
080310053001034,7
080310041035000,7
080310039011005,7
080310034022031,7
080310029023010,7
080310041112083,7
080310041131022,7
080310015001003,7
080319802001004,7
080310029023007,7
080310029022009,7
080310041043021,7
080310020002001,7
080310041083014,7
080310037031017,7
080310031024011,7
080310033003009,7
080310017072024,7
080310041014031,7
080310039023012,7
080310029014009,7
080310043101032,7
080310040032005,7
080310050012001,7
080310044073000,7
080310004013002,7
080310043102016,7
080310024051002,7
080310011023013,7
080310043034005,7
080310036034006,7
080310043032049,7
080310068184002,7
080310002011003,7
080310044062020,7
080310028021007,7
080310051023019,7
080310023001018,7
080310042021018,7
080310044071029,7
080310004012006,7
080310041131041,7
080310035022034,7
080310002021001,7
080310043062006,7
080310017042012,7
080310002011027,7
080310044073007,7
080310068101006,7
080310023002005,7
080310036031000,7
080310068104010,7
080310043033001,7
080310042015000,7
080310043064015,7
080310067012001,7
080310016011005,7
080310015002008,7
080310024021009,7
080310050043000,7
080050151002004,7
080310028052004,7
080310029023006,7
080310036025010,7
080310040063000,7
080310017072003,7
080310041021049,7
080310024021007,7
080310041014014,7
080310042013017,7
080310043021006,7
080050151001029,7
080310068181002,7
080310021013015,7
080310068143004,7
080310070131006,7
080310039022030,7
080310041091006,7
080310016034013,7
080310068171011,7
080310050031005,7
080310021011016,7
080310027053002,7
080310043032005,7
080310027042006,7
080310029014010,7
080310043071017,7
080310044033009,7
080310043033008,7
080310002012007,7
080310043065008,7
080310026022005,7
080310050032013,7
080310002012039,7
080310041041003,7
080310041112023,7
080310036031012,7
080310043031025,7
080310041112028,7
080310068184004,7
080310002022033,7
080310043101014,7
080310041024011,7
080310039022020,7
080310037022010,7
080310011014009,7
080310041102025,7
080310041102082,7
080310040022016,7
080310037011013,7
080050151001013,7
080310044032005,7
080310004011004,7
080310041102073,7
080310016032007,7
080310018003001,7
080310039021020,7
080310070132002,7
080310002012012,7
080310036034005,7
080310015001023,7
080310041021019,7
080310040052011,7
080310011011006,7
080310004013000,7
080310041043006,7
080310032032016,7
080310004014008,7
080310031011027,7
080310041112032,7
080310027072004,7
080310041102012,7
080310044032026,7
080310154004012,7
080310040034017,7
080310040064002,7
080310028011000,7
080310068101001,7
080310068165007,7
080310026031001,7
080310017071006,7
080310040031014,7
080310033003013,7
080310038011000,7
080310032022000,7
080310041031006,7
080310035011006,7
080310030031001,7
080310043082007,7
080310041091003,7
080310040061005,7
080310034023014,7
080310043032038,7
080310041112015,7
080310002011009,7
080310041112070,7
080310041046015,7
080310023003003,7
080310038011007,7
080310043031004,7
080310037032015,7
080310034022017,7
080310029021014,7
080310070883002,7
080310041082010,7
080310068163004,7
080310020003001,7
080310069022008,7
080310043092018,7
080310044041001,7
080310051042012,7
080310017061014,7
080310041041018,7
080310035022035,7
080310044041013,7
080310028012015,7
080310015002000,7
080310044062008,7
080310068171026,7
080310042023030,7
080310039014017,7
080310041046010,7
080310035011035,7
080310038021026,7
080310050011026,7
080310070911000,7
080310033001006,7
080310044073010,7
080310021011011,7
080310041082011,7
080310043064001,7
080310042023040,7
080310042014001,7
080310041033006,7
080310040041020,7
080310041083002,7
080310043093026,7
080310154004011,7
080310002012022,7
080310035013040,7
080310050032012,7
080310028025005,7
080310035011016,7
080310040031008,7
080310031011010,7
080310020002008,7
080310043034001,7
080310034023020,7
080310015002007,7
080310041092036,7
080310042022015,7
080310038022003,7
080310002012008,7
080310039022010,7
080310041013006,7
080310043101044,7
080310041082043,7
080310068101011,7
080310004042007,7
080310041121016,7
080310043082005,7
080310004011016,7
080310042021011,7
080310043101030,7
080310043061014,7
080310002022004,7
080310036022002,7
080310036013004,7
080310041023012,7
080310041111051,7
080310011021019,7
080310041112051,7
080310024052005,7
080310011014012,7
080310036024011,7
080310027061006,7
080310068151008,7
080310002011028,7
080310042014013,7
080310037032008,7
080310011012000,7
080310035012016,7
080310043102021,7
080310041111029,7
080310043033018,7
080310070883000,7
080310028013013,7
080310067012016,7
080310035022023,7
080310026023003,7
080310068104009,7
080310036034019,7
080310015003010,7
080310027041000,7
080310034021013,7
080310040041018,7
080310016031008,7
080310043034020,7
080310032052006,7
080310050032015,7
080310041035014,7
080310028012006,7
080310041112090,7
080310155004001,7
080310030041011,7
080310068171015,7
080310043031014,7
080310044041014,7
080310030031003,7
080310041014022,7
080310034022033,7
080310068102008,7
080310069032012,7
080310043102041,7
080310023001023,7
080310050042007,7
080310039021004,7
080310037032024,7
080310044072013,7
080310002011030,7
080310068151028,7
080310036013015,7
080310068121006,7
080310040062004,7
080310041041008,7
080310052003015,7
080310153001015,7
080310043032030,7
080310041046008,7
080310030031009,7
080310051021005,7
080310016034010,7
080310039023017,7
080310041084001,7
080310043031017,7
080310038021022,7
080310068151016,7
080310041022010,7
080310041031018,7
080310021023006,7
080310068171027,7
080310041035003,7
080310039021014,7
080310036033009,7
080310041043017,7
080310011012002,7
080310044044002,7
080310036024005,7
080310153001003,7
080310020003003,7
080310033002010,7
080310041036017,7
080310023001025,7
080310041041007,7
080310040061020,7
080310068121010,7
080310034011008,7
080310028013004,7
080310043063006,7
080310043102022,7
080310038011013,7
080310069021005,7
080310069023002,7
080310070131012,7
080310011013010,7
080310036033011,7
080310044062005,7
080310040034009,7
080310038022015,7
080310068165001,7
080310015004027,7
080310001022034,7
080310041111012,7
080310015004007,7
080310027081007,7
080310016013009,7
080319802001003,7
080310036032019,7
080310036013011,7
080310024042000,7
080310016021000,7
080310051042004,7
080310043032004,7
080310155003002,7
080310043101000,7
080310001021012,7
080310039021022,7
080310033002013,7
080310017072011,7
080310032031005,7
080310030031018,7
080310027052000,7
080310041043009,7
080310033001000,7
080310031021009,7
080310035011021,7
080310031022006,7
080310016021003,7
080310044041002,7
080310039023023,7
080310068151020,7
080310044071019,7
080310017041007,7
080050049511001,7
080310043031022,7
080310034023012,7
080310041021025,7
080310053001002,7
080310042013018,7
080310041082028,7
080310044062022,7
080310002022002,7
080310044073014,7
080310042013011,7
080310041121011,7
080310042023004,7
080310042023000,7
080310016033003,7
080310029013003,7
080310043083008,7
080310068121005,7
080310041131040,7
080310004043001,7
080310004043006,7
080310044033015,7
080310029021019,7
080310041014029,7
080310051042011,7
080310040064012,7
080310035011014,7
080310038022000,7
080310041092038,7
080310044062015,7
080310044032021,7
080310039013003,7
080310043034013,7
080050872001009,7
080310041036014,7
080310041102006,7
080310044033014,7
080310043034024,7
080310043021007,7
080310153001009,7
080310042015016,7
080310041123009,7
080310043022012,7
080310044061009,7
080310017061015,7
080310035011036,7
080310036014001,7
080310028012019,7
080310016011003,7
080310033004011,7
080319802001001,7
080310044043022,7
080050151001024,7
080310016032006,7
080310041123014,7
080310002022032,7
080310015003003,7
080310021022005,7
080310032031021,7
080310039023004,7
080310040052007,7
080310068182001,7
080310043102050,7
080310040051002,7
080310041031007,7
080310029022019,7
080310154003004,7
080310034022039,7
080310023003020,7
080310020001007,7
080310028013006,7
080310027071005,7
080310028041007,7
080310038011026,7
080310038021001,7
080310041082044,7
080310030031032,7
080310043064012,7
080310036034018,7
080310041045015,7
080310043071015,7
080310015002005,7
080310031024009,7
080310041102032,7
080310041022009,7
080310068123015,7
080310037031006,7
080310029022021,7
080310035022005,7
080310043092011,7
080310016013012,7
080310037023008,7
080310043082000,7
080310030032008,7
080310017072023,7
080310035021018,7
080310041102017,7
080310044033006,7
080310015004013,7
080310041082041,7
080310028013016,7
080310051021010,7
080310028042003,7
080310043032025,7
080310041041009,7
080310036025012,7
080310030032004,7
080310037012002,7
080310154004008,7
080310041021010,7
080310041043024,7
080310032041007,7
080310035021010,7
080310028052006,7
080310041121024,7
080310068151010,7
080310036011000,7
080310031011008,7
080310036033008,7
080310041131043,7
080310068123009,7
080310068151026,7
080310051041005,7
080310027063003,7
080310041112034,7
080310016011018,7
080310034012011,7
080310043092027,7
080310028042010,7
080310041102067,7
080310041112025,7
080310039021009,7
080310011013016,7
080310036021008,7
080310041021039,7
080310043022006,7
080310068141002,7
080310041112050,7
080310004042003,7
080310035022024,7
080310069032000,7
080310040052006,7
080310027041010,7
080310041101005,7
080310032041004,7
080310041011004,7
080050049521003,7
080310020002010,7
080310035011042,7
080310154002003,7
080310030032005,7
080310039014013,7
080310032032010,7
080310023001004,7
080310042011002,7
080050151001002,7
080310050011027,7
080310041111033,7
080310041036015,7
080310044032032,7
080310026042004,7
080310043102039,7
080310070062000,7
080310038011036,7
080310029022012,7
080310044031005,7
080310039023006,7
080310052004008,7
080310036034009,7
080310042015015,7
080310153002007,7
080310004031000,7
080310031022000,7
080310032041005,7
080310070883004,7
080310028012008,7
080310041084014,7
080310041111013,7
080310053001012,7
080310040052004,7
080310017032001,7
080310002012026,7
080310050031009,7
080310035013014,7
080310068123010,7
080310035021024,7
080310011023005,7
080310002024002,7
080310004014016,7
080310039021023,7
080319802001027,7
080310155002002,7
080310041031016,7
080310053001013,7
080310026032006,7
080310016013008,7
080310036013009,7
080310041084016,7
080310044071014,7
080310033004000,7
080310024053005,7
080310004041003,7
080310040032018,7
080310052001012,7
080310153002009,7
080310031023011,7
080310034012019,7
080310041121028,7
080310154004015,7
080310017072019,7
080310037022005,7
080310043022010,7
080310034012018,7
080310041083006,7
080310038021009,7
080310018002001,7
080310028024000,7
080310024022000,7
080310041111030,7
080310041081010,7
080310035011048,7
080310043063003,7
080310031011005,7
080310068041027,7
080310042011004,7
080310051022007,7
080310043022015,7
080310042012007,7
080310011021018,7
080310004012005,7
080310036012004,7
080310037024006,7
080310036034023,7
080310041102007,7
080310041102018,7
080310041043011,7
080310026023009,7
080310043062022,7
080310043032023,7
080310034022001,7
080310068161011,7
080310041102055,7
080310043062016,7
080310033002006,7
080310044071030,7
080310041122016,7
080310041121000,7
080310070901000,7
080310153003001,7
080310038013005,7
080310023001011,7
080310041084017,7
080310038011031,7
080310040021014,7
080310015004019,7
080310042021007,7
080310024042003,7
080310050032002,7
080310028013000,7
080310027041007,7
080310041082007,7
080310028041004,7
080310017043000,7
080310031021000,7
080310036022015,7
080310026022000,7
080310043062014,7
080310031023000,7
080319802001002,7
080310028012007,7
080310039014002,7
080310002012018,7
080310044061004,7
080310068171016,7
080310004011010,7
080310038021019,7
080310038021025,7
080310018002005,7
080310070372007,7
080050151001001,7
080310042022011,7
080310070131000,7
080310154002012,7
080310029021003,7
080310039014003,7
080310002012028,7
080310041121013,7
080310004031011,7
080310011013011,7
080319802001034,7
080310041112048,7
080310004041001,7
080310028042009,7
080310004012000,7
080310038021014,7
080310068122008,7
080310043034028,7
080310034012014,7
080310035021013,7
080310043064002,7
080310041035002,7
080310034012023,7
080310032032012,7
080310070883009,7
080310068102004,7
080310070131001,7
080310039023019,7
080310035011041,7
080310041131032,7
080310041031000,7
080310043092026,7
080310018002004,7
080310040041030,7
080310031011019,7
080310043101025,7
080310027071001,7
080310044044000,7
080310027072008,7
080310020001014,7
080310028023003,7
080310041082014,7
080310068143002,7
080050151002008,7
080310030031007,7
080310035011034,7
080310004043003,7
080310023002007,7
080310041111040,7
080310040032017,7
080310044061029,7
080310023001002,7
080310040033013,7
080310068171003,7
080310041012006,7
080310068151017,7
080310027072000,7
080310033002001,7
080310041035007,7
080310028023015,7
080310068151015,7
080310031011011,7
080310041021032,7
080310041021033,7
080310016013003,7
080310068162000,7
080310041083003,7
080310069032003,7
080310044072008,7
080310034011001,7
080319802001015,7
080310050031002,7
080310001022032,7
080310017043006,7
080310039012003,7
080310035013025,7
080310035012021,7
080310028021003,7
080310068104000,7
080310051023023,7
080310041102085,7
080310043022000,7
080310036014016,7
080310028023001,7
080310031011006,7
080310002024001,7
080310028025001,7
080310041092017,7
080310004011007,7
080310042023018,7
080310018002012,7
080310041112052,7
080310002024007,7
080310029021001,7
080310023003027,7
080310041022002,7
080310043101040,7
080310044062017,7
080310015001005,7
080310036025004,7
080310041044003,7
080310041102061,7
080310029021017,7
080310040051014,7
080310041131024,7
080310026032004,7
080310035011013,7
080310027082001,7
080310038011018,7
080310034021009,7
080310039014011,7
080310052003008,7
080310043021009,7
080310068101004,7
080310032032006,7
080310041043007,7
080310039022007,7
080310016011000,7
080310041121029,7
080310043093024,7
080310024041010,7
080310036032001,7
080310026041005,7
080310021022000,7
080310052004012,7
080310041043013,7
080310040024010,7
080310052002000,7
080310069031010,7
080310043101004,7
080310041022013,7
080310004033005,7
080310036031011,7
080310041081004,7
080310043081000,7
080310032042005,7
080310040041031,7
080310041131046,7
080310024052010,7
080310032051004,7
080310040033003,7
080310041032010,7
080310004033004,7
080310016012009,7
080310029014006,7
080310015003015,7
080310044032023,7
080310068122003,7
080310050011015,7
080310040063003,7
080310016034001,7
080310035021033,7
080310068182005,7
080310067012002,7
080310038023005,7
080310043093017,7
080310043031000,7
080310002023018,7
080310068121004,7
080310070131014,7
080310016012001,7
080310028025000,7
080310011022008,7
080310038021024,7
080310038021018,7
080310036025002,7
080310050012010,7
080310040024003,7
080310002023005,7
080310041092003,7
080310043034021,7
080310043101021,7
080310035021042,7
080310041033002,7
080319802001028,7
080310037022003,7
080310017072013,7
080310070911002,7
080310023002027,7
080310036014008,7
080310037021005,7
080310069032005,7
080310041045000,7
080310153002012,7
080310040051017,7
080310032031018,7
080310068122006,7
080310036024013,7
080310041012005,7
080310028012018,7
080310027052006,7
080310041012000,7
080310036011003,7
080310043063014,7
080310040051008,7
080310041081016,7
080310041112026,7
080310028013014,7
080310041112072,7
080310041046002,7
080310023001010,7
080310017071007,7
080310042021009,7
080310035021045,7
080310027092006,7
080310035011023,7
080310153001005,7
080310050012022,7
080310044033013,7
080310036013014,7
080310154004006,7
080310016011015,7
080310044073008,7
080310034021002,7
080310068161018,7
080310002021004,7
080310030031002,7
080310068164000,7
080310041122020,7
080310031024008,7
080310040052000,7
080310052003019,7
080310043062005,7
080310026023011,7
080310041131000,7
080310043083016,7
080310068104003,7
080310034023002,7
080310004043007,7
080310041092014,7
080310028022001,7
080310041036000,7
080310002022026,7
080310043064004,7
080310011014017,7
080310042024004,7
080310041045005,7
080310041083021,7
080310036025016,7
080310070133000,7
080310011021017,7
080310002022027,7
080310002012011,7
080310036024007,7
080310030042010,7
080310154002015,7
080310041121007,7
080310051024006,7
080310024022009,7
080310068041012,7
080310040023001,7
080310030031010,7
080310068141008,7
080310041122008,7
080310038011002,7
080310069021003,7
080310034021017,7
080310043023021,7
080310041021000,7
080310027081004,7
080310032033021,7
080310020002003,7
080310041012017,7
080310035022031,7
080310030042029,7
080310042025013,7
080310041013009,7
080310040062006,7
080310067012006,7
080310040041022,7
080310038011011,7
080310043101017,7
080310040061013,7
080310043031026,7
080310041122014,7
080310027082007,7
080310070371003,7
080310027072012,7
080310018001006,7
080310154002004,7
080310004033008,7
080310040034002,7
080310041043016,7
080310036023017,7
080310068164002,7
080310032031026,7
080310023003029,7
080310051042003,7
080310030041021,7
080310021013013,7
080310051041000,7
080310043023002,7
080310004041009,7
080310044072011,7
080310154003000,7
080310032031002,7
080310041112084,7
080310036013012,7
080310043091005,7
080310018002011,7
080310042023015,7
080310070372000,7
080310044071037,7
080310041082039,7
080310037032000,7
080310037021006,7
080310051023016,7
080050151002012,7
080310041082034,7
080310032021005,7
080310043065010,7
080310015004002,7
080310044073012,7
080310038022007,7
080310004014013,7
080310036013005,7
080310042024014,7
080310011014011,7
080310036032016,7
080310029023012,7
080310037012001,7
080310039022026,7
080310044042001,7
080310043061000,7
080050049511000,7
080310011024010,7
080310016031011,7
080310004033002,7
080310035013019,7
080310068143000,7
080310041102004,7
080310052003013,7
080310041102040,7
080310040021003,7
080310004013005,7
080310034023016,7
080310044042006,7
080310040051000,7
080310035013007,7
080310034012015,7
080310036024004,7
080310027062005,7
080310011012011,7
080310027072013,7
080310044071021,7
080310011011005,7
080310050032010,7
080310004032007,7
080310041046006,7
080310034022009,7
080310034012001,7
080310032031007,7
080310037011006,7
080310023001000,7
080310068161016,7
080310052001007,7
080310038022013,7
080310036022000,7
080310042016007,7
080310004012001,7
080310035022003,7
080310038022006,7
080310039011003,7
080310070371001,7
080310044061012,7
080310038011009,7
080310002022019,7
080310031021005,7
080310017072016,7
080310002023013,7
080319802001007,7
080310042015010,7
080310053001019,7
080310011024001,7
080310041083032,7
080310042011003,7
080310044061011,7
080310068121023,7
080310023001012,7
080310017071002,7
080310068151033,7
080310040063007,7
080310031024010,7
080310043033011,7
080310043083017,7
080310068142002,7
080310036023003,7
080310068185000,7
080310070883006,7
080310029022007,7
080310043092010,7
080310040031006,7
080310041012004,7
080310043032024,7
080310018002025,7
080310037022004,7
080310041042006,7
080310041092048,7
080310043023017,7
080310004043008,7
080310068141005,7
080310033001014,7
080310016012002,7
080310068122005,7
080310041102092,7
080310041092010,7
080310043033023,7
080310043101043,7
080319802001038,7
080050049522011,7
080050151001015,7
080310004031012,7
080310011023020,7
080310002023012,7
080310043071001,7
080310155002004,7
080310155003008,7
080310028012009,7
080310029022027,7
080310053001018,7
080310002011029,7
080310041122003,7
080310041014008,7
080310002011000,7
080310028021009,7
080310028023010,7
080050049521008,7
080310041102008,7
080310041092018,7
080310041082042,7
080310034022034,7
080310039014005,7
080310028013012,7
080310026042005,7
080310041121018,7
080310017031005,7
080310040023009,7
080310068141000,7
080310032052003,7
080310037031007,7
080310017061016,7
080310040021008,7
080310040061011,7
080310042023017,7
080310028011005,7
080310068123000,7
080310027041004,7
080310032032014,7
080310034011009,7
080310051024004,7
080310040034024,7
080310011022014,7
080310041034008,7
080310020002016,7
080310041046009,7
080310026023000,7
080310004034006,7
080310042023007,7
080310068123006,7
080310040062010,7
080310041036009,7
080310050031012,7
080310028023014,7
080310154002018,7
080310036012012,7
080310002021007,7
080310041013007,7
080310039022001,7
080310041031017,7
080310034021008,7
080310029012006,7
080310041081007,7
080310039011000,7
080310038023017,7
080310041112005,7
080310029023001,7
080310068143006,7
080310027081010,7
080310041082033,7
080310044062012,7
080310035022026,7
080310018002003,7
080310040041037,7
080310039022013,7
080310035012010,7
080310039013002,7
080310041013015,7
080050151001006,7
080310043071014,7
080310044073018,7
080310044032012,7
080310044033008,7
080310035011038,7
080310028011012,7
080310041035015,7
080310069022003,7
080310043032008,7
080310037032009,7
080310037031010,7
080310036021020,7
080310031023009,7
080310041112089,7
080310036025017,7
080310041102046,7
080310044033020,7
080310040033002,7
080310035011010,7
080310053001030,7
080310035012019,7
080310035013024,7
080310043031023,7
080310039021018,7
080310068144001,7
080310028025009,7
080310041021031,7
080310030041005,7
080310043102004,7
080310043022021,7
080310043102031,7
080050049521007,7
080310041084021,7
080310002021000,7
080310043071022,7
080050049521000,7
080310038022001,7
080310041131015,7
080310043101007,7
080310044033005,7
080310052001006,7
080310036012010,7
080310043034016,7
080310041121006,7
080310041131038,7
080310041041001,7
080310004031004,7
080310032031004,7
080310040062013,7
080310068123011,7
080310002024017,7
080310043102017,7
080310041112067,7
080310041102064,7
080050151001019,7
080310038023003,7
080310015001024,7
080310034021020,7
080310036034020,7
080310015003000,7
080310069021002,7
080310044071031,7
080310044043006,7
080310038012001,7
080310011011003,7
080310041082031,7
080310041112014,7
080310042016013,7
080310032033009,7
080310017071003,7
080310037032003,7
080310028025011,7
080310040051004,7
080310043022009,7
080310038021002,7
080319802001005,7
080310033001012,7
080310002012032,7
080310004011003,7
080310034023007,7
080310040041009,7
080310038022004,7
080310011022002,7
080310002012024,7
080310044043021,7
080310033002005,7
080310034021004,7
080310011021001,7
080310050012021,7
080310030031023,7
080310041036005,7
080310153002003,7
080310001021008,7
080310036023008,7
080310026042001,7
080310039013014,7
080310028024003,7
080310070882003,7
080310153002011,7
080310041082038,7
080310041102003,7
080310051023022,7
080310002023015,7
080310052003005,7
080310053001023,7
080310038022010,7
080310002023017,7
080310044044006,7
080310004011006,7
080310011021021,7
080310155002003,7
080310036011014,7
080310034022022,7
080310038011023,7
080310036034012,7
080310041023009,7
080310004013013,7
080310037022006,7
080310004043012,7
080310043064014,7
080310002022014,7
080310069022011,7
080310068121009,7
080310035013000,7
080319802001026,7
080310023002001,7
080310041112071,7
080310068163001,7
080310031022009,7
080310069022006,7
080310011024003,7
080310016035008,7
080310038022008,7
080310001021007,7
080310044044001,7
080310011013004,7
080310036021007,7
080310039011012,7
080310044032019,7
080310043022005,7
080310037012006,7
080310068171018,7
080310041111047,7
080310017072021,7
080310043031012,7
080310040041000,7
080310037031013,7
080310041035009,7
080310041131020,7
080310041092011,7
080310011021008,7
080310041102047,7
080310041131029,7
080310040031000,7
080310016031012,7
080310029023014,7
080310039012016,7
080310041044012,7
080310028023012,7
080310043101031,7
080310069022005,7
080310029022015,7
080310068171000,7
080310070911003,7
080310067012014,7
080310043062030,7
080310041121005,7
080310069023004,7
080310028042006,7
080310043101005,7
080310040063016,7
080310023003019,7
080310028012000,7
080310043061002,7
080310041083017,7
080310040032020,7
080310027061002,7
080310032052000,7
080310037022011,7
080310032031011,7
080310030031019,7
080310041011017,7
080310068182007,7
080310039013008,7
080310024042008,7
080310028013011,7
080310041034003,7
080310044061000,7
080310042016001,7
080310041131059,7
080310044041006,7
080310043061005,7
080310001021020,7
080310040034025,7
080310041123011,7
080310041014038,7
080050151002001,7
080310044062024,7
080310002021002,7
080310032032007,7
080310021011010,7
080310016011014,7
080310041083013,7
080050151001017,7
080310011024007,7
080310041112042,7
080310041102079,7
080310041131019,7
080310044061026,7
080310069032010,7
080310031023013,7
080310041131028,7
080310028052005,7
080310042015002,7
080310015003006,7
080310040041025,7
080310041021018,7
080310043093012,7
080310018001000,7
080310040063014,7
080310016033011,7
080310030042025,7
080310035011024,7
080310043031027,7
080310041102060,7
080310041082023,7
080310041034014,7
080310043034030,7
080310028051008,7
080310052003014,7
080310043093029,7
080310034023019,7
080310004032001,7
080310039013012,7
080310043022023,7
080050151001007,7
080310027061007,7
080310044062006,7
080310043061001,7
080310068041007,7
080310068041000,7
080310035013004,7
080310017041002,7
080050049522003,7
080310051021011,7
080310038012003,7
080310041131025,7
080310033004012,7
080310017061000,7
080310024041007,7
080310051024005,7
080310154004017,7
080310042021019,7
080310041046001,7
080310037032007,7
080310069022014,7
080310028041001,7
080310041033001,7
080310044041008,7
080310041083016,7
080310029021021,7
080310043032029,7
080310041112046,7
080310041032007,7
080310042011011,7
080310041082018,7
080310041112064,7
080310033001002,7
080310036032018,7
080310036011007,7
080310041033000,7
080310040062019,7
080310034012021,7
080310035011043,7
080310001021014,7
080310024052009,7
080310043102018,7
080310035011032,7
080310031011000,7
080310068162003,7
080310043071003,7
080310041021009,7
080310039013015,7
080310068165004,7
080310033003015,7
080310041092001,7
080310029014001,7
080310030042001,7
080310068104007,7
080310032033012,7
080310036014009,7
080310001021002,7
080310041031008,7
080310040022019,7
080310017061013,7
080310035021003,7
080310040023003,7
080310037014000,7
080310041102068,7
080310042016012,7
080310035021000,7
080310041082024,7
080310033004002,7
080310035012015,7
080310068141007,7
080310004043005,7
080310042023043,7
080310053001007,7
080310011023016,7
080310017072006,7
080310041043023,7
080310043101037,7
080310050031003,7
080310041021048,7
080310044043012,7
080310051021001,7
080310043091009,7
080310032033002,7
080310039022029,7
080310041102036,7
080310011024000,7
080310067011004,7
080310040063001,7
080310002011014,7
080310017042000,7
080310041014005,7
080310041111004,7
080310040022001,7
080310041111011,7
080310041112007,7
080310050032016,7
080310035012022,7
080310031011020,7
080310038021015,7
080310030031035,7
080310036025008,7
080310041112088,7
080310041112060,7
080310070372005,7
080310069031003,7
080310029022023,7
080310068163002,7
080310043093008,7
080310040063010,7
080319802001030,7
080310038022017,7
080310015003019,7
080310036014014,7
080310017031002,7
080310036031021,7
080310041011005,7
080310043092032,7
080310017051002,7
080310041101001,7
080310050031011,7
080310026021001,7
080310043093014,7
080310041122010,7
080310052002010,7
080310041131005,7
080310042025009,7
080310041046018,7
080310050042004,7
080310001022030,7
080310051021009,7
080310044061034,7
080310016035006,7
080310041046000,7
080310069021007,7
080310034022038,7
080310015002002,7
080310042021021,7
080310029013002,7
080310038011037,7
080310043071029,7
080310035013022,7
080310044061015,7
080310042022014,7
080310011021012,7
080310002023014,7
080310036011002,7
080310042011008,7
080310036023011,7
080310039023024,7
080310034022037,7
080310154004002,7
080310039012004,7
080310043022016,7
080310004041000,7
080310044042003,7
080310050012002,7
080310036012011,7
080310041042010,7
080310004014005,7
080310041013010,7
080310042016003,7
080310069031001,7
080310042025012,7
080310004011015,7
080310004042008,7
080310044061002,7
080310035013005,7
080310039013016,7
080310026031007,7
080310017071001,7
080310043033014,7
080310039023008,7
080310011023021,7
080310070913004,7
080310030031031,7
080310033004010,7
080310040064007,7
080310015002026,7
080310015002021,7
080310070131004,7
080310027092007,7
080310034023011,7
080310041131049,7
080310044031013,7
080310035021030,7
080310020001008,7
080310035013020,7
080310031011014,7
080310035022000,7
080310004034011,7
080310038013001,7
080310043093009,7
080310036014013,7
080310037011012,7
080310026041001,7
080310041101003,7
080310029022013,7
080310052001005,7
080310042013007,7
080310036022001,7
080310070882001,7
080310041131006,7
080050151001012,7
080310018002015,7
080310015004026,7
080310035013027,7
080310043091002,7
080310050032001,7
080310067012008,7
080310044071032,7
080310040021000,7
080310026021002,7
080310024022014,7
080310042015005,7
080310034022035,7
080310002012004,7
080310040034010,7
080310017042001,7
080310041131008,7
080310036014010,7
080310043034027,7
080310036031014,7
080310037022008,7
080310040034021,7
080310040024000,7
080310034021022,7
080310051023002,7
080310011013008,7
080310041131001,7
080310041046016,7
080310037021003,7
080310017031000,7
080310034021006,7
080310041121027,7
080310041092005,7
080310036011012,7
080310043023014,7
080310040033012,7
080310027062000,7
080310041013013,7
080310030041023,7
080310032032003,7
080310002012035,7
080310041112018,7
080310031021004,7
080310032032002,7
080310041041017,7
080310042013006,7
080310040041015,7
080310067012010,7
080310050012031,7
080310153001002,7
080310004014009,7
080310041082000,7
080310050011020,7
080310041082006,7
080310044041012,7
080310032032008,7
080310028012021,7
080310024022011,7
080310068182010,7
080310154002000,7
080310040032007,7
080050151001009,7
080310041131009,7
080310068163006,7
080310043032021,7
080310044071034,7
080310043061016,7
080310027041003,7
080310043032027,7
080310030031013,7
080310041012012,7
080310016012000,7
080310028024004,7
080310033003001,7
080310043101036,7
080310041112059,7
080310043093020,7
080310002022016,7
080310043032019,7
080310011023001,7
080310031023007,7
080310036034008,7
080310042024011,7
080310040032002,7
080310043033025,7
080310043071030,7
080310043034002,7
080310036011015,7
080310036033015,7
080310031011003,7
080310044073019,7
080310040021017,7
080310016011011,7
080310024042004,7
080310154004010,7
080310030041014,7
080310016013013,7
080310034022028,7
080310041082020,7
080310028051005,7
080310027042000,7
080310068104011,7
080310039013026,7
080310043082002,7
080310041122007,7
080310068121002,7
080310068133000,7
080310029022028,7
080310002011016,7
080310037032014,7
080310011023017,7
080310032032011,7
080310024041003,7
080310023003031,7
080310036024012,7
080310068161001,7
080310035021015,7
080310023002000,7
080310041102054,7
080310030031026,7
080310040022020,7
080310044061035,7
080310036021011,7
080310026023010,7
080310029014005,7
080319802001014,7
080310041046013,7
080310050011029,7
080310027061001,7
080310041043004,7
080310043083012,7
080310041131012,7
080310041092050,7
080310029012008,7
080310011022013,7
080310043083007,7
080310043033017,7
080310026031006,7
080310039022000,7
080310040023014,7
080310020001006,7
080310039021019,7
080310041021050,7
080310004013009,7
080310041121004,7
080310041014028,7
080319802001023,7
080310044032030,7
080310042011005,7
080310028024005,7
080310070913005,7
080310038013003,7
080310070371000,7
080310069022010,7
080310015004021,7
080310043034003,7
080310041012015,7
080310035021023,7
080310016032003,7
080310031021003,7
080310027082008,7
080310029011009,7
080310034022030,7
080310039022040,7
080310053001009,7
080310002023002,7
080310068101002,7
080310038021006,7
080310068121014,7
080310027062003,7
080310002022034,7
080310041111054,7
080310068183000,7
080310036014012,7
080310050012005,7
080310041112035,7
080310043021000,7
080310039021015,7
080310068151007,7
080310042025015,7
080310067012004,7
080310053001026,7
080310043102037,7
080310032032005,7
080310035013028,7
080310041102034,7
080310035011022,7
080310002023019,7
080310043063001,7
080310040021004,7
080310041123005,7
080310017031001,7
080310016011004,7
080310041084020,7
080310043063016,7
080310037011008,7
080310051023014,7
080310036025006,7
080310041123004,7
080310050031006,7
080310024052012,7
080310043093002,7
080310017061011,7
080310043092022,7
080310030042012,7
080310155001000,7
080310018002010,7
080310051023009,7
080310153001013,7
080310024042011,7
080310070912000,7
080310041022007,7
080310041046004,7
080310029021008,7
080310035021011,7
080310016022002,7
080310031024012,7
080310041046005,7
080310001022029,7
080310068132000,7
080310041092046,7
080310041092033,7
080310035011026,7
080310024052003,7
080310043102034,7
080310011014001,7
080310037032001,7
080310039011002,7
080310024052018,7
080310041123002,7
080310001021013,7
080310068102005,7
080310029022011,7
080310035011000,7
080310016033004,7
080310011013002,7
080310041012001,7
080310002011017,7
080310043101020,7
080310036025009,7
080310028051006,7
080310029021023,7
080310068142004,7
080310043064009,7
080310033002007,7
080310016022005,7
080310068171025,7
080310028013001,7
080310041042009,7
080310002012037,7
080310015004009,7
080310068041006,7
080310033003007,7
080310030031020,7
080310043093025,7
080310050042003,7
080310043034014,7
080310011021002,7
080310028012020,7
080310031021008,7
080310041102024,7
080310036034001,7
080050151002003,7
080310028013009,7
080310015003005,7
080310028021010,7
080310041043010,7
080310036031003,7
080310042025008,7
080310044031000,7
080310041021007,7
080310041041013,7
080310035013011,7
080310015001026,7
080310043061010,7
080310001022016,7
080310004013001,7
080310035012011,7
080310015004025,7
080310017062005,7
080310032031022,7
080310037013002,7
080310041084010,7
080310036021014,7
080310041023002,7
080310037022002,7
080310032053005,7
080310041021022,7
080310042021020,7
080310033003000,7
080310032021008,7
080310040031007,7
080310035013036,7
080310043102027,7
080310017041010,7
080310043071002,7
080310051023013,7
080310044041007,7
080310043023011,7
080310043033015,7
080310068171013,7
080310070901001,7
080310035022007,7
080310041122000,7
080310028021005,7
080310068131001,7
080310042012002,7
080310041045011,7
080310043032046,7
080310039021007,7
080310028041005,7
080310028025014,7
080310068121019,7
080310068183002,7
080310041131021,7
080310044042005,7
080310069031002,7
080310043033013,7
080310024022006,7
080310041102059,7
080310004032004,7
080310041023006,7
080310041032002,7
080310042015004,7
080310041032004,7
080310069031007,7
080319802001025,7
080310040031009,7
080310017062008,7
080310004031001,7
080310043022018,7
080310041034005,7
080310068143001,7
080310038011012,7
080310042021015,7
080310039022037,7
080310018002026,7
080310042011012,7
080310043032001,7
080310040062016,7
080310034011003,7
080310068151003,7
080310030031030,7
080310016035007,7
080310024041012,7
080310044033007,7
080310034011002,7
080310068102006,7
080310035021032,7
080310044032029,7
080310034022019,7
080310041045002,7
080310036031018,7
080310002023003,7
080310069021006,7
080310040021011,7
080310035011004,7
080310031021012,7
080310043101008,7
080310037013001,7
080310068171019,7
080310053001028,7
080310002011023,7
080310153001008,7
080310041042011,7
080310050012007,7
080310030031004,7
080310042011014,7
080310040032027,7
080310043101019,7
080310068151021,7
080310043082006,7
080310041122006,7
080310035021035,7
080310050031008,7
080310051022002,7
080310036014002,7
080310017041003,7
080310033002000,7
080310017032002,7
080310004033003,7
080310017062000,7
080310039014016,7
080310036032005,7
080310154004004,7
080310027072009,7
080310039013029,7
080310040024011,7
080310023002003,7
080310029022008,7
080310004013004,7
080310041102010,7
080310041111044,7
080310044072004,7
080310068163012,7
080310004032006,7
080310034021001,7
080310044073020,7
080310038022012,7
080310004033001,7
080310041102058,7
080310024021001,7
080310002022010,7
080310024053010,7
080310050012020,7
080310043063018,7
080310041034007,7
080310032042000,7
080310042022000,7
080310034023008,7
080310040031002,7
080310016031013,7
080310044032000,7
080310068041014,7
080310039013024,7
080310041021045,7
080310036031002,7
080310041092004,7
080310043093023,7
080310036032014,7
080310043062021,7
080310004034010,7
080310039023013,7
080310050043006,7
080310041014018,7
080310043101006,7
080310023002022,7
080310029014002,7
080310068184003,7
080310039012022,7
080310041031003,7
080310033002003,7
080310041092019,7
080310020002018,7
080310068101003,7
080310028012022,7
080310028011013,7
080310043101011,7
080310017033001,7
080310001022036,7
080310041031014,7
080310017052002,7
080310039012017,7
080310016011012,7
080310035021020,7
080310042022012,7
080310043034007,7
080310016012007,7
080310043032047,7
080310040051001,7
080310044061036,7
080310043021005,7
080310068141001,7
080310043092013,7
080310068151013,7
080310018002021,7
080310034022021,7
080310035022020,7
080310024041002,7
080310011014004,7
080310020002004,7
080310041121010,7
080310050011009,7
080310002012030,7
080310004011017,7
080310023003013,7
080310002011033,7
080310041112036,7
080310026041002,7
080310041112011,7
080310032042001,7
080310043063013,7
080310043092004,7
080310069022007,7
080310042023022,7
080310042013016,7
080310051023021,7
080310041014011,7
080310030032001,7
080310041112068,7
080310029021000,7
080310041112008,7
080310039023021,7
080310036022004,7
080310031021011,7
080310039022038,7
080310004012013,7
080310041046003,7
080310154003005,7
080310068161020,7
080310017042008,7
080310002012009,7
080310035012004,7
080310044041011,7
080310002022030,7
080310015004001,7
080310028052001,7
080310041014003,7
080310021013019,7
080310033001015,7
080310029022020,7
080310068171008,7
080310068144007,7
080310041046019,7
080310041034006,7
080310036031024,7
080310043102025,7
080310016022006,7
080310041102049,7
080310029014003,7
080310026023002,7
080310035013002,7
080310044033022,7
080310020001013,7
080310017051001,7
080310040033004,7
080310044041015,7
080310155003001,7
080310018003003,7
080310017041001,7
080310040062017,7
080310034022005,7
080310016033000,7
080310043061012,7
080310041082001,7
080310029021022,7
080310023002004,7
080310024052001,7
080310068144005,7
080310042012012,7
080310032033016,7
080310043093030,7
080319802001000,7
080310017061003,7
080310052002014,7
080310004033000,7
080310002024006,7
080310041112058,7
080310042023013,7
080310035021043,7
080310050031015,7
080310035013026,7
080050151002007,7
080310037014001,7
080310027042005,7
080310041131050,7
080310044043018,7
080310037032026,7
080310020002019,7
080310040034015,7
080310041102074,7
080310042014008,7
080310036025015,7
080310068182006,7
080310029013001,7
080310015003002,7
080310036035000,7
080310041081009,7
080310044032020,7
080310043083009,7
080310037031005,7
080310050043002,7
080310031021010,7
080310051023024,7
080310041011001,7
080310041121030,7
080310016035001,7
080310032021004,7
080310041123018,7
080310023003001,7
080310053001010,7
080310036023014,7
080310069021001,7
080310041014024,7
080310041102052,7
080310068151030,7
080310037011003,7
080310041131052,7
080310043022020,7
080310068041013,7
080310041123020,7
080310036024009,7
080310043032006,7
080310043092021,7
080310040021007,7
080310044043001,7
080310041092034,7
080310068122007,7
080310018002022,7
080310020002000,7
080310036022014,7
080310043034033,7
080310068181005,7
080310043032007,7
080310041043019,7
080050049522014,7
080310030031005,7
080310051024008,7
080310016012005,7
080310039023022,7
080310042014012,7
080310068151032,7
080310024052016,7
080310154003002,7
080310031023008,7
080310041043003,7
080310040062001,7
080310041036001,7
080310154004000,7
080310036022009,7
080310011014008,7
080310031011001,7
080310030041003,7
080310002012016,7
080310034022026,7
080310042024009,7
080310034011010,7
080310032033017,7
080310041111052,7
080310041112066,7
080310070133004,7
080310041013005,7
080310004031013,7
080310031023010,7
080310004032008,7
080310023001015,7
080310031023003,7
080310044071016,7
080310043023013,7
080310043031029,7
080310043071007,7
080310004033010,7
080310034022032,7
080310041083020,7
080310041024004,7
080310041102035,7
080310035021039,7
080310030031027,7
080310035022018,7
080310028041003,7
080310029012009,7
080310052004004,7
080310028051000,7
080310041021020,7
080310029021005,7
080310050012024,7
080310023003030,7
080310034022020,7
080310043034000,7
080310037031009,7
080310018002019,7
080310044062019,7
080310051023007,7
080310041121026,7
080310011023024,7
080310038023009,7
080310020001009,7
080310040041033,7
080310043061006,7
080310068121008,7
080310034022002,7
080310042024002,7
080310040022014,7
080310042023012,7
080310030031029,7
080310043063004,7
080310016035003,7
080310043101018,7
080310034012007,7
080310068171009,7
080310017054002,7
080310041083008,7
080310041092021,7
080310040021005,7
080310041031010,7
080310044033002,7
080310028011010,7
080310043065011,7
080310041131039,7
080310035022006,7
080310017061002,7
080310040023015,7
080310011024008,7
080310040021001,7
080310029023005,7
080310002012006,7
080310041082021,7
080310036032012,7
080310040034013,7
080310034021018,7
080310043064019,7
080310040041026,7
080310050011001,7
080310043092009,7
080310011022011,7
080310068143008,7
080310036021012,7
080310050041003,7
080310036033000,7
080310041112020,7
080050151001000,7
080310037011011,7
080310036034014,7
080310038011034,7
080310032053003,7
080310032052007,7
080310043101001,7
080310039021010,7
080310034021019,7
080310039023010,7
080310041112038,7
080310011022005,7
080310052004006,7
080310041112003,7
080310027041002,7
080050151001011,7
080310024051005,7
080310050011017,7
080310050011023,7
080310035012003,7
080310011023022,7
080310028024002,7
080310023002012,7
080310034022029,7
080310050011005,7
080310024052002,7
080310021012003,7
080310039014009,7
080310023003015,7
080310042023024,7
080310044071017,7
080310015003020,7
080310041111015,7
080310050042006,7
080310051023020,7
080310070133003,7
080310068151012,7
080310040063004,7
080310042024006,7
080310036012009,7
080310017042010,7
080310042015013,7
080310067012012,7
080310041084000,7
080310017061018,7
080310068164004,7
080310037032012,7
080310040052014,7
080310017062010,7
080310068121021,7
080310052001009,7
080310041022003,7
080310043102019,7
080310044061007,7
080310020001005,7
080310050011006,7
080310040051007,7
080310021012005,7
080310004041004,7
080310036023004,7
080310043034034,7
080310070373003,7
080310070131007,7
080310040041013,7
080310041041019,7
080310011021005,7
080310068151023,7
080310042021006,7
080310004033009,7
080310015003021,7
080310153001017,7
080310015002011,7
080310040031001,7
080310027041011,7
080310041131058,7
080310017041000,7
080310051041003,7
080310051023004,7
080310068104015,7
080310033004008,7
080310041044007,7
080310037032005,7
080310042023027,7
080310033004001,7
080310016013001,7
080310043031006,7
080310153002005,7
080310034012000,7
080310041014016,7
080310035012007,7
080310041102062,7
080310043033012,7
080310027082003,7
080310042011006,7
080310041112043,7
080050151002005,7
080310033003010,7
080310036031006,7
080310043062007,7
080310044033018,7
080310028025013,7
080310068182000,7
080310018002032,7
080310154003012,7
080310004014015,7
080310067011002,7
080310039014004,7
080310027072007,7
080310041112082,7
080310041021036,7
080310050012015,7
080319802001031,7
080310027072001,7
080310050031010,7
080310043062015,7
080310035021036,7
080310041041012,7
080310034012002,7
080310041043000,7
080310041035011,7
080310040034004,7
080310033001005,7
080310033001004,7
080310050041008,7
080310068041001,7
080310044071001,7
080310020002006,7
080310039022041,7
080310068171004,7
080310018002020,7
080310030042000,7
080310002022011,7
080310043102003,7
080310052003011,7
080310004043002,7
080310041035004,7
080310037023000,7
080310016012013,7
080310034022018,7
080310050012004,7
080310023002011,7
080310043102030,7
080310026032008,7
080310032033019,7
080310017042004,7
080310040022003,7
080310041101000,7
080310011023012,7
080310043062019,7
080310044041000,7
080310004031010,7
080310032041003,7
080050049522000,7
080310034021016,7
080310021012012,7
080310042023005,7
080310043083011,7
080310029022017,7
080310016035000,7
080310030041015,7
080310042024018,7
080310004032014,7
080310023002006,7
080310041034013,7
080310035021037,7
080310154003015,7
080310068101007,7
080310035022013,7
080310039022028,7
080310041091002,7
080310041122017,7
080310044073001,7
080310016035005,7
080310069031000,7
080310068042015,7
080310015003016,7
080310002021006,7
080310028025006,7
080310155003009,7
080310032052004,7
080310040033001,7
080310044061018,7
080310017054001,7
080050151002006,7
080310033004006,7
080310032031024,7
080310017072020,7
080310044071015,7
080310038023013,7
080310041014032,7
080310050032000,7
080310002012029,7
080310032033001,7
080310044032027,7
080310041014033,7
080310070061000,7
080310043034015,7
080310043071010,7
080310043102023,7
080310041043022,7
080310015002019,7
080310038022019,7
080310036032015,7
080310068161015,7
080310037012005,7
080310011011009,7
080310053001016,7
080310011021015,7
080310041092007,7
080310043023005,7
080310039012019,7
080310038011033,7
080310035021028,7
080310042023008,7
080310041024010,7
080310044072010,7
080310153002001,7
080310041131017,7
080310043023019,7
080310041013008,7
080310041044009,7
080310023002021,7
080310043102028,7
080310038021000,7
080310041081006,7
080310011014002,7
080310034021021,7
080310154003003,7
080310068171005,7
080310017072010,7
080310041112045,7
080310036034015,7
080310042024007,7
080310027081009,7
080310041014023,7
080310023001014,7
080310018002030,7
080310037023004,7
080310039013009,7
080310053001025,7
080310037012007,7
080310035013042,7
080310040022013,7
080310036031005,7
080310052002007,7
080310004012012,7
080310040052010,7
080310044043013,7
080310041112027,7
080310050041005,7
080310035011044,7
080310041021046,7
080310041024008,7
080310037032019,7
080310044033019,7
080050151002011,7
080310041023004,7
080310044041021,7
080310155003010,7
080310041102028,7
080310039014007,7
080310040034018,7
080310035021009,7
080310002023001,7
080310044043002,7
080310002011006,7
080310002024008,7
080310011022006,7
080310068121001,7
080310021013018,7
080310041102011,7
080310043091008,7
080310015001006,7
080310043101012,7
080310004032010,7
080310044041020,7
080310053001029,7
080310018002029,7
080310034022000,7
080310027091001,7
080310041033012,7
080310035021012,7
080310068102007,7
080310041131018,7
080310028051007,7
080310041112009,7
080310043034004,7
080310068041019,7
080310038023008,7
080310036034011,7
080310026023007,7
080310015001001,7
080310021011021,7
080310017052000,7
080310051041006,7
080310043101003,7
080310041036008,7
080310002011032,7
080310028023007,7
080310041036013,7
080310020002011,7
080310037021000,7
080310035021002,7
080310021011017,7
080310041011007,7
080310040061014,7
080310043064011,7
080310017062004,7
080310041081017,7
080310033004007,7
080310070132006,7
080310041036011,7
080310042023023,7
080310036012007,7
080310026032005,7
080310155001001,7
080310040063011,7
080310041092006,7
080310036032025,7
080310037012009,7
080050151002002,7
080310041092031,7
080310038011005,7
080310036022012,7
080310041021040,7
080310040034016,7
080310040052015,7
080310001021006,7
080310044062009,7
080310016035009,7
080310011023003,7
080310042023034,7
080310052003004,7
080310041021044,7
080310027092002,7
080310042011000,7
080310155002000,7
080310027081006,7
080310043062023,7
080310069022000,7
080310040032025,7
080310043102046,7
080310016031002,7
080319802001032,7
080310067012013,7
080310041031013,7
080310032033005,7
080310035013009,7
080310070131010,7
080310041102015,7
080310041022000,7
080310038011006,7
080310068104006,7
080310030031006,7
080310036034022,7
080310028042008,7
080310039021000,7
080310011021013,7
080310016034011,7
080310042012004,7
080310040041023,7
080310041024013,7
080310024021008,7
080310031021001,7
080310041083024,7
080310052002003,7
080310040064009,7
080310039011004,7
080310021011015,7
080310004014011,7
080310029023016,7
080050872001000,7
080310043062028,7
080310068151005,7
080310044031011,7
080310017054000,7
080310052001010,7
080310043102043,7
080310044073015,7
080310028051002,7
080310041084009,7
080310041111002,7
080310038021011,7
080310041082047,7
080310041044008,7
080310011012005,7
080310035012002,7
080310042025014,7
080310011012007,7
080310068151004,7
080310037024000,7
080310029022016,7
080310041021028,7
080310041045014,7
080310042021005,7
080310036021002,7
080310004034004,7
080310044062016,7
080310040031005,7
080310031023002,7
080310043022002,7
080310028013007,7
080310069021008,7
080310039014001,7
080310036033010,7
080310028011007,7
080310041112019,7
080310004031014,7
080310028011008,7
080310004014014,7
080310041112024,7
080310042023021,7
080310051023001,7
080310043093015,7
080310041112085,7
080310043032032,7
080310041092012,7
080310050042000,7
080310034022012,7
080310004012008,7
080310004013011,7
080310035013031,7
080310052003017,7
080310026042000,7
080310041131016,7
080310015002027,7
080310032021007,7
080310001022000,7
080310030041004,7
080310068144006,7
080310041131013,7
080310024042007,7
080310042012018,7
080310041121031,7
080310027062002,7
080050067122000,7
080310036034013,7
080310037032023,7
080310039012024,7
080310016034002,7
080310035021004,7
080310043031020,7
080310041131037,7
080310042025007,7
080310027091004,7
080310035012012,7
080310021011005,7
080310015004017,7
080310068103003,7
080310017061012,7
080310044041022,7
080310051041008,7
080310041042000,7
080310036032009,7
080310037023009,7
080310044061025,7
080310021012008,7
080310027092000,7
080310035011008,7
080310053001022,7
080310153002014,7
080310068041022,7
080310041111037,7
080310042021017,7
080310043021011,7
080310002022028,7
080310050031017,7
080310039013005,7
080310030032000,7
080310043022014,7
080310036013002,7
080310040062000,7
080310027072003,7
080310042024021,7
080310031024007,7
080310024042010,7
080310068143005,7
080310038012000,7
080310040064004,7
080310153001004,7
080310035013030,7
080310021012002,7
080310024053012,7
080310043092008,7
080310043102033,7
080310030041002,7
080310034021003,7
080310039022011,7
080310018001003,7
080310041112078,7
080310035022025,7
080310023001016,7
080310004041011,7
080310041033007,7
080050049522008,7
080310044061016,7
080310001021000,7
080310011022009,7
080310043061009,7
080310040064000,7
080310042012009,7
080310050032008,7
080310038023001,7
080310070883008,7
080310031011016,7
080310030031022,7
080310043032017,7
080310032021009,7
080310043093013,7
080310043064005,7
080310037023006,7
080310039022036,7
080310004034002,7
080310024022016,7
080310040024009,7
080310004014003,7
080310015001010,7
080310154003016,7
080310042014006,7
080310035021038,7
080310028023005,7
080310011014014,7
080310011013015,7
080310002012019,7
080310034023018,7
080310041082015,7
080310036033012,7
080310040034023,7
080310041111022,7
080310069022004,7
080310044061001,7
080310039022004,7
080310040064008,7
080310155004002,7
080310036023012,7
080310030041017,7
080310035011053,7
080310043034026,7
080310002012036,7
080310070883003,7
080310041102048,7
080310040041028,7
080310050012028,7
080310028011001,7
080310051021007,7
080310042025006,7
080310041032006,7
080310052002011,7
080310040024013,7
080310044071028,7
080310041123016,7
080310044072002,7
080310051023015,7
080310002012014,7
080310052001004,7
080310041102056,7
080310041011003,7
080310017072014,7
080310018002033,7
080310053001014,7
080310043032018,7
080050151001010,7
080310043031028,7
080310029022001,7
080310041036007,7
080310036021003,7
080310043063012,7
080310043031013,7
080310068184009,7
080310011011008,7
080310039012008,7
080310050043001,7
080310068042001,7
080310041092000,7
080310032051000,7
080310041031015,7
080310035011017,7
080310051022005,7
080310039014010,7
080310042023037,7
080310039012001,7
080310027081008,7
080310041031011,7
080310067012005,7
080310043022019,7
080310068042004,7
080310044061014,7
080310041045013,7
080310068041016,7
080310040033009,7
080310002022008,7
080310041012008,7
080310042023019,7
080310036032006,7
080310043065021,7
080310043032013,7
080310036021018,7
080310040023017,7
080310030041012,7
080310042013008,7
080310044043014,7
080310042023041,7
080310016031014,7
080310042023029,7
080310040021002,7
080310030041013,7
080310039012025,7
080310034024000,7
080310024053000,7
080310043081008,7
080310016035010,7
080310040061008,7
080310044072012,7
080310041023007,7
080310028011009,7
080310027072006,7
080310040051016,7
080310044062010,7
080310044062003,7
080310015002012,7
080310068121018,7
080310020001012,7
080310043031003,7
080310023003014,7
080310044032033,7
080310043032015,7
080310041082002,7
080310042014005,7
080310002011013,7
080310068182003,7
080310040022015,7
080310043102052,7
080310032031010,7
080310030041008,7
080310043021012,7
080310030031033,7
080310041021005,7
080310050011022,7
080310016035002,7
080310044073009,7
080310032052002,7
080310039022039,7
080310027082000,7
080310037032011,7
080310040051015,7
080310052001011,7
080310044043003,7
080310015001017,7
080310017062002,7
080310053001003,7
080310050011007,7
080310043064013,7
080310051021004,7
080310039013000,7
080310051022009,7
080310038021003,7
080310050032007,7
080310032053001,7
080310041042005,7
080310043023009,7
080310030031016,7
080310153002002,7
080310041092002,7
080310029023003,7
080310024051001,7
080310035021034,7
080310016012011,7
080310068104013,7
080310030041020,7
080310043065018,7
080310036033007,7
080310020002013,7
080310028021011,7
080310041091000,7
080310042012008,7
080310070884002,7
080310015004030,7
080310043071009,7
080310068161000,7
080310017033000,7
080310041102021,7
080310036032007,7
080310037011005,7
080310043031030,7
080310036011017,7
080310041022006,7
080310036021021,7
080310017061020,7
080310034021011,7
080310041122009,7
080310036023006,7
080310041044010,7
080310034011014,7
080310015002001,7
080310052003018,7
080310038022002,7
080050049521011,7
080310036025000,7
080310035021008,7
080310011024011,7
080310017072017,7
080310036034016,7
080310039023020,7
080310040051012,7
080310040031004,7
080310039021003,7
080310016021002,7
080310041131036,7
080310068165005,7
080310040041006,7
080310068171007,7
080310070883012,7
080310037031002,7
080310028023002,7
080310004013012,7
080310044031014,7
080310039012023,7
080310042012014,7
080310052004009,7
080310037012010,7
080310002022006,7
080310041121032,7
080310069032002,7
080310038011039,7
080310043032003,7
080319802001006,7
080310042022009,7
080310021011001,7
080310042013000,7
080310036014004,7
080310040034027,7
080310043034029,7
080310035011052,7
080310041084012,7
080310043093028,7
080310043032039,7
080310016011007,7
080310004041006,7
080310041041006,7
080310035022004,7
080310043031019,7
080310031011025,7
080310039022019,7
080310040041035,7
080310041101006,7
080310068042006,7
080310030041022,7
080310042014017,7
080310037011001,7
080310070132003,7
080310031011004,7
080310036021013,7
080310023002002,7
080310036012006,7
080310050032011,7
080310004014001,7
080310041102009,7
080310031011015,7
080310035021040,7
080310043034012,7
080310043063000,7
080310068164001,7
080310070884000,7
080310002021003,7
080310041123013,7
080310042023025,7
080310015001022,7
080310038023015,7
080310043093016,7
080310068171001,7
080310002022029,7
080310042023001,7
080310043063007,7
080310041014021,7
080310044043017,7
080310041032014,7
080310068121022,7
080310024052011,7
080310043031009,7
080310004032011,7
080310041021021,7
080310042013024,7
080310043065002,7
080310018001005,7
080310002022023,7
080310041111045,7
080310044042004,7
080310032031025,7
080310011023015,7
080310041023008,7
080310067012007,7
080310002012021,7
080310041102041,7
080310041081012,7
080310044073003,7
080310034012016,7
080310070133002,7
080310021012010,7
080310032021006,7
080310037024008,7
080310004011001,7
080310030041001,7
080310017071005,7
080310068121017,7
080310036024008,7
080310017062009,7
080310036034002,7
080310029023002,7
080310039023015,7
080310068123002,7
080310040041010,7
080310016033002,7
080310041102044,7
080310041083023,7
080310023001019,7
080310036032011,7
080310042024013,7
080310041036006,7
080310050011030,7
080310044032024,7
080310068042020,7
080310043093011,7
080310036022003,7
080310043071031,7
080310040052002,7
080310035013010,7
080310068171010,7
080310004014007,7
080310035011020,7
080310001021009,7
080310041131047,7
080310043032010,7
080310153002008,7
080310015001000,7
080310044041004,7
080310041023013,7
080310039013033,7
080310039013031,7
080310032022001,7
080310017061006,7
080310026032002,7
080310027053001,7
080310041081015,7
080310011012009,7
080310041123007,7
080310041112080,7
080310039014006,7
080310031022008,7
080310041082022,7
080310154002005,7
080310043032048,7
080310041122019,7
080310030031036,7
080310027081003,7
080310153002000,7
080310044031009,7
080310035022011,7
080310032023004,7
080310154002001,7
080310041083026,7
080310040051018,7
080310040051009,7
080310028012017,7
080310004011012,7
080310011013006,7
080310068163007,7
080310043071024,7
080310040022002,7
080310043062001,7
080310028012016,7
080310038021005,7
080310036024003,7
080310015004005,7
080310040023012,7
080310068104008,7
080310038013000,7
080310041021043,7
080310050012029,7
080310028012014,7
080310041014030,7
080310016022010,7
080310050011025,7
080310068161004,7
080310044032002,7
080310035011029,7
080310001021001,7
080310040051011,7
080310017031004,7
080310041092020,7
080310154002014,7
080310043083005,7
080310029021015,7
080310028012001,7
080310041102069,7
080310041111016,7
080310016033008,7
080310043093001,7
080310041082040,7
080310028025004,7
080310040023000,7
080310004012002,7
080310028013005,7
080050151002017,7
080310041102076,7
080310016031000,7
080310038022016,7
080310037023007,7
080310038011019,7
080310041041000,7
080310017061001,7
080310002024014,7
080310040041034,7
080310040032000,7
080310044043010,7
080310041021004,7
080310070131005,7
080310041082017,7
080310043032016,7
080310027092005,7
080310041092037,7
080319802001013,7
080310043101042,7
080310041014036,7
080310032032001,7
080310034012020,7
080310037023002,7
080310041021027,7
080310040052016,7
080310027072011,7
080310043093005,7
080310035021041,7
080310042013013,7
080310004034001,7
080310041011014,7
080310052004014,7
080310044043019,7
080310043101038,7
080310029012010,7
080310041023005,7
080310004042002,7
080310002023016,7
080310037011015,7
080050151001023,7
080310024022007,7
080310015003009,7
080310030041009,7
080310018002027,7
080310040051013,7
080310031011024,7
080310020002002,7
080310037032025,7
080310039014012,7
080310029022024,7
080310017062003,7
080310068104001,7
080310039013022,7
080310068151009,7
080310016012006,7
080310044032014,7
080310040033010,7
080310068151000,7
080310037024005,7
080310002011025,7
080310036031010,7
080310023001021,7
080310043022011,7
080310050032003,7
080310043061008,7
080310042015011,7
080310044071035,7
080310004013015,7
080310068121011,7
080310043034031,7
080310041022012,7
080310026023005,7
080310038021017,7
080310024021002,7
080310043083003,7
080310038023022,7
080310154003001,7
080050151002013,7
080310039012009,7
080310043062018,7
080310070914000,7
080310039012021,7
080310043023001,7
080310041044005,7
080310042012015,7
080310041112091,7
080310038021013,7
080310033001010,7
080310004011014,7
080310011023009,7
080310039013013,7
080310043033016,7
080310016034000,7
080310011021011,7
080310027091000,7
080310043021003,7
080310041081011,7
080310042023036,7
080310041041020,7
080310039022009,7
080310053001005,7
080310032052009,7
080310041021041,7
080310044072005,7
080310044032009,7
080310043063010,7
080310051023010,7
080310031022007,7
080310041122011,7
080310051042009,7
080310042021000,7
080310036023001,7
080310021013016,7
080310044072001,7
080310011013000,7
080310036022006,7
080310004043011,7
080310033002011,7
080310015002017,7
080310016022003,7
080310039021008,7
080310031011013,7
080310043102029,7
080310042024012,7
080310153001010,7
080310016012004,7
080310070883011,7
080310035012017,7
080310032023007,7
080310041131056,7
080310021012009,7
080310043064006,7
080310041045012,7
080310026023004,7
080310155003003,7
080310043071026,7
080310032031023,7
080310041022001,7
080310040022000,7
080310017072012,7
080310068123012,7
080310041131010,7
080310041082037,7
080310036033014,7
080310016034009,7
080310030032006,7
080310038012002,7
080310041033013,7
080310155003011,7
080310043033002,7
080310039022034,7
080310015003023,7
080310033002012,7
080310041013000,7
080310041032009,7
080050151002010,7
080310040061000,7
080310053001032,7
080310036012001,7
080310017072001,7
080310034012005,7
080310040031016,7
080310051042000,7
080310051042005,7
080310024042009,7
080310052003020,7
080310037022001,7
080310052001001,7
080310041112002,7
080310155004000,7
080310032023006,7
080310033003008,7
080310001021005,7
080310017071009,7
080310041112033,7
080310033002017,7
080310070883005,7
080050151001020,7
080310042011007,7
080310041014035,7
080310037031004,7
080310026023008,7
080310041112087,7
080310011022004,7
080310042021002,7
080310050011033,7
080310024022005,7
080310002011001,7
080310027041009,7
080310029021009,7
080310067012009,7
080310052002002,7
080310043061003,7
080310041092026,7
080310037031014,7
080310031022003,7
080310036031007,7
080310035021029,7
080310004031008,7
080310040031011,7
080310026032000,7
080310036013010,7
080310068171021,7
080310036013016,7
080310016031005,7
080310037011016,7
080310016033014,7
080310042013003,7
080310043062027,7
080310070131013,7
080310017041005,7
080310041034004,7
080310052001000,7
080310023001001,7
080310029012001,7
080310052003006,7
080310002011019,7
080050151002000,7
080310068161008,7
080310035011045,7
080310041044011,7
080310034011004,7
080310053001008,7
080310015002022,7
080310029021007,7
080310068181004,7
080310041111008,7
080310041111006,7
080310043033005,7
080310041121015,7
080310068104017,7
080310020002015,7
080310052003012,7
080310002011010,7
080310050041006,7
080310040032015,7
080310036022010,7
080310041082003,7
080310043082003,7
080310044033001,7
080310015002014,7
080310041121020,7
080310040023002,7
080310039022005,7
080310024052004,7
080310038011016,7
080310041111007,7
080310036033005,7
080310036013019,7
080310042023003,7
080310016022004,7
080310016033012,7
080310041102013,7
080050049522013,7
080310070372006,7
080310029021012,7
080310043064017,7
080050049522009,7
080310035021014,7
080310037031003,7
080310044073006,7
080310038023018,7
080310023001024,7
080310068121024,7
080310033003014,7
080050049521004,7
080310042013010,7
080310041111053,7
080310028011002,7
080310034023005,7
080310001022035,7
080310068151001,7
080310037032022,7
080310041092045,7
080310038021023,7
080310002021005,7
080310050042005,7
080310051024001,7
080310035011011,7
080310024053013,7
080310041091005,7
080310068123014,7
080310041131007,7
080310041102088,7
080310044062001,7
080310043092019,7
080310011023019,7
080310027081002,7
080310011013007,7
080310154004005,7
080310020002017,7
080310040024005,7
080310036023000,7
080310052002013,7
080310043092001,7
080310030031008,7
080310011023004,7
080310044073021,7
080310041112056,7
080310004014006,7
080310041035010,7
080310026022002,7
080310004034000,7
080310020001017,7
080310032021003,7
080310024022004,7
080310027051003,7
080310050012030,7
080310035011009,7
080310040021013,7
080310043092003,7
080310035013006,7
080310051023003,7
080310040052012,7
080310070131008,7
080310041011012,7
080310050011016,7
080310069021009,7
080310036031008,7
080310017061007,7
080310028042004,7
080310050043004,7
080310044071006,7
080310043093000,7
080310039022023,7
080310017052005,7
080310036011009,7
080310028025008,7
080310038013009,7
080319802001016,7
080310038011028,7
080310040032009,7
080310011022012,7
080310043071021,7
080310038011038,7
080310040032021,7
080310036032010,7
080310041014013,7
080310041102000,7
080310042023035,7
080310041122005,7
080310028021000,7
080310041083004,7
080310035022017,7
080310044062014,7
080310068104005,7
080310038021007,7
080310037011007,7
080310043081001,7
080310039012018,7
080310017042007,7
080310068121007,7
080050151002014,7
080310024022001,7
080310027072005,7
080310011014006,7
080310015001015,7
080310023003006,7
080310004042001,7
080310041102020,7
080310034022027,7
080310001022014,7
080310027063000,7
080310068101008,7
080310041111050,7
080310044043016,7
080310011021010,7
080310044072003,7
080310034022015,7
080310036022008,7
080310016032009,7
080310068144003,7
080310041112037,7
080310004011002,7
080310036022011,7
080310039012011,7
080310002011007,7
080310068121020,7
080310041032015,7
080310036032008,7
080310041033008,7
080310041123000,7
080310050012000,7
080310044041009,7
080310039021001,7
080310068184001,7
080310041014019,7
080310016013006,7
080310053001020,7
080310002024013,7
080310041013001,7
080310029011001,7
080310039022012,7
080310038013011,7
080310037031000,7
080310050042002,7
080310024041009,7
080310040061010,7
080310043031031,7
080310044071008,7
080310035022033,7
080310028024001,7
080310011024005,7
080310043032036,7
080310032032022,7
080310041041016,7
080310016032002,7
080310041092016,7
080310041102093,7
080310068042007,7
080310040061018,7
080310002024000,7
080310050011024,7
080310028022000,7
080310016021004,7
080310068042008,7
080310002023011,7
080310027081000,7
080310036022005,7
080310040033005,7
080310015002029,7
080310068041023,7
080310031024004,7
080310041012003,7
080310036032022,7
080310044071036,7
080310036034017,7
080310042024015,7
080319802001009,7
080310044071022,7
080310034022006,7
080310043033022,7
080310017061005,7
080310068182009,7
080310029023015,7
080310017031003,7
080310043062017,7
080310002011026,7
080310032051002,7
080310068141003,7
080310041034011,7
080310053001033,7
080310154003014,7
080310016022001,7
080310044032017,7
080310043092034,7
080310004014010,7
080310032031015,7
080310070882000,7
080310021012000,7
080310017043004,7
080310024053006,7
080310042023042,7
080310042025001,7
080310043021002,7
080310033004009,7
080310002011021,7
080310041102078,7
080310044031008,7
080310041021029,7
080310041024007,7
080310050041001,7
080310031024006,7
080310070132001,7
080310037012003,7
080310017052004,7
080310041014020,7
080310040041005,7
080310015002003,7
080310053001000,7
080310040062005,7
080310044061037,7
080310039021017,7
080310041112079,7
080310043032011,7
080310044072000,7
080310042015018,7
080310011022001,7
080310043092023,7
080310042013015,7
080310002023000,7
080310050011003,7
080310043092007,7
080310023003021,7
080310043065006,7
080310036023016,7
080310042023031,7
080310024021004,7
080310038011021,7
080310042021008,7
080310050012017,7
080310029012000,7
080310041102095,7
080310041011000,7
080310021011006,7
080310028012003,7
080310028025015,7
080310042012006,7
080310032031009,7
080310028021001,7
080310044061030,7
080310041111048,7
080310036013006,7
080310033002015,7
080310015004003,7
080310002011008,7
080310017072022,7
080310041083028,7
080310027091005,7
080310041043002,7
080310028042011,7
080310044061017,7
080310044033012,7
080310039012005,7
080310070913002,7
080310042014010,7
080310027061009,7
080310041131054,7
080310002024015,7
080310040034003,7
080310044072009,7
080310044061027,7
080310027052001,7
080310038011020,7
080310034023003,7
080310035011049,7
080310068182004,7
080310041102027,7
080310030032011,7
080310068121026,7
080310040051005,7
080310040052017,7
080310039012014,7
080310068144004,7
080310004042004,7
080310041024003,7
080310068104018,7
080310026041003,7
080310041084003,7
080310040021016,7
080310043063005,7
080310036021016,7
080310043065019,7
080310043033010,7
080310068123001,7
080310043063002,7
080310043102045,7
080310028025012,7
080310043101009,7
080310043031010,7
080310044071033,7
080310029012005,7
080310070882002,7
080310016034014,7
080310043034011,7
080310015004015,7
080310038023021,7
080310040022005,7
080310044071010,7
080310042015001,7
080310017041009,7
080310041036010,7
080310053001001,7
080310153001018,7
080310051023000,7
080310040021015,7
080310043071025,7
080310153001011,7
080310041112069,7
080310040034019,7
080310041123017,7
080310015004004,7
080310069032001,7
080310068171022,7
080310041024000,7
080310040061002,7
080310016011002,7
080310031022002,7
080310043083010,7
080310041033009,7
080310021011020,7
080310036034003,7
080310004043000,7
080310050012011,7
080310028021006,7
080310043031015,7
080310028042000,7
080310023002019,7
080310029023000,7
080310044062023,7
080310040023011,7
080310051042010,7
080310041092043,7
080310040034000,7
080310039012012,7
080310042016008,7
080310041092044,7
080310044032001,7
080310037011017,7
080310004041005,7
080310031024005,7
080310011012001,7
080310023001013,7
080310044071003,7
080310023003011,7
080310041032003,7
080310043102008,7
080310030041024,7
080310051041007,7
080310043093022,7
080310001021010,7
080310015004018,7
080310035013023,7
080310068042014,7
080310036022013,7
080310041043015,7
080310040061001,7
080310042024000,7
080310042022008,7
080310020001002,7
080310011012004,7
080310035013039,7
080310041011010,7
080310039011010,7
080310017043003,7
080310039013021,7
080310068161002,7
080310016013005,7
080310041045003,7
080310011012008,7
080310015002020,7
080310001021018,7
080310034012012,7
080310042012000,7
080310041112061,7
080310041084006,7
080310044043005,7
080310017072018,7
080310068184000,7
080310040064003,7
080310035011039,7
080310028013017,7
080310041012014,7
080310044043020,7
080310034022016,7
080310069031009,7
080310039022018,7
080310050032014,7
080310027091002,7
080310043071011,7
080310001022019,7
080310036022007,7
080310154003017,7
080310068042017,7
080319802001021,7
080310042022004,7
080310027041008,7
080310035013033,7
080310032041001,7
080310070133001,7
080310023003018,7
080310041014015,7
080310034011005,7
080310011021016,7
080310042013020,7
080310052001003,7
080310028042001,7
080310041081018,7
080310044071023,7
080310018002014,7
080310041082004,7
080310011014000,7
080310040021012,7
080310002022009,7
080310032032017,7
080310068042003,7
080310042024017,7
080310029021006,7
080310002022018,7
080310041131002,7
080310040064005,7
080310041112053,7
080310070911001,7
080310026023006,7
080310028012002,7
080310037031016,7
080310028052007,7
080310018001004,7
080310015001007,7
080310024051003,7
080310036024002,7
080310153001012,7
080310039012002,7
080310040024008,7
080310041102089,7
080310041012009,7
080310039023002,7
080310004011013,7
080310004012010,7
080310017052006,7
080310028011003,7
080310050012025,7
080310037032006,7
080310041111021,7
080310042015019,7
080310024052019,7
080310040062007,7
080310030041016,7
080310041014017,7
080310011012003,7
080310001021003,7
080310042022006,7
080310032053004,7
080310041112017,7
080310027061008,7
080310041102070,7
080310023003022,7
080050049511002,7
080310027081001,7
080310040034005,7
080310041112073,7
080310031023012,7
080310036025013,7
080310004032002,7
080310018002008,7
080310024022008,7
080310029021018,7
080310044043008,7
080310044061010,7
080310032023003,7
080050151001003,7
080310043091010,7
080310011011002,7
080310041122012,7
080310041121014,7
080310052002005,7
080310041021016,7
080310039023009,7
080310042011015,7
080310068151022,7
080310043102006,7
080310042016000,7
080310043071006,7
080310044071027,7
080310043032033,7
080310023002020,7
080310044033017,7
080310042025002,7
080310034022004,7
080310038023006,7
080310011021020,7
080310023001008,7
080310041112004,7
080310040062018,7
080310041102086,7
080310029013009,7
080310041013002,7
080310024053003,7
080310043063008,7
080050049522002,7
080310015003001,7
080310015001019,7
080310068104012,7
080310031011018,7
080310041131031,7
080310068123005,7
080310038023011,7
080310015004022,7
080310041032012,7
080310051023005,7
080050049521010,7
080310070883007,7
080310041031004,7
080310037021007,7
080310017061021,7
080310042023032,7
080310044041016,7
080310041083011,7
080310031022005,7
080310027052004,7
080310051023011,7
080310043093021,7
080310042015009,7
080310016035011,7
080310026041000,7
080310041011002,7
080310041112010,7
080310028013010,7
080310023001007,7
080310016032000,7
080310037032004,7
080310043101034,7
080310028023004,7
080310040041016,7
080310029014008,7
080310044061006,7
080310034012010,7
080310031022013,7
080310002012001,7
080310043071027,7
080310043102040,7
080310040033008,7
080310044061028,7
080310043071028,7
080310044031001,7
080310028013015,7
080310002024005,7
080310036011011,7
080310023003024,7
080310011023006,7
080310028023008,7
080310032033018,7
080310020001001,7
080310038011027,7
080310039013023,7
080310043071032,7
080310036033001,7
080310043034008,7
080310024022003,7
080310004041012,7
080310155004003,7
080310040031012,7
080310036011008,7
080310043031007,7
080310042012017,7
080310041112062,7
080310042024016,7
080310018002028,7
080310041083007,7
080310011021007,7
080310040061017,7
080310028013018,7
080310017072009,7
080310041023003,7
080310042025005,7
080310029013010,7
080310034012024,7
080310035013021,7
080310037032021,7
080310043101010,7
080310001021011,7
080310041032005,7
080310041034010,7
080310027082002,7
080310029022022,7
080310038013008,7
080310043034022,7
080310028041002,7
080310041033010,7
080310016022011,7
080310015003007,7
080310040034006,7
080310038013006,7
080310044061005,7
080310044031004,7
080310040064011,7
080310042025004,7
080310068121016,7
080310069032007,7
080310041031009,7
080310068041021,7
080310036023007,7
080310043081006,7
080310026021005,7
080310032033007,7
080310040023010,7
080310032021002,7
080310068123013,7
080310039022016,7
080310020003011,7
080310154002013,7
080310001021015,7
080310017042006,7
080310070132004,7
080310016011017,7
080310040034012,7
080310035021025,7
080310043102044,7
080310036034010,7
080310041083018,7
080310039014021,7
080310028042005,7
080310020001004,7
080310039022021,7
080310041121023,7
080310040031003,7
080310041131057,7
080310068041011,7
080310036013001,7
080310041111019,7
080310043031001,7
080310032042002,7
080310020003012,7
080310027082005,7
080310041102037,7
080310038011035,7
080310041083029,7
080310041021034,7
080310035011003,7
080310039013027,7
080310039021016,7
080050151001026,7
080310041021012,7
080310024053001,7
080310044032003,7
080310041032001,7
080310040063008,7
080310040022008,7
080310051041004,7
080310037032018,7
080310016032004,7
080310004012011,7
080310043061015,7
080310020003008,7
080310002012033,7
080310041035008,7
080310041131045,7
080310041102038,7
080310068161010,7
080310032023005,7
080310036032021,7
080310011023014,7
080310037022000,7
080310068161006,7
080310044061020,7
080310067012015,7
080310036031013,7
080310039012006,7
080310042023011,7
080310043022008,7
080310068104014,7
080310041031005,7
080310068163008,7
080310040033011,7
080310004042000,7
080310036025007,7
080310068041018,7
080310044073004,7
080310011012010,7
080310021012004,7
080310002012002,7
080310032041000,7
080310043064021,7
080310039012015,7
080310040033006,7
080310041102096,7
080310020002009,7
080310034021015,7
080310039022033,7
080310034011000,7
080310044061019,7
080310021022001,7
080310027092004,7
080310042024020,7
080310051021008,7
080310035011028,7
080310035022028,7
080310034021012,7
080310017041012,7
080310016011020,7
080310036025003,7
080310020003009,7
080310041014025,7
080310036033004,7
080310015002024,7
080310068165006,7
080310036032017,7
080310004041007,7
080310018003000,7
080310015002015,7
080310016013004,7
080319802001012,7
080310043033007,7
080310027061005,7
080310016035004,7
080310041014009,7
080310042014007,7
080310016031003,7
080310040062002,7
080310035011050,7
080310015004028,7
080310035012018,7
080310030032010,7
080310043101035,7
080310068142000,7
080310068161003,7
080310051023006,7
080310041014002,7
080310032032020,7
080310068163000,7
080310043101033,7
080310021011008,7
080050049511003,7
080310026022001,7
080310041102072,7
080310039021013,7
080310040062009,7
080310001022001,7
080310035022015,7
080310041014006,7
080310037014002,7
080310041102001,7
080310031022001,7
080310002011031,7
080310043065015,7
080310043032026,7
080310050011014,7
080310017032000,7
080310040052008,7
080310038022009,7
080310040034008,7
080310039011009,7
080310050012026,7
080310068042010,7
080310028022003,7
080310036025014,7
080310041044000,7
080310050031000,7
080310041081002,7
080310035011005,7
080310043033024,7
080310017062007,7
080310036031017,7
080310042015012,7
080310043031016,7
080310016033015,7
080310041032011,7
080310001022017,7
080310004034003,7
080310011011001,7
080310015003011,7
080310039013034,7
080310041031001,7
080310041042004,7
080310041111046,7
080310011014003,7
080310002022017,7
080310041042012,7
080310037032002,7
080310043032014,7
080310017062011,7
080310043065014,7
080310041034015,7
080310034022014,7
080310040034014,7
080050049521002,7
080310043061007,7
080310004034005,7
080310041131023,7
080310001022002,7
080310002012010,7
080310042023014,7
080310041102091,7
080310036032020,7
080310069032011,7
080310053001015,7
080310038023016,7
080310041091004,7
080310040021006,7
080310041044006,7
080310015002030,7
080050049521001,7
080310004013006,7
080310039013035,7
080310039022027,7
080310041022004,7
080310040032026,7
080310043022013,7
080310068103001,7
080310028022005,7
080310021013017,7
080310039014014,7
080310068141006,7
080310029012011,7
080310043102049,7
080310039013018,7
080310043101027,7
080310035011040,7
080310041081014,7
080310002022007,7
080310016033005,7
080310040041027,7
080310043092029,7
080310043061018,7
080310011014016,7
080310004014002,7
080310043022003,7
080310051021002,7
080310068151014,7
080310002022015,7
080310043034017,7
080310043032020,7
080310026032001,7
080310041024012,7
080310044071002,7
080310041121021,7
080310015004024,7
080310044033010,7
080310041034002,7
080310030042011,7
080310036024000,7
080310041112049,7
080310068041025,7
080310041112063,7
080310041131042,7
080310070883001,7
080310017072000,7
080310041041021,7
080310043032031,7
080310041014012,7
080310051042006,7
080310039014019,7
080310050012023,7
080310043083015,7
080310040032006,7
080310028041006,7
080310041112000,7
080310042024005,7
080310001021019,7
080310029023013,7
080310041112029,7
080310041111000,7
080310041092042,7
080310031011002,7
080310044031003,7
080310040032003,7
080310068162002,7
080310043102038,7
080310050011000,7
080319802001020,7
080310041092039,7
080310033001007,7
080310011011000,7
080310039022022,7
080310052003002,7
080310026023001,7
080310032031014,7
080310041081013,7
080310011011010,7
080310017072002,7
080310041122018,7
080310044061013,7
080310020003010,7
080310043032037,7
080310153001006,7
080310015004016,7
080310015001011,7
080310016011016,7
080310035021017,7
080310039013025,7
080310069023006,7
080310023003005,7
080310035011012,7
080310068171024,7
080310002012040,7
080310070372002,7
080310041111010,7
080310024021003,7
080310044071009,7
080310039022031,7
080310011014007,7
080310041093000,7
080310024052007,7
080310040023016,7
080310029013005,7
080310043102001,7
080310011021009,7
080310035022012,7
080310020003004,7
080310023002015,7
080310041102033,7
080310032023000,7
080310030031021,7
080310044031015,7
080310024041004,7
080310041092032,7
080310032032021,7
080310043071008,7
080310027051001,7
080310038021020,7
080310033002016,7
080310044071024,7
080310035022032,7
080310043092033,7
080310042022001,7
080310153001016,7
080310068042012,7
080310004012003,7
080310035011002,7
080310039023001,7
080310040041012,7
080310069032009,7
080310031021006,7
080310040032022,7
080310068161007,7
080310068171006,7
080310030042026,7
080310069032008,7
080310037012000,7
080310031023005,7
080310002024003,7
080310002012027,7
080310041131051,7
080310017072005,7
080310031011022,7
080310011024002,7
080310067012000,7
080310030031025,7
080310041102057,7
080310067013000,7
080310043031024,7
080310002023004,7
080310039014020,7
080310027072010,7
080310041042001,7
080310039021012,7
080310027061004,7
080310040032010,7
080310036012013,7
080310004032005,7
080310052003003,7
080310026032003,7
080310040031017,7
080310029011011,7
080310043092012,7
080310024041001,7
080310036013008,7
080310034011013,7
080310031022004,7
080310043101013,7
080310043081002,7
080310041046014,7
080310041021024,7
080310042024003,7
080310004031006,7
080310041041002,7
080310043065004,7
080310154002017,7
080310017061017,7
080310041111003,7
080310029014000,7
080310068123008,7
080310042021014,7
080310044073017,7
080310036014015,7
080310039021002,7
080310004032012,7
080310041021026,7
080310154002016,7
080310036014017,7
080050151001016,7
080310042013001,7
080310041102016,7
080310028025007,7
080310043101023,7
080310036032003,7
080310050031007,7
080310044073013,7
080310044073011,7
080310027091006,7
080310040032019,7
080050151001021,7
080310050031016,7
080310040041014,7
080310039014000,7
080310016021006,7
080310041121022,7
080310017043005,7
080310043032012,7
080310041083015,7
080310044042009,7
080310032041002,7
080310043063015,7
080310043032034,7
080310002023010,7
080310042016011,7
080310002024016,7
080310052004007,7
080310036021004,7
080310154004014,7
080310004014012,7
080310042012001,7
080310041036016,7
080310068123016,7
080310068161012,7
080310028022004,7
080310035011025,7
080310016013010,7
080310034012025,7
080310039021006,7
080310036033003,7
080310024022015,7
080310011011013,7
080310031021007,7
080310041102043,7
080310030041006,7
080310002022013,7
080310051024000,7
080310035021022,7
080310041013004,7
080050049511004,7
080310020003005,7
080310068163011,7
080310070913001,7
080310041092028,7
080310023003025,7
080310035011054,7
080310052002008,7
080310068041020,7
080310001022004,7
080310070132005,7
080310050031013,7
080310043064007,7
080310041102045,7
080310028025010,7
080310030032003,7
080310068041008,7
080310042015014,7
080310011024012,7
080310041092023,7
080310032031001,7
080310033003003,7
080310029022003,7
080310015001021,7
080310036025011,7
080310017042002,7
080310068041009,7
080310029021010,7
080310043092002,7
080310016011008,7
080310051042001,7
080310027082006,7
080310068171014,7
080310041102094,7
080310016033007,7
080310050011011,7
080310028023011,7
080310043101029,7
080310155003004,7
080310050012032,7
080310043101002,7
080310015003008,7
080310032051005,7
080310011013013,7
080310042014009,7
080310053001011,7
080310044033023,7
080310030042024,7
080310070913000,7
080310018002000,7
080310041033011,7
080310041045008,7
080310032032000,7
080310041044002,7
080310039023014,7
080310041045010,7
080310041102075,7
080310011021003,7
080310041122004,7
080310042016002,7
080310037023003,7
080310040034011,7
080310041081005,7
080310044073005,7
080310023003016,7
080310044031002,7
080310040032013,7
080310068171002,7
080310041102039,7
080310042012010,7
080310027091003,7
080310036032013,7
080310050032005,7
080310041111005,7
080310043061017,7
080310026021004,7
080310041012011,7
080310043093004,7
080310024041000,7
080310015001013,7
080310040062014,7
080310041092052,7
080310044073023,7
080310050041000,7
080310043033004,7
080310043102026,7
080310016011019,7
080310044032016,7
080310042023002,7
080310036024001,7
080310004032013,7
080310043092006,7
080310041043020,7
080310034022023,7
080310033002008,7
080310039022014,7
080310016011010,7
080310068104019,7
080310030032012,7
080310040031015,7
080310017042009,7
080310070373001,7
080310033004003,7
080310042022003,7
080050049521012,7
080310043093006,7
080310035021026,7
080310041112065,7
080310032022002,7
080310043101024,7
080310043081004,7
080310002022001,7
080310038023002,7
080310036032004,7
080310041083012,7
080050049511006,7
080310041083009,7
080310038011025,7
080310035013041,7
080310023003028,7
080310042012016,7
080310041014001,7
080310043064003,7
080310026031003,7
080310041036012,7
080310042023038,7
080310041101004,7
080310041035006,7
080310036013007,7
080310040023005,7
080310032053000,7
080310032022003,7
080319802001024,7
080310041111018,7
080310042024001,7
080310040052013,7
080310042013025,7
080310068041005,7
080310042014011,7
080310037031008,7
080310040041002,7
080310041046007,7
080310038022014,7
080310041131044,7
080310032033020,7
080310038011014,7
080310017072008,7
080310027042004,7
080310033003004,7
080310032032013,7
080310068103004,7
080310041021030,7
080310024052017,7
080310039013030,7
080310004034007,7
080310002011004,7
080310050011021,7
080310030031015,7
080310154004003,7
080310153001007,7
080310038023014,7
080310043061004,7
080310035013013,7
080310015003012,7
080310043062020,7
080310040062008,7
080310037032016,7
080310068165003,7
080310041121034,7
080310070062001,7
080310041102051,7
080310069021004,7
080310069022009,7
080310068151029,7
080310004013007,7
080310035012006,7
080310041031012,7
080310002023008,7
080310035022030,7
080050049522010,7
080310035021019,7
080310040024007,7
080310038013007,7
080310040063009,7
080310043021010,7
080310051042008,7
080310026031004,7
080310027071003,7
080310040063015,7
080310041102090,7
080310041033004,7
080310041102023,7
080310040041036,7
080310038023007,7
080310015001018,7
080310042023033,7
080310035022021,7
080310001022015,7
080310068182011,7
080310041021038,7
080310043031011,7
080310043031021,7
080310041041010,7
080310034022007,7
080310043022004,7
080310068151034,7
080310015001008,7
080310050011012,7
080310038011022,7
080310067011001,7
080310040041003,7
080310041035013,7
080310053001027,7
080310041111038,7
080310016032005,7
080310070372004,7
080310030041000,7
080050151001025,7
080310036011004,7
080310017072025,7
080310041122013,7
080310041131011,7
080310042023006,7
080310154004009,7
080310041014037,7
080310042021004,7
080310039013028,7
080310044061023,7
080310041023011,7
080310017061004,7
080310068183003,7
080310068165000,7
080310041121001,7
080310026042002,7
080310039013032,7
080310068042002,7
080310033003016,7
080310015002025,7
080310035022014,7
080310043062025,7
080310041111041,7
080310044032006,7
080310017071000,7
080310032031027,7
080310038011029,7
080310052001008,7
080310040063006,7
080310043032043,7
080310032031016,7
080310020001003,7
080310043065017,7
080310041023014,7
080310069022001,7
080310040052009,7
080310041014027,7
080310023003004,7
080310028051004,7
080310043032040,7
080310024053008,7
080310068144002,7
080310043102009,7
080310027053000,7
080310039023016,7
080310023001026,7
080310035013003,7
080310015004006,7
080310039023000,7
080310040061004,7
080310068181001,7
080310068184005,7
080310039013006,7
080310053001006,7
080310041092035,7
080310041036002,7
080310032033003,7
080310004043004,7
080310041091001,7
080310043071020,7
080310036013000,7
080310027071000,7
080310029014007,7
080319802001011,7
080310053001021,7
080310028013008,7
080310041121025,7
080310040062011,7
080310155002001,7
080310024052008,7
080310068161005,7
080310028012011,7
080310043031008,7
080310034023006,7
080310002023020,7
080310043092000,7
080310004014004,7
080310039011008,7
080050151002009,7
080310070913003,7
080310026022004,7
080310020001011,7
080310068121012,7
080310041021015,7
080310041042003,7
080310024042006,7
080310037024001,7
080310040052001,7
080310043032042,7
080310035021016,7
080310036011005,7
080310043081005,7
080310041011013,7
080310043062026,7
080310154004016,7
080310041112041,7
080310020002007,7
080310043022024,7
080310068161009,7
080310021012011,7
080310042014016,7
080310043102002,7
080310040032008,7
080310068161017,7
080310041043005,7
080310050043005,7
080310036034021,7
080310154004001,7
080310015001016,7
080310043101026,7
080310034012009,7
080310011022007,7
080310050043003,7
080310034021014,7
080310004013003,7
080310050012008,7
080310033004004,7
080310044031007,7
080310070372008,7
080310034011011,7
080310027063002,7
080310018003002,7
080310041033015,7
080310037021004,7
080310070373004,7
080310041082016,7
080310043093018,7
080310015004008,7
080310041011006,7
080310043021001,7
080310034012022,7
080310044033011,7
080310024053009,7
080310041045006,7
080310040063002,7
080310051041002,7
080310024053007,7
080310042011010,7
080319802001029,7
080310068102001,7
080310034023017,7
080310002012015,7
080310052004011,7
080310027072002,7
080310040041024,7
080310044041018,7
080310039012010,7
080310034022003,7
080310041041005,7
080310041012010,7
080310041043012,7
080310050012012,7
080310040051010,7
080310043071012,7
080310040041021,7
080310004011000,7
080310020002014,7
080310016034004,7
080050049522012,7
080310038023012,7
080310044033021,7
080310032032019,7
080310002024011,7
080310041045009,7
080310041102077,7
080310053001017,7
080310050011002,7
080310004041002,7
080310044062011,7
080310036034000,7
080310038021004,7
080310037021002,7
080310041083019,7
080310036032024,7
080310038011015,7
080310039012013,7
080310043092017,7
080310068184007,7
080310029021002,7
080310017072004,7
080310068121000,7
080310043101039,7
080310068144000,7
080310044041010,7
080310023002025,7
080310015002018,7
080310041112075,7
080310041102005,7
080310021012006,7
080310040022007,7
080310051022003,7
080310043102010,7
080310016011006,7
080310041112006,7
080310036013018,7
080310015002010,7
080310002024012,7
080310041111026,7
080310031011023,7
080310027061003,7
080310024041011,7
080310041131033,7
080310043102013,7
080310017042011,7
080310041112012,7
080310023003017,7
080310039023018,7
080310053001031,7
080310030041018,7
080310050032009,7
080310036032023,7
080310043083000,7
080310002022021,7
080310017043007,7
080310015002013,7
080310043071000,7
080310035011051,7
080310041121033,7
080310027062006,7
080310068121013,7
080310041123019,7
080310033001013,7
080310041112022,7
080310032032009,7
080310041043008,7
080310029022005,7
080310037022007,7
080310016033013,7
080310002012023,7
080310043062009,7
080310038023019,7
080310038013002,7
080310041082025,7
080310040022004,7
080310051021006,7
080310042013022,7
080310041121002,7
080310041112031,7
080310068104004,7
080310015001014,7
080310041111023,7
080310033002014,7
080310070881000,7
080310011013014,7
080310044071026,7
080310041082045,7
080310042025011,7
080310041043001,7
080310036032002,7
080310033002004,7
080310041091008,7
080310027063001,7
080310040061015,7
080310070882005,7
080310050012014,7
080310040061009,7
080310041082029,7
080050049511005,7
080310024021010,7
080310041102071,7
080310041084013,7
080310039014018,7
080310069022016,7
080310017051000,7
080310034021005,7
080310030031012,7
080310015001025,7
080310040021009,7
080310070373002,7
080310041081001,7
080310011024014,7
080310043033019,7
080310040062012,7
080310040023013,7
080310052001013,7
080310032031008,7
080310039012007,7
080310001021016,7
080310021011019,7
080310050011032,7
080310035012005,7
080310035021027,7
080310041014034,7
080310029011000,7
080310068041003,7
080310015003018,7
080310036024014,7
080310039022035,7
080310040064010,7
080310050012013,7
080310041102050,7
080310044071005,7
080310015002006,7
080310029023008,7
080310030042028,7
080310036031015,7
080310051021003,7
080310044062002,7
080310067012003,7
080310024022013,7
080310035013017,7
080050151002018,7
080310039013017,7
080310043092025,7
080310052004016,7
080310034021007,7
080310042023010,7
080310068121015,7
080310011011011,7
080310036012014,7
080310043071013,7
080310011014010,7
080310030031034,7
080310023002016,7
080310023002018,7
080310068122001,7
080310041092009,7
080310027051002,7
080310043091004,7
080310033001001,7
080310041021035,7
080310041011011,7
080310044042002,7
080310004011008,7
080310051022004,7
080310042012005,7
080310041102080,7
080310032031020,7
080310035011046,7
080310035011030,7
080310002012034,7
080310043061013,7
080310033003011,7
080310040061003,7
080310031011009,7
080310041112076,7
080310035012013,7
080310032042003,7
080310042011013,7
080310043061011,7
080310040052005,7
080310040062015,7
080310041045007,7
080310017041004,7
080310002023006,7
080310026041004,7
080310155003007,7
080310044033000,7
080310041035012,7
080310041112030,7
080310029012002,7
080310017071010,7
080310011014005,7
080310051022000,7
080310041131035,7
080310017061008,7
080310068163005,7
080310044032004,7
080310044073022,7
080310032031000,7
080310043031002,7
080310023002014,7
080310032033000,7
080310027062004,7
080310028022002,7
080310021023000,7
080310004042009,7
080310036034004,7
080310154003013,7
080050872001008,7
080310041082027,7
080310024053004,7
080310155003006,7
080310042013004,7
080310068143007,7
080310026031008,7
080310035013032,7
080310018002024,7
080310044043011,7
080310031022010,7
080310016012003,7
080310040032016,7
080310031023006,7
080319802001019,7
080310043093019,7
080310034021000,7
080310024021005,7
080310043071005,7
080310031022012,7
080310070063000,7
080310068163003,7
080310040061007,7
080310041012016,7
080310035011001,7
080310011021014,7
080310036012003,7
080310023001005,7
080310043022007,7
080310036031023,7
080310034012003,7
080310050041004,7
080310044061031,7
080310051022006,7
080310032051001,7
080310036023002,7
080310040021010,7
080310004033006,7
080310050011010,7
080310068151018,7
080310041084002,7
080319802001017,7
080310051041010,7
080310041121009,7
080310004034008,7
080310041112044,7
080310032033015,7
080310021011009,7
080050049522007,7
080310043064020,7
080310041042008,7
080310029013004,7
080310041092047,7
080310040062003,7
080310036024015,7
080310041111017,7
080310004031007,7
080310041043018,7
080310040023008,7
080310020002005,7
080310042011001,7
080310035021001,7
080310041123012,7
080310036023005,7
080310011013005,7
080310068171023,7
080310051023025,7
080310041131048,7
080310017041008,7
080310041111042,7
080310041041004,7
080310029021020,7
080310035012009,7
080310042024008,7
080310041083010,7
080310043102005,7
080310016013011,7
080310044031010,7
080310028042007,7
080310041042007,7
080310039011011,7
080310021012001,7
080310036021006,7
080310050012006,7
080310034023000,7
080310016034008,7
080310041092029,7
080310032042004,7
080310042016015,7
080310041036003,7
080310043102047,7
080310032021000,7
080310037022009,7
080310016034012,7
080310052004013,7
080310044032007,7
080310043062029,7
080310068161014,7
080310050012019,7
080050151001027,7
080310040034020,7
080310035011033,7
080310040032012,7
080310154004018,7
080310041023001,7
080310040041011,7
080310015004020,7
080310068102003,7
080310032022004,7
080310002012000,7
080310011011012,7
080310041081003,7
080310041082046,7
080310032033010,7
080310043092015,7
080310036032000,7
080310039022024,7
080310040034026,7
080310043092024,7
080310034012008,7
080310028011006,7
080310041035005,7
080310043062013,7
080310015002023,7
080319802001035,7
080310015001002,7
080310039021011,7
080310020002012,7
080310041034001,7
080310016034003,7
080310069023000,7
080310031024003,7
080310041084022,7
080310067012011,7
080310016011013,7
080310043031018,7
080310052004005,7
080310016012008,7
080310052002001,7
080310002022000,7
080310041123003,7
080310041082030,7
080310051041001,7
080310041021008,7
080050049521009,7
080310028023009,7
080310002011020,7
080310068181000,7
080310068102002,7
080310068171028,7
080310041083030,7
080310024052006,7
080310028023000,7
080310041083033,7
080310035013037,7
080310027041001,7
080310042015017,7
080319802001037,7
080310036023013,7
080310002012038,7
080310041014010,7
080310038011024,7
080310052003007,7
080310068121025,7
080310024022002,7
080310016034005,7
080310068042000,7
080310042022007,7
080310042021010,7
080310016013007,7
080310038011004,7
080310040051006,7
080310011022010,7
080310041131003,7
080310041121012,7
080310015004000,7
080310002012003,7
080310044043004,7
080310033001003,7
080310070883010,7
080310041032013,7
080310044043007,7
080310035012001,7
080310041123015,7
080310041082009,7
080310029011010,7
080310027053003,7
080310068102000,7
080310043083001,7
080310023002017,7
080310041084018,7
080310036012002,7
080310042014000,7
080310028021012,7
080310027041012,7
080310039011006,7
080310034023004,7
080310040061021,7
080310004031009,7
080310043021008,7
080310154002002,7
080310041092008,7
080310042025003,7
080310042022010,7
080310011024009,7
080310041024005,7
080310004043009,7
080310023003010,7
080310041102030,7
080310041092053,7
080310069031004,7
080310041131030,7
080319802001033,7
080310043062000,7
080050151001022,7
080310028012005,7
080310020003007,7
080310004032000,7
080310037024007,7
080310024041006,7
080310043022001,7
080310041102065,7
080310001022018,7
080310011023007,7
080310040031018,7
080310042015007,7
080310040061012,7
080310043065012,7
080310011011004,7
080310042013012,7
080310023002013,7
080310017053001,7
080310039023003,7
080050049522006,7
080310036033006,7
080310015003013,7
080310021011014,7
080310043083006,7
080310041083027,7
080310030031017,7
080310039023005,7
080310035011027,7
080310011013003,7
080310068042018,7
080310036013003,7
080310051023012,7
080310041046012,7
080310028041008,7
080310040022011,7
080310041033014,7
080310043065000,7
080310044041003,7
080310033003006,7
080310041102002,7
080310034022008,7
080310068132001,7
080310039013001,7
080310040032024,7
080310036031022,7
080310043102035,7
080310040032001,7
080310021012007,7
080310037011009,7
080310044071000,7
080310041111043,7
080310015002009,7
080310041011015,7
080310043083014,7
080310042016009,7
080310028011004,7
080310041046017,7
080310002011002,7
080310041021042,7
080310036031020,7
080310044061022,7
080310043102015,7
080310016011001,7
080310004033007,7
080310041021017,7
080310028012013,7
080310040024002,7
080310017053000,7
080310044061033,7
080310044041017,7
080310030032007,7
080310035021021,7
080310036013017,7
080310038023020,7
080310042015003,7
080310015004011,7
080310068151011,7
080310069031008,7
080310040034007,7
080050151001018,7
080310040023004,7
080310042023009,7
080310044041023,7
080310027052003,7
080310023001017,7
080310042015008,7
080310030031024,7
080310017041011,7
080310041111001,7
080310044044004,7
080310002012020,7
080310011012006,7
080310040041019,7
080310039013020,7
080310069021000,7
080310029022004,7
080310040064013,7
080310017052001,7
080310037012008,7
080310039021005,7
080310068123004,7
080310035011019,7
080310042021013,7
080310041112057,7
080310041121008,7
080310043032044,7
080310041013003,7
080310001022005,7
080310041092051,7
080310043033000,7
080310050032006,7
080310029022002,7
080310050011004,7
080310023003000,7
080310043022022,7
080310051042013,7
080310023002024,7
080310068171017,7
080310017052003,7
080310041022014,7
080310068041004,7
080310043102007,7
080310042016004,7
080310070062002,7
080310039013010,7
080310027092003,7
080310052004015,7
080310032031013,7
080310044031006,7
080310031024000,7
080310153001000,7
080310034012013,7
080310021011018,7
080310043032022,7
080310068041002,7
080310042014014,7
080310041021023,7
080310042013021,7
080310041112086,7
080310016032010,7
080310031011028,7
080310001022031,7
080310004014000,7
080310002011022,7
080310044062013,7
080310051021000,7
080310050011019,7
080310011023011,7
080310028012004,7
080310068041024,7
080310067012017,7
080310016011009,7
080310024042005,7
080310029011006,7
080310044032025,7
080310027082004,7
080310044073002,7
080310050011031,7
080310041013014,7
080310041122015,7
080310023002023,7
080310068162001,7
080310011012012,7
080310070372003,7
080310024052013,7
080310041012007,7
080310038022018,7
080310043065003,7
080310043063009,7
080310011021022,7
080310002011018,7
080310044072006,7
080310023001006,7
080310069022013,7
080310041111020,7
080310027053004,7
080310044071012,7
080310023003008,7
080310042021012,7
080310032032018,7
080310036031019,7
080310029012003,7
080310044042000,7
080310032031003,7
080310041013011,7
080310041032008,7
080310021022004,7
080310043092030,7
080310015002016,7
080310043064010,7
080310068122004,7
080310035013001,7
080310044043000,7
080310043071019,7
080310041092025,7
080310041024006,7
080310034011012,7
080310041131055,7
080310041112055,7
080310021011013,7
080310044071007,7
080310024052014,7
080310044042008,7
080310036011013,7
080310041021002,7
080310043032002,7
080310043023020,7
080310016033009,7
080310044062000,7
080310035022002,7
080310004041010,7
080310037031001,7
080310004012007,7
080310002022003,7
080050049511007,7
080310043022017,7
080310044062004,7
080310068151002,7
080310154004007,7
080310004011005,7
080310028052002,7
080310024053002,7
080310051041009,7
080310040041032,7
080310044033003,7
080310037012004,7
080310036033013,7
080310026031005,7
080310036011001,7
080310043034010,7
080310043032000,7
080310153002010,7
080310038011032,7
080310041011008,7
080310041112013,7
080310011014013,7
080310039011001,7
080310068184008,7
080310040041008,7
080310032032023,7
080310034022011,7
080310032031006,7
080310031011029,7
080310032051003,7
080310032031019,7
080310068101005,7
080310031024001,7
080310041044004,7
080310015001009,7
080310068041026,7
080310041081008,7
080310028011011,7
080310016031009,7
080310036014000,7
080310044061003,7
080310015004029,7
080310052004010,7
080310042023039,7
080310069022002,7
080310042012011,7
080310035022029,7
080310016031001,7
080310020001000,7
080310043093027,7
080310041112039,7
080050049521005,7
080310020003000,7
080310052002012,7
080310043102014,7
080310030032009,7
080310041036018,7
080310041112040,7
080310042023028,7
080310024052015,7
080310041046011,7
080310043033003,7
080310031021002,7
080310029022014,7
080310041021011,7
080310041111009,7
080310035013038,7
080310041112074,7
080310043065005,7
080310036024010,7
080310040024001,7
080310041112054,7
080310041024015,7
080310042013009,7
080310018003004,7
080310068122002,7
080310043064018,7
080310032033022,7
080310043065013,7
080310041112047,7
080310041012013,7
080310016032008,7
080310043102012,7
080310041111036,7
080310036033002,7
080310043102042,7
080310041036004,7
080310016034007,7
080310041083000,7
080310037024004,7
080310041021047,7
080310040022018,7
080310041102019,7
080050049521006,7
080310040022009,7
080310018002023,7
080310040032023,7
080310037032010,7
080310043102048,7
080310024053011,7
080310033003002,7
080310041111034,7
080310031011021,7
080310042014002,7
080310051024003,7
080310044033016,7
080310034011006,7
080310004012009,7
080310043032041,7
080310043102000,7
080310036034007,7
080310017062001,7
080310068042016,7
080310043062024,7
080310017061019,7
080310042016006,7
080310043023015,7
080310011024006,7
080310041033003,7
080310068123017,7
080310002011024,7
080310002024004,7
080310030042009,7
080310038011008,7
080310023003012,7
080310026022003,7
080310050012009,7
080310044032022,7
080310068143003,7
080310035013018,7
080310034021010,7
080310068104016,7
080310035021005,7
080310035011007,7
080310016031006,7
080310041111014,7
080310031011012,7
080310043062012,7
080310029012007,7
080310068164003,7
080310016021001,7
080310011024013,7
080310043081003,7
080310011023000,7
080310041024001,7
080310069031006,7
080310041092024,7
080310040061019,7
080310011021006,7
080310036014011,7
080310037024003,7
080310043102011,7
080310004043010,7
080310041112081,7
080310002011005,7
080310041123006,7
080310044071020,7
080310031024002,7
080310039013007,7
080310040033007,7
080310028021008,7
080310043034009,7
080310043034018,7
080310043034032,7
080310035022001,7
080310026021006,7
080310041111025,7
080310043032009,7
080310050041002,7
080310044071011,7
080310043101041,7
080310017071008,7
080310043081007,7
080310044032010,7
080319802001022,7
080310041022015,7
080310052004000,7
080310036025005,7
080310029013006,7
080310041102053,7
080310040032011,7
080310041014000,7
080310002022005,7
080310038011030,7
080310017041006,7
080310041102042,7
080310031011017,7
080310029023004,7
080310028052000,7
080310051022008,7
080310029013000,7
080310043062008,7
080310068042019,7
080310042013002,7
080310017062006,7
080319802001036,7
080310028021004,7
080310042021016,7
080310044061032,7
080310068171012,7
080310041092041,7
080310043064000,7
080310043071016,7
080310016022000,7
080310040051003,7
080310024041005,7
080310041131026,7
080310069022012,7
080310043102020,7
080310017072015,7
080310039023007,7
080310068181003,7
080310043065007,7
080310037031015,7
080310035022009,7
080310044043009,7
080310032032015,7
080310041084019,7
080310041021037,7
080310002012025,7
080310031011026,7
080310041121019,7
080310035012008,7
080310036021019,7
080310029013007,7
080310030041010,7
080310041101002,7
080310036013013,7
080310041131053,7
080310034022036,7
080310041021001,7
080310035013008,7
080310052001002,7
080310002011011,7
080310021011002,7
080310001022003,7
080310043023000,7
080310070131011,7
080310020003002,7
080310027081011,7
080310036012005,7
080310039012020,7
080310011023010,7
080310040052003,7
080310043092005,7
080310028051001,7
080310068101009,7
080310027041006,7
080310039022017,7
080310042013014,7
080310015004014,7
080310068171020,7
080310153002015,7
080310029011003,7
080310034023010,7
080310042016014,7
080310027071004,7
080310039013019,7
080310011022000,7
080310050012003,7
080310029023009,7
080310052003016,7
080310011023008,7
080310020001015,7
080310024041008,7
080310041111039,7
080310051024002,7
080310041012002,7
080310043065009,7
080310043063017,7
080310015001004,7
080310043071023,7
080310030032002,7
080310041014004,7
080310068121003,7
080310036023015,7
080310017061009,7
080310023002008,7
080310041092015,7
080310023003023,7
080310027042002,7
080310016022009,7
080310001022006,7
080310026031000,7
080310038021008,7
080310036031009,7
080310041112016,7
080050151002015,7
080310020001016,7
080310043101028,7
080310024051000,7
080310070884001,7
080310052004003,7
080310155003005,7
080310034011007,7
080310040063012,7
080310036014006,7
080310043023018,7
080310051024007,7
080310034022024,7
080310040034001,7
080050151001004,7
080310041082019,7
080310043062011,7
080310041121003,7
080310038013004,7
080310035022016,7
080310070372009,7
080310044044003,7
080310043023004,7
080310004031003,7
080310040064001,7
080310044061021,7
080310041083005,7
080310040041029,7
080310004013014,7
080310016033006,7
080310039012000,7
080310044043015,7
080310036011006,7
080310023003009,7
080310039021021,7
080310042025010,7
080310027051000,7
080310029014004,7
080310037023001,7
080310041021003,7
080310032032004,7
080310037031018,7
080310016021005,7
080310043034023,7
080310036011016,7
080310035021044,7
080310027062001,7
080310036021009,7
080310002022024,7
080310002012031,7
080310041092030,7
080310068151027,7
080310041024002,7
080310041111028,7
080310017043002,7
080310041083031,7
080310044032015,7
080310004031002,7
080310068122000,7
080310043091003,7
080310032023008,7
080310040041004,7
080310024021011,7
080310041042002,7
080310035022008,7
080310068183001,7
080310040021018,7
080310042023020,7
080310016033001,7
080310041102084,7
080310041131034,7
080310028012010,7
080310041084007,7
080310002022025,7
080310035013015,7
080310041011016,7
080310043064008,7
080310044041019,7
080310043101022,7
080310043102036,7
080310035022019,7
080310028023006,7
080310041022005,7
080310024042002,7
080310043101016,7
080310035022027,7
080310021022002,7
080310042021003,7
080310033004005,7
080310042013005,7
080310023001009,7
080310043091000,7
080310036021005,7
080310037014003,7
080310037011010,7
080310042024010,7
080310043062004,7
080050151002016,7
080310016022007,7
080310016032001,7
080310068161019,7
080310040033000,7
080310015002028,7
080310037011004,7
080310040022010,7
080310068163013,7
080310036021001,7
080310068042021,7
080310041043014,7
080310041122001,7
080310041082036,7
080310030031028,7
080310032021001,7
080310017061010,7
080310030031000,7
080310041022011,7
080310044061008,7
080310040031013,7
080310023003002,7
080310039022015,7
080310041112077,7
080310028023013,7
080310041024014,7
080310002023009,7
080310036021000,7
080310004042005,7
080310043065001,7
080310039022002,7
080310024021000,7
080310004011009,7
080310028042002,7
080310068042005,7
080310052003009,7
080310041041014,7
080310032033008,7
080310002022031,7
080310052003000,7
080310041131027,7
080310038023000,7
080310068151019,7
080310017071004,7
080310011014015,7
080310041024009,7
080310021022003,7
080310041102031,7
080310038011010,7
080310004032009,7
080310069023001,7
080310004013010,7
080310043091006,7
080310043091001,7
080310153003000,7
080310154004013,7
080310036035001,7
080310069023005,7
080310044033004,7
080310035022022,7
080310034022025,7
080310043065016,7
080310040022017,7
080310034012006,7
080310068182008,7
080310029022018,7
080310043092014,7
080310037032020,7
080310070131009,7
080310031023004,7
080310017042003,7
080310043031005,7
080310029022026,7
080310041082005,7
080310052002006,7
080310040034022,7
080310050012027,7
080310043021013,7
080310043032035,7
080310016012010,7
080310040031010,7
080310033001017,7
080310017061022,7
080310051022001,7
080310041121017,7
080310052003010,7
080310043021004,7
080310068101010,7
080310018002031,7
080310041082008,7
080310002011012,7
080310041102022,7
080310041083001,7
080310037011000,7
080310032033004,7
080310032053002,7
080310041084004,7
080310040041007,7
080310050011028,7
080310034023021,7
080310041102066,7
080310043092016,7
080310011023018,7
080310041102083,7
080310041084011,7
080310068151024,7
080310036012008,7
080310015003014,7
080310020003006,7
080310004011011,7
080310024051004,7
080310042022013,7
080310067013001,7
080310050012018,7
080310041092022,7
080310042014004,7
080310043023003,7
080310153001014,7
080310035013029,7
080310036014007,7
080310070131002,7
080310004041008,7
080310040023018,7
080310039011007,7
080310034023013,7
080310070373000,7
080310016013002,7
080310041014026,7
080310042022002,7
080310023003026,7
080310024022010,7
080310028052008,7
080310036021017,7
080310041023000,7
080310015003022,7
080310034022010,7
080310041111027,7
080310016031010,7
080310044032018,7
080310028025002,7
080310041035001,7
080310002024009,7
080310032031012,7
080050151001005,7
080310038021016,7
080310038021012,7
080310041011009,7
080310043092020,7
080310069031005,7
080310030041019,7
080310038011017,7
080310018002009,7
080310068165002,7
080310038022005,7
080310070371002,7
080310029022000,7
080310044033024,7
080310153001001,7
080050049522004,7
080310068184006,7
080310002012017,7
080310032033006,7
080310044032008,7
080310041123010,7
080310037032017,7
080310039022006,7
080310040041017,7
080310001021017,7
080310041102029,7
080310026021000,7
080310041044001,7
080310038011001,7
080310004012004,7
080310028021002,7
080310038011003,7
080310036024006,7
080310043033006,7
080310035021007,7
080310039014015,7
080310034012017,7
080310043065020,7
080310028013002,7
080310033001009,7
080310041045004,7
080310036021022,7
080310043023010,7
080310017072007,7
080310041034000,7
080050151001008,7
080310018002018,7
080310029022006,7
080310070131003,7
080310068101000,7
080310068142001,7
080310036024016,7
080310043032045,7
080310041082012,7
080310040064006,7
080310043023006,7
080310033003012,7
080310044072007,7
080310035012000,7
080310037021001,7
080310037011014,7
080310053001004,7
080310052002004,7
080310043071004,7
080310016034006,7
080310037011002,7
080310041032000,7
080310041021014,7
080310042012003,7
080310042016010,7
080310041082035,7
080310034023009,7
080310043102051,7
080310039013011,7
080310068104002,7
080310042024019,7
080319802001010,7
080310070372001,7
080310042014003,7
080310041083022,7
080310044032031,7
080310029011008,7
080310041082013,7
080050151001014,7
080310016031004,7
080310023002010,7
080310041111032,7
080310041102081,7
080310042016005,7
080310017043001,7
080310011013012,7
080310050042001,7
080310001021004,7
080310017042005,7
080310051042007,7
080310032052005,7
080310023002026,7
080310033003017,7
080310041031002,7
080310036025001,7
080310011011007,7
080310029012004,7
080319802001018,7
080310011023023,7
080310037031012,7
080310050032004,7
080310051042002,7
080310028052003,7
080050151001028,7
080310036021010,7
080310040032014,7
080310035011031,7
080310033001008,7
080310042013019,7
080310043062010,7
080310023002009,7
080310043023007,7
080310026021003,7
080310036023010,7
080319802001040,7
080310004034009,7
080310041111035,7
080310043083004,7
080310033002002,7
080310068141004,7
080310037031011,7
080310002022012,7
080310039013004,7
080310029021013,7
080310011022003,7
080310041045001,7
080310023001022,7
080310044061038,7
080310024052000,7
080310043071018,7
080310041112021,7
080310033002009,7
080310050011008,7
080310018002002,7
080310044071018,7
080310041131014,7
080310050012016,7
080310004012014,7
080310050031004,7
080310041014007,7
080310041013012,7
080310036031001,7
080310043032028,7
080310026031002,7
080310043063011,7
080310067011000,7
080310041102087,7
080319802001039,7
080310029022010,7
080310036011010,7
080310038013010,7
080310029023011,7
080310002024010,7
080310002022022,7
080310027052002,7
080310050031001,7
080310040061016,7
080310030031011,7
080310041021006,7
080310041111031,7
080310069032004,7
080310032033011,7
080310042022005,7
080310068041015,7
080310153002004,7
080310068151031,7
080310043082001,7
080310029021016,7
080310015004010,7
080310043023012,7
080310068042009,7
080310044032011,7
080310029011005,7
080310032052001,7
080310041034009,7
080310044073016,7
080310050011018,7
080310069032006,7
080310040024006,7
080310044041005,7
080310041092013,7
080310036023009,7
080310041091007,7
080310068042013,7
080310002023007,7
080310042025000,7
080310015001012,7
080310028012012,7
080310042023026,7
080310068163009,7
080310031022011,7
080310068142003,7
080310042021001,7
080310043093010,7
080310035011037,7
080310044031012,7
080310044044005,7
080310029021004,7
080310153002013,7
080310039023011,7
080310032031017,7
080310032023001,7
080310041102063,7
080310044042007,7
080310044062007,7
080310027042003,7
080310041023010,7
080310040041001,7
080310028013003,7
080310032052008,7
080310040022006,7
080310044071013,7
080310068041010,7
080319802001041,7
080310041092040,7
080310043023008,7
080310041122002,7
080310033003005,7
080310036021015,7
080310026032007,7
080310035021006,7
080310043033020,7
080310036031016,7
080310024021006,7
080310002011015,7
080310027061000,7
080310042014018,7
080310032041006,7
080310043101015,7
080310153002006,7
080310069023003,7
080310021011000,7
080310040024004,7
080310027071002,7
080310155003000,7
080310041123008,7
080310034012004,7
080310043092028,7
080310044062021,7
080310070914001,7
080310068163010,7
080310037013000,7
080310036013020,7
080310044071004,7
080310027081005,7
080310040041038,7
080310015003017,7
080310002012005,7
080310069022015,7
080310041123001,7
080310016012012,7
080310036031004,7
080310028051003,7
080310043082004,7
080310015003004,7
080310040024012,7
080310044032028,7
080310070882004,7
080310011023002,7
080310041102026,7
080310036014005,7
080310031023001,7
080310029022025,7
080310041041011,7
080310020001010,7
080310038023010,7
080310068042011,7
080310035012020,7
080310068103005,7
080310021011007,7
080310031011007,7
080310043102032,7
080310037024002,7
080310035013012,7
080310015001020,7
080310029011004,7
080310043023016,7
080310043064016,7
080310040023006,7
080310011013009,7
080310041084015,7
080310068103002,7
080310052002009,7
080310050011013,7
080310043033021,7
080310004042006,7
080310041041015,7
080310043062002,7
080310030042027,7
080310034022013,7
080310067011003,7
080310035013016,7
080310041111024,7
080310043102024,7
080310039014008,7
080310041081000,7
080310052003001,7
080310038023004,7
080310016013000,7
080310011013001,7
080310041112001,7
080310033001011,7
080310015004012,7
080310044071025,7
080310041092049,7
080310043092031,7
080310053001024,7
080310050041007,7
080310070132000,7
080310052004002,7
080310029021011,7
080310034023001,7
080310041083025,7
080310021013014,7
080310032033013,7
080310023003007,7
080310068103000,7
080310044062018,7
080310002012013,7
080310037032013,7
080310002021008,7
080310041082032,7
080310041021013,7
080310039022032,7
080319802001008,7
080310042011009,7
080310041092027,7
080310016031007,7
080310041102014,7
080310043083013,7
080310041084008,7
080310002022020,7
080310040063013,7
080310035013034,7
080310043091007,7
080310001022033,7
080310051023017,7
080310068161013,7
080310052004001,7
080310027092001,7
080690020072023,8
080690024012063,8
080690001002031,8
081230007034002,8
080690019011010,8
080690028051005,8
080690018044040,8
080690018124007,8
080690002021027,8
081230020133028,8
081230005022029,8
080690009011005,8
081230021011019,8
080690025071007,8
081230021073067,8
080690017082005,8
080690013071002,8
080690028041032,8
080690002022021,8
081230021064012,8
081230025014154,8
080690028043004,8
081230023003023,8
080690024041016,8
081230023001032,8
081230021017017,8
080690027003015,8
081230020191022,8
081230007031019,8
081230020181015,8
080690017152055,8
080690018131018,8
080690025052001,8
081230021063015,8
081230017004036,8
081230014131020,8
080690013061004,8
081230025013035,8
080690011062001,8
081230001003013,8
080690006001000,8
080690028011035,8
080690025083005,8
080690017152047,8
080690019022012,8
080690025073029,8
080690009012002,8
080690024011155,8
080690017065008,8
080690019011032,8
080690010082001,8
080690008021013,8
081230022082125,8
081230021014025,8
080690017132031,8
081230022052013,8
080690025082046,8
080690002012036,8
081230010061017,8
081230021083020,8
081230020192034,8
080690006004008,8
081230018001134,8
080690016051000,8
080690024011102,8
080690018123038,8
080690024031294,8
081230025015057,8
081230014161017,8
081230014062001,8
081230015001007,8
080690028031021,8
080690017074016,8
081230020202002,8
080690003001016,8
080690011141040,8
080690025072037,8
081230004021021,8
080690017142005,8
080690009014016,8
080690025052010,8
080690020052004,8
080690024031002,8
081230014171014,8
080690020082006,8
080690024031073,8
080690020072003,8
081230021064027,8
080690026022024,8
081230006001000,8
080690027002039,8
081230022031102,8
080690025033031,8
080690019013009,8
081230012012017,8
081230014072002,8
081230022031061,8
080690007002033,8
081230011001016,8
080690024031178,8
080690016023000,8
081230021083015,8
081230016002089,8
081230021073053,8
081230021017024,8
081230023002003,8
081230023005026,8
080690004012011,8
080690011074000,8
081230023005066,8
080690019051040,8
080690005052007,8
080690005041005,8
080690024011234,8
080690025033014,8
081230017004051,8
081230014062039,8
081230021016083,8
081230021071020,8
081230021013012,8
080690010041009,8
080690017131026,8
080690017071004,8
080690019023018,8
080690017074008,8
081230014121009,8
081230007051055,8
081230021015003,8
080690018112022,8
080690011101006,8
080690002021009,8
081230020101016,8
080690026011007,8
081230025011004,8
081230021041068,8
081230022062027,8
081230023002032,8
080690019011031,8
080690010102008,8
080690013083035,8
080690018082039,8
081230014061009,8
081230007034009,8
081230025014073,8
080690019043038,8
081230014132009,8
080690010092021,8
081230010042028,8
081230020202019,8
081230006001004,8
080690005042007,8
080690024031199,8
080690020073030,8
080690013072015,8
081230006001037,8
081230008003002,8
080690017131080,8
081230015004026,8
081230023003020,8
080690013061013,8
080690017152085,8
081230021013039,8
081230021072003,8
080690025051011,8
081230023005056,8
080690007001040,8
081230021072013,8
081230022081087,8
080690013082004,8
080690025041039,8
080690007001000,8
081230014092002,8
081230020133004,8
081230015004029,8
081230021016092,8
080690010092016,8
081230021041041,8
080690024031280,8
080690019042006,8
080690005041006,8
081230022081025,8
080690013062011,8
081230010042035,8
080690018071007,8
080690024012089,8
080690013083029,8
081230009001008,8
081230021072019,8
080690004022035,8
080690028051025,8
080690026022069,8
080690025032000,8
080690018101010,8
080690017132069,8
081230021064039,8
080690024011008,8
080690024031113,8
081230021051154,8
080690020113014,8
081230010031012,8
080690026022016,8
080690020073014,8
080690017123021,8
081230025011053,8
080690024031154,8
081230021017015,8
080690013014031,8
081230010062002,8
080690020083010,8
080690016082006,8
081230007031032,8
080690016011001,8
080690025073019,8
081230007034023,8
081230002002001,8
080690024041055,8
081230012012027,8
081230021072030,8
081230006001024,8
080690025071034,8
081230016002074,8
081230022083052,8
080690003002003,8
081230007011010,8
081230016003034,8
080690024031025,8
081230021017006,8
081230014041030,8
081230020201009,8
081230021081043,8
080690025082053,8
080690020051024,8
080690017142065,8
081230010052011,8
080690016012020,8
080690024041024,8
080690017101001,8
080690011064000,8
081230010056013,8
080690019051046,8
080690003002018,8
081230004023017,8
081230022031047,8
080690017142038,8
080690011121013,8
080690018044015,8
081230016002017,8
081230002002005,8
080690026011023,8
081230023004001,8
081230017003046,8
081230022082098,8
081230022082047,8
081230023005055,8
081230015001003,8
081230022081047,8
080690019021010,8
080690010091006,8
081230020141003,8
080690020052020,8
081230021016018,8
080690025083004,8
080690026022090,8
080690017141022,8
080690016081014,8
081230015003006,8
080690016081021,8
081230021082005,8
081230025011015,8
081230012021001,8
081230010056016,8
080690024011153,8
081230015003043,8
081230022091013,8
080690016054042,8
081230021041019,8
080690013012011,8
080690025083013,8
081230021016073,8
080690028014012,8
080690016083008,8
081230017003018,8
080690028043024,8
080690018102009,8
081230010041023,8
080690024011101,8
080690005052009,8
081230010043031,8
080690018103018,8
080690002021036,8
080690028031006,8
080690028012021,8
081230007033007,8
081230021082012,8
081230021041008,8
081230015001009,8
081230008001004,8
080690004022018,8
080690023001042,8
081230014081013,8
081230011002002,8
081230022053013,8
080690011063016,8
081230025015086,8
080690017142082,8
080690017142015,8
080690013063012,8
080690020111020,8
081230009002006,8
080690019051034,8
081230023003016,8
080690017112018,8
081230025014096,8
081230011003001,8
081230014141024,8
081230001003000,8
080690019043030,8
080690024011122,8
081230018001115,8
080690020072010,8
080690019022019,8
080690017131061,8
081230020101017,8
081230022082035,8
080690013014007,8
080690013052000,8
080690001002015,8
081230018001154,8
080690019051093,8
080690004012022,8
080690019021012,8
080690025051041,8
080690011112015,8
080690017131044,8
081230012013002,8
081230021041079,8
081230023005024,8
081230012011009,8
081230010063018,8
081230020101001,8
080690010031006,8
081230017003026,8
080690017072004,8
080690025051038,8
080690024011093,8
080690025061033,8
080690024031007,8
080690017152093,8
081230004021012,8
080690026023047,8
081230010043011,8
080690002022036,8
081230007051018,8
081230010055021,8
080690018101004,8
081230016003033,8
080690011103005,8
081230014111019,8
081230016002034,8
081230018001103,8
081230022041003,8
080690025042016,8
081230025015053,8
080690026023044,8
081230014111012,8
080690011063011,8
081230015003078,8
081230006001025,8
081230021013040,8
081230021065033,8
080690010042002,8
081230022071026,8
081230021071036,8
081230021011038,8
080690025082015,8
081230001001014,8
081230010031011,8
080690013062040,8
080690005042021,8
081230021081036,8
080690023002023,8
080690002022004,8
080690024032017,8
080690027004040,8
081230017002035,8
080690010073005,8
081230020131015,8
081230023003022,8
080690024011172,8
080690024011177,8
080690001002040,8
080690024012049,8
080690017123004,8
080690011121014,8
080690009021001,8
081230014111033,8
081230020193001,8
081230020191012,8
080690026011049,8
081230007052061,8
081230014151010,8
081230016002031,8
080690016083022,8
081230022041005,8
081230010061013,8
081230007032004,8
080690020114023,8
080690019043001,8
081230025014132,8
081230025014075,8
080690028052032,8
080690025033089,8
080690011072001,8
080690018073044,8
081230004022011,8
080690020081020,8
081230014042021,8
081230022082081,8
081230006001041,8
081230001001015,8
081230023002040,8
080690008011025,8
080690018083021,8
081230025013017,8
080690010073009,8
081230021083034,8
080690013014010,8
081230025013020,8
080690025051022,8
081230020211018,8
080690009023006,8
080690018103026,8
080690017141026,8
081230021011047,8
081230001003008,8
081230001001010,8
081230014041013,8
080690013012012,8
081230022081005,8
081230025015124,8
080690025061022,8
080690017102016,8
080690024041009,8
081230025014078,8
081230017002006,8
080690007001044,8
080690018124020,8
080690002012028,8
081230025013024,8
081230022031111,8
080690026023016,8
080690018083002,8
081230007012029,8
081230001001006,8
081230014151012,8
080690018101018,8
080690019051108,8
080690020052002,8
080690013081004,8
081230021073003,8
081230021011012,8
080690013072026,8
081230022061005,8
080690013012015,8
080690025033065,8
081230025015147,8
081230005021027,8
080690011131006,8
080690007001012,8
081230022083054,8
080690010035003,8
080690027003017,8
081230004013019,8
080690011073001,8
080690024031225,8
080690016072007,8
080690024031108,8
080690020071039,8
080690013042019,8
081230014131023,8
081230017002059,8
080690019042019,8
081230017001024,8
080690024011154,8
081230017001035,8
081230014081008,8
081230025013074,8
080690025061004,8
081230004023021,8
080690001002044,8
080690018072003,8
081230020193011,8
080690024011106,8
080690002011012,8
081230014171006,8
080690011092014,8
081230022091007,8
081230021071029,8
081230022071000,8
080690019042022,8
080690018082011,8
081230010061010,8
080690026022052,8
081230014102007,8
080690027001008,8
080690020071009,8
080690011045012,8
080690019051048,8
080690007001005,8
080690016052015,8
080690017152106,8
080690018121032,8
081230021016058,8
080690010093001,8
081230012011003,8
081230018001088,8
081230022053027,8
081230007052039,8
080690011075006,8
080690013084011,8
080690020082005,8
080690013083064,8
081230014042028,8
081230007033012,8
081230021073024,8
080690018131017,8
080690024011068,8
081230002001005,8
080690026022077,8
081230021082008,8
080690028053021,8
081230010042004,8
080690010042000,8
081230010055008,8
081230007031003,8
081230021061005,8
080690028052011,8
081230022081079,8
081230014051018,8
081230020203022,8
080690016054009,8
080690028031052,8
081230014052016,8
081230007052014,8
081230015003031,8
081230020133014,8
080690017131053,8
081230018001147,8
081230020191002,8
080690024011006,8
081230020202016,8
081230022031007,8
080690010073014,8
080690017143013,8
080690019051087,8
081230020161030,8
080690003001027,8
081230018002057,8
081230014111026,8
080690028052003,8
081230021082003,8
080690020082004,8
080690019043037,8
081230021013032,8
080690003002017,8
081230020042006,8
080690016054004,8
081230015001029,8
080690024012025,8
081230020201013,8
081230022082145,8
081230010051024,8
081230008003001,8
081230014101012,8
081230004011010,8
081230025014144,8
080690011094005,8
080690016053013,8
080690004011004,8
081230021065031,8
080690018122007,8
080690017151032,8
081230014111038,8
080690016071015,8
081230025014038,8
081230020133030,8
080690016032006,8
081230014092015,8
080690024031093,8
080690013072042,8
080690028053012,8
080690017142032,8
080690025033070,8
081230025014012,8
080690013082002,8
080690017142017,8
080690024031254,8
081230015001016,8
080690024011108,8
081230014041010,8
080690002022000,8
080690025081009,8
081230008002019,8
081230014041031,8
081230021012002,8
081230016003070,8
081230007051039,8
081230018001105,8
081230021071014,8
081230023003012,8
081230023004038,8
081230020161021,8
081230022091030,8
081230015003082,8
080690025061062,8
081230002002008,8
080690009014000,8
081230014062009,8
080690010031009,8
080690018073008,8
081230004021009,8
080690025082043,8
081230014152019,8
081230025014032,8
081230017004034,8
080690020072022,8
080690024031084,8
081230016001010,8
080690005052014,8
081230016001028,8
080690027002037,8
080690025073028,8
081230020121012,8
081230022082006,8
081230021016005,8
081230021073030,8
080690017122008,8
081230015003062,8
081230021065052,8
081230021016046,8
081230018002039,8
080690011063008,8
081230007051012,8
080690003001040,8
081230021012023,8
080690017123031,8
081230022031107,8
080690016082025,8
080690027002051,8
081230020141016,8
080690011111008,8
081230021071021,8
081230022081001,8
081230021061037,8
081230021011040,8
080690011043003,8
081230022083001,8
081230010063012,8
080690026021014,8
081230022053008,8
081230007041001,8
080690016011013,8
081230020133019,8
081230014121004,8
080690025061026,8
080690002012016,8
081230021013038,8
081230025014124,8
081230021065006,8
081230022031052,8
081230022082126,8
081230021073054,8
080690018082034,8
080690025033022,8
080690008011026,8
081230018002067,8
080690013072039,8
080690017141013,8
080690005061020,8
081230014092007,8
081230014141032,8
080690020083022,8
081230014064006,8
081230022081064,8
080690019051011,8
080690013084030,8
081230001003009,8
081230004021001,8
081230021071025,8
080690016024005,8
081230014081005,8
081230021071035,8
081230017004048,8
081230025014087,8
080690025081011,8
081230022091031,8
080690025032027,8
080690028041011,8
081230023004036,8
080690016021000,8
081230016002003,8
080690020112001,8
080690024041010,8
080690020082001,8
080690017152092,8
080690002021002,8
081230014042032,8
080690016012032,8
080690025032041,8
080690017152054,8
081230025014153,8
081230025015052,8
080690020081006,8
080690013082016,8
081230014051010,8
080690019051076,8
080690025082058,8
080690002022029,8
080690004011002,8
081230017004010,8
081230020202009,8
080690018112020,8
080690020051004,8
080690020071041,8
081230010043008,8
080690019051027,8
080690011045010,8
081230022082032,8
080690020073046,8
081230021083027,8
080690017101002,8
080690003001017,8
081230018001084,8
081230021017007,8
080690018043006,8
081230017001000,8
080690020073000,8
080690016033007,8
080690017112024,8
081230014052014,8
080690020101027,8
081230012011010,8
081230025015076,8
081230017002058,8
081230005021023,8
080690020114020,8
081230022081014,8
080690027003010,8
081230014162046,8
080690013063007,8
081230010043022,8
080690004022038,8
080690018123056,8
080690002012009,8
080690023002012,8
080690010092025,8
080690019051031,8
081230022052016,8
080690026023048,8
080690007002053,8
081230022082135,8
081230023002002,8
080690024012055,8
080690001002014,8
080690017066023,8
080690024031231,8
081230007031009,8
080690020081003,8
081230018001135,8
081230014131010,8
081230016002023,8
080690002012049,8
080690024031182,8
081230014081025,8
081230021051016,8
080690027001004,8
080690016022009,8
081230025014045,8
081230017004015,8
081230021016055,8
081230020133009,8
080690017151001,8
080690025071039,8
080690017152086,8
081230020203017,8
080690020073032,8
080690028052015,8
080690025061024,8
080690018082043,8
081230017001040,8
081230007052049,8
081230014042013,8
080690026023030,8
080690017101040,8
081230008001019,8
081230025011049,8
081230010033000,8
081230021073062,8
081230007052056,8
081230012021014,8
080690013083003,8
080690016052032,8
081230022052004,8
080690017131056,8
081230017001028,8
080690025071009,8
080690009022004,8
080690017072023,8
081230017004049,8
081230014131013,8
080690004021001,8
081230020161012,8
080690027002020,8
080690025061038,8
080690024011196,8
080690026023051,8
081230021051116,8
081230022091081,8
081230014092017,8
080690018112016,8
081230022081046,8
080690020072004,8
080690020082003,8
081230014152021,8
081230017003064,8
080690025041040,8
081230014162031,8
080690016054049,8
080690016054034,8
080690002022034,8
081230022081002,8
081230021051000,8
081230018001019,8
081230004012001,8
081230025015136,8
081230014092009,8
081230025014027,8
080690027003026,8
081230023001045,8
081230021017027,8
081230020121024,8
080690019041042,8
081230001002009,8
080690020112000,8
081230005022009,8
081230018002020,8
081230010042003,8
081230014172005,8
080690024031206,8
080690025062002,8
080690020113008,8
080690018132006,8
080690024041026,8
080690017101037,8
080690017131039,8
080690025072046,8
081230020101022,8
081230021041087,8
080690024031303,8
081230025011034,8
080690018122002,8
080690017066026,8
081230014131016,8
080690001003039,8
080690004012021,8
081230020191008,8
081230014122001,8
080690004022010,8
081230020161038,8
080690018072023,8
080690008021005,8
081230013003003,8
081230020203019,8
080690024011014,8
080690026022041,8
080690018071001,8
080690025053009,8
080690020073038,8
080690028011027,8
080690028041021,8
080690018123017,8
081230014041045,8
080690019011012,8
081230025013084,8
081230021051002,8
081230025011009,8
080690020052024,8
081230020211014,8
081230021012041,8
081230021082043,8
081230007051036,8
080690028012012,8
080690024041060,8
080690011122012,8
081230020171004,8
080690009012007,8
080690010095021,8
081230006001014,8
080690024031292,8
080690007002012,8
081230014121020,8
080690025073037,8
080690025083009,8
080690019043029,8
080690002012017,8
081230017002060,8
081230010061030,8
080690019013031,8
080690018121004,8
081230016002092,8
080690028014009,8
081230021015005,8
080690024031198,8
080690018073014,8
081230014101022,8
080690001002000,8
081230015005040,8
081230021017008,8
080690016071029,8
081230025013060,8
080690017113008,8
081230022082037,8
080690016082030,8
080690013083054,8
081230023002008,8
080690023001043,8
080690013083012,8
081230017001057,8
080690019011009,8
081230007031031,8
080690010093006,8
081230018002037,8
080690007002017,8
081230020101040,8
080690027004004,8
081230015003107,8
080690009011011,8
080690002021029,8
081230020101034,8
080690016052005,8
080690013083049,8
081230017003054,8
080690017142074,8
080690018083031,8
081230014122006,8
080690011073004,8
081230005012008,8
080690025051012,8
080690027002035,8
080690011071010,8
081230023005054,8
081230022052012,8
081230012013000,8
080690002021047,8
081230020133020,8
081230022091074,8
081230021073000,8
080690028043033,8
080690020113016,8
081230007033013,8
080690016024014,8
081230025014115,8
081230007052013,8
081230014121016,8
081230001001017,8
081230007031024,8
080690009022005,8
080690013061027,8
080690024012042,8
080690020101048,8
081230021073051,8
080690020052007,8
080690013042000,8
081230021012025,8
081230014053014,8
080690026022067,8
081230010052008,8
081230022081074,8
081230021065029,8
081230017002034,8
080690013083047,8
081230005012004,8
081230012013008,8
081230014162009,8
080690026023049,8
081230015004000,8
081230025014131,8
080690024012071,8
080690001002027,8
080690028014013,8
080690026011042,8
080690016061017,8
080690018132012,8
081230025014016,8
080690025051014,8
080690009011008,8
081230018001015,8
080690019051068,8
081230014042003,8
081230022081075,8
081230017003009,8
081230021011020,8
080690026022053,8
081230021064006,8
081230022031057,8
081230021013036,8
081230022031048,8
080690027002024,8
081230016001021,8
080690027002028,8
081230021072009,8
080690024031216,8
080690007001032,8
080690028013015,8
080690013063024,8
081230008004004,8
080690027002014,8
080690024031257,8
080690017132001,8
080690017102012,8
081230020191042,8
080690011132006,8
081230021011024,8
081230022082096,8
081230021073056,8
081230013001000,8
080690004011007,8
081230021014012,8
081230020191019,8
080690023001058,8
080690025033018,8
081230020161001,8
080690016082013,8
080690024011073,8
080690017064008,8
081230022091042,8
080690019043031,8
081230014041022,8
081230009002009,8
081230010042013,8
081230020161013,8
080690020052013,8
080690016011026,8
081230020101004,8
080690017113028,8
081230020141038,8
081230023005063,8
081230014122002,8
080690002011030,8
081230018001085,8
080690025072005,8
080690024031092,8
081230015003038,8
081230023001018,8
080690011091004,8
080690016083023,8
081230021016077,8
080690016083020,8
081230014141011,8
081230021016071,8
080690024011165,8
080690020051003,8
080690027004016,8
080690024031203,8
080690018083022,8
080690028043058,8
081230014151005,8
080690019043056,8
080690019013020,8
080690026022006,8
081230018001108,8
080690013083028,8
080690024012020,8
080690028031014,8
081230015005011,8
080690010071009,8
081230022062030,8
080690019041029,8
080690019041030,8
081230005021021,8
080690025072012,8
080690017074013,8
080690020101014,8
080690011044000,8
080690017103017,8
080690025033040,8
081230011002011,8
080690016071000,8
081230016002084,8
080690010081011,8
080690011101021,8
080690028052036,8
081230016002091,8
081230006001040,8
080690013083010,8
080690024041047,8
081230014122003,8
080690020113007,8
080690017122009,8
080690027002048,8
080690016054039,8
081230025011013,8
081230022081036,8
081230023001005,8
080690016033000,8
081230022052005,8
080690011124005,8
081230010033013,8
081230025015012,8
080690026022020,8
080690028053018,8
080690020081010,8
080690024031030,8
081230012012018,8
080690025081032,8
080690025082056,8
081230009002005,8
080690024011202,8
080690005061005,8
081230021083021,8
080690024031307,8
081230015004006,8
081230014081014,8
081230018002034,8
081230021016097,8
080690002012012,8
080690017143019,8
080690018103016,8
081230021073050,8
081230021051073,8
081230010043013,8
080690018073043,8
080690025072014,8
080690019051015,8
081230012012015,8
081230022031040,8
080690010032004,8
080690025053002,8
081230014042046,8
081230017001045,8
080690025072025,8
080690024012076,8
080690001003027,8
080690017123047,8
080690026022055,8
081230021051119,8
080690025053039,8
080690025083017,8
081230022031046,8
080690024012034,8
081230014052002,8
080690025062023,8
080690017132054,8
080690013083052,8
081230022071029,8
080690011124006,8
080690025061009,8
080690028014040,8
080690024011195,8
081230010043007,8
080690010102016,8
080690011044007,8
081230022082007,8
081230020191023,8
080690016082023,8
081230010042018,8
080690013082003,8
081230015003069,8
080690020052015,8
081230022071041,8
080690017066013,8
080690016021001,8
081230007051069,8
081230004021022,8
080690028031005,8
081230014101018,8
081230018001123,8
081230013002000,8
081230018001039,8
080690028011006,8
080690017111016,8
080690027003009,8
080690013084039,8
081230016002007,8
080690017142030,8
080690017082019,8
080690023001037,8
081230025014046,8
080690013062016,8
080690018082033,8
080690024011144,8
081230014061016,8
081230017004004,8
080690026022050,8
080690016053025,8
080690016053017,8
080690019051057,8
081230014041006,8
081230007032001,8
081230012021018,8
081230020161053,8
080690025081008,8
080690024031213,8
081230023003011,8
081230022091077,8
080690018123009,8
080690007002018,8
080690017142034,8
081230023005030,8
081230016002000,8
080690013071008,8
081230022071034,8
081230015002020,8
080690024041023,8
080690017102002,8
081230013002011,8
081230017003014,8
080690010102024,8
081230022041007,8
080690024011237,8
081230005022013,8
080690002022025,8
081230022091066,8
080690007001010,8
080690016072006,8
081230021063019,8
081230009001003,8
080690009023001,8
081230015004042,8
081230020141011,8
081230015003042,8
080690017132075,8
080690001002060,8
081230022091019,8
081230015003033,8
080690024012010,8
081230021013026,8
080690013071048,8
080690017143005,8
080690018082003,8
081230022091023,8
080690002011004,8
080690018043003,8
081230017003033,8
080690017142050,8
080690025053001,8
080690013061003,8
081230007052088,8
080690009013001,8
080690026011032,8
081230014061007,8
081230023001049,8
081230023005059,8
081230016003032,8
080690024012016,8
080690013063013,8
081230007051041,8
080690011141004,8
080690019041049,8
080690007001023,8
081230008002026,8
081230021082023,8
081230025015111,8
080690024011201,8
080690027004009,8
080690019051001,8
080690027004000,8
080690028042017,8
080690020071045,8
080690028031003,8
080690026022043,8
081230020191006,8
080690004022000,8
080690017131018,8
080690019041034,8
080690013072012,8
081230021016006,8
080690013071036,8
081230015005022,8
081230010053009,8
081230022091000,8
081230014071003,8
081230017002041,8
080690011071014,8
080690018103041,8
080690025051032,8
080690025041014,8
081230001001029,8
081230014111029,8
081230014161011,8
081230021016044,8
081230016003025,8
080690017151033,8
080690025041020,8
081230014041040,8
080690020101016,8
080690013062037,8
080690017142012,8
081230021063012,8
081230022082012,8
081230022083029,8
081230021016039,8
080690017101038,8
080690024031153,8
081230025015117,8
080690005041012,8
080690020112012,8
080690013042005,8
080690020081013,8
080690001002051,8
081230008003009,8
081230020151005,8
080690024031141,8
081230020202005,8
080690027002047,8
081230023005025,8
080690020081018,8
080690027001026,8
080690010101002,8
081230013001024,8
081230022031009,8
080690025071006,8
081230022081024,8
080690017143012,8
080690009022009,8
081230025015081,8
081230007051007,8
080690017152100,8
081230021014004,8
081230022082142,8
080690017131062,8
081230022062009,8
081230022031014,8
081230005012007,8
081230018001053,8
081230020192015,8
080690010041007,8
081230012021013,8
080690027002023,8
081230020133007,8
080690018073048,8
080690027003033,8
080690027002003,8
081230020101048,8
080690027004026,8
081230021083025,8
081230007011031,8
081230022091016,8
080690018121035,8
080690028043000,8
080690013081002,8
080690011141002,8
080690024011117,8
080690019041035,8
080690017101034,8
081230021012006,8
080690016054001,8
080690001003018,8
081230021016037,8
080690005052001,8
081230014131007,8
081230021011015,8
081230021071004,8
080690016052016,8
080690017152012,8
081230017004012,8
080690024031072,8
080690017123034,8
081230020131007,8
080690010095023,8
080690028051023,8
080690025072024,8
081230025015110,8
080690026021026,8
081230025014116,8
080690004012017,8
081230014171019,8
081230016002030,8
080690017142077,8
080690018082000,8
080690018123033,8
080690013082000,8
080690004012007,8
080690010073004,8
081230017003023,8
080690016071035,8
081230020191005,8
081230017001023,8
080690017123007,8
081230025014161,8
080690020111006,8
080690024031149,8
081230005022004,8
081230010051001,8
080690003001008,8
081230015003014,8
081230015004011,8
080690017064018,8
080690024011232,8
081230022091026,8
080690017072015,8
080690016071017,8
081230022072010,8
080690028052012,8
080690028052029,8
080690002021004,8
080690011041004,8
080690026022105,8
081230004021006,8
080690008021018,8
081230014081029,8
080690013012014,8
081230013002020,8
080690016012009,8
080690025071037,8
081230020181012,8
081230023002023,8
081230021041077,8
081230005022023,8
081230021011029,8
081230014152010,8
080690007002030,8
081230025014028,8
081230010042034,8
080690011091011,8
081230014122021,8
080690027001006,8
081230020181016,8
081230021083001,8
081230020201000,8
080690019011023,8
081230020181017,8
081230004022001,8
080690025071008,8
081230021051071,8
080690013051018,8
080690017081022,8
081230021041015,8
080690020071034,8
081230014041019,8
081230021063018,8
080690025071016,8
080690020083003,8
080690013072032,8
080690017132022,8
081230015003111,8
081230004023009,8
081230023002021,8
080690004012003,8
081230025014072,8
080690028011039,8
081230025014121,8
081230020203013,8
080690008011040,8
081230014053022,8
081230021016075,8
080690011102002,8
080690018072015,8
081230020162003,8
081230015001025,8
080690024041015,8
080690026022063,8
080690017141024,8
081230014111005,8
081230025014122,8
081230004022022,8
080690017152003,8
080690019051079,8
080690005061033,8
080690026011056,8
080690024011061,8
080690011131001,8
081230020192016,8
081230022072014,8
080690011121010,8
080690019043009,8
080690010073001,8
080690017112023,8
080690016053023,8
080690016023006,8
081230016002086,8
080690028031053,8
080690025032031,8
081230025015139,8
081230025014070,8
080690024041045,8
081230022101010,8
080690020051020,8
081230018001124,8
080690024031098,8
080690007002049,8
081230022031037,8
080690013071018,8
080690011043010,8
080690026022049,8
080690019012009,8
080690018124008,8
080690006004000,8
081230004022004,8
080690002012042,8
080690017142075,8
081230018001042,8
080690017142041,8
081230022083048,8
081230020203012,8
081230015003009,8
081230022082022,8
081230012011011,8
080690016071032,8
080690010035002,8
080690024041049,8
081230014102012,8
080690025032023,8
080690003001030,8
080690028031026,8
080690018044023,8
081230021081015,8
080690011131003,8
081230018001119,8
081230013003005,8
080690023002020,8
081230025015120,8
080690004012025,8
081230014091008,8
080690020114029,8
080690010094017,8
081230025014158,8
081230025013111,8
080690025041042,8
081230022082123,8
080690020073003,8
080690024012091,8
080690004022019,8
080690024011039,8
081230015004040,8
080690026011043,8
081230022071014,8
081230013002013,8
080690013063017,8
080690017131076,8
081230022071036,8
081230015003115,8
080690001002053,8
081230014131029,8
081230017003060,8
080690018083027,8
080690025071027,8
080690017152013,8
080690020111012,8
080690011101001,8
080690013061041,8
081230007012033,8
080690018082031,8
080690002011015,8
080690017123012,8
080690007001037,8
080690017151023,8
080690016054032,8
081230013001008,8
080690013062018,8
081230025014137,8
080690028041024,8
081230020161056,8
080690024031251,8
080690017112020,8
081230025015041,8
080690026011060,8
080690013083031,8
080690018044022,8
081230014101007,8
080690024031218,8
080690013042023,8
080690019023017,8
081230022081081,8
081230017004016,8
080690017112001,8
080690025052005,8
081230021016023,8
080690016054041,8
081230018001141,8
080690019042017,8
080690025081019,8
080690024031244,8
081230021011030,8
080690016061003,8
081230021051036,8
081230005012002,8
080690001003004,8
080690023001005,8
081230014102021,8
081230023005004,8
080690016083015,8
080690013072031,8
081230014101005,8
081230013003007,8
080690019023008,8
081230021083028,8
081230021071012,8
080690017064016,8
081230021051068,8
080690018103027,8
080690028031019,8
081230017003082,8
080690011094003,8
080690019013006,8
080690017142033,8
081230021051081,8
080690026023034,8
081230022031060,8
080690028043032,8
080690024031000,8
080690018082002,8
081230022091009,8
080690018042012,8
080690018103025,8
081230015003097,8
080690011043005,8
080690017103011,8
080690023001065,8
080690008011027,8
081230022031100,8
081230020161036,8
081230009001000,8
080690017064002,8
081230025014086,8
081230007011024,8
080690013041011,8
080690026023038,8
081230021013055,8
080690009022012,8
080690016054014,8
081230016002063,8
080690017131059,8
080690019041063,8
080690018073017,8
081230022031088,8
080690018131000,8
081230008003003,8
080690020101033,8
081230025013096,8
081230021041025,8
081230025015000,8
080690017082014,8
081230020191067,8
080690025082060,8
080690018112010,8
081230015004012,8
081230008001002,8
081230006001035,8
080690001003020,8
080690025082062,8
080690024011094,8
081230022082108,8
081230017004028,8
081230025013032,8
080690016083025,8
081230021071037,8
080690017065022,8
080690017081000,8
081230010042012,8
080690024031205,8
081230018001098,8
080690020071002,8
081230022101046,8
080690007002048,8
080690005051008,8
080690024031029,8
081230020133008,8
081230020141008,8
081230022091049,8
080690011123001,8
081230020211023,8
081230021051090,8
081230020203024,8
081230010053008,8
081230014062015,8
081230017002019,8
080690010073016,8
080690006003006,8
080690020114028,8
081230022031112,8
080690008011008,8
081230021081029,8
080690023001034,8
081230021083050,8
081230014053011,8
081230001001012,8
081230012012031,8
080690024012030,8
081230023005046,8
081230017002052,8
081230017003003,8
080690013041001,8
081230017002054,8
080690005031013,8
080690009014006,8
080690025053008,8
080690025073023,8
080690028051014,8
080690024012059,8
080690026021018,8
081230004014014,8
080690013083004,8
080690020111031,8
081230020211015,8
080690017123036,8
080690018044026,8
080690019022014,8
081230015004025,8
081230021011053,8
080690025062008,8
081230012012000,8
081230014132005,8
081230022082085,8
080690011101010,8
080690017064012,8
081230005022025,8
080690018103033,8
080690019021001,8
081230022091037,8
080690024031054,8
081230018001109,8
081230004021024,8
080690016082038,8
080690016012017,8
081230014052026,8
080690028011040,8
081230021012018,8
080690007001011,8
081230016001026,8
080690018101012,8
081230004023012,8
080690011041000,8
081230005011009,8
081230014081011,8
081230016002043,8
081230025014143,8
080690010101007,8
080690024031111,8
080690020071028,8
080690024011131,8
080690017142071,8
080690017151018,8
081230021041032,8
081230020193009,8
081230023003025,8
081230014041026,8
080690024031070,8
080690020051008,8
081230021014000,8
080690017142068,8
081230001003002,8
080690020114003,8
081230014111034,8
080690005061024,8
080690013062023,8
080690010073008,8
081230014162023,8
081230014072003,8
081230006001051,8
080690025071054,8
081230020132001,8
081230022082073,8
081230004021008,8
080690026022021,8
080690018103017,8
080690011102004,8
080690024011114,8
080690019051005,8
080690016082029,8
081230022062025,8
080690024011169,8
080690017061007,8
080690010073011,8
080690020071042,8
080690002012048,8
080690019051012,8
081230025014002,8
081230010043006,8
080690028013001,8
081230023004016,8
080690025051025,8
080690013072046,8
081230021063001,8
080690011141018,8
081230011001004,8
080690028012017,8
081230025015002,8
080690019042007,8
080690005051001,8
080690019043041,8
080690018081000,8
080690016054018,8
080690017061002,8
081230021051015,8
080690025061051,8
081230010051018,8
081230014053012,8
080690026023005,8
080690017143011,8
080690028014029,8
080690025061041,8
080690017101039,8
081230021016011,8
080690013063003,8
080690026021027,8
081230023005028,8
081230020101043,8
081230014063007,8
081230015004035,8
080690011101024,8
080690019051064,8
080690016082014,8
080690009011000,8
081230020101044,8
080690018123035,8
080690025053034,8
081230017001042,8
080690019042001,8
081230020121038,8
081230021017031,8
080690013061007,8
080690011103003,8
081230014063015,8
080690011092002,8
080690007001033,8
081230021072028,8
080690017151024,8
080690018082045,8
080690013052007,8
080690018132015,8
080690016062005,8
080690017141018,8
081230023004011,8
081230025011040,8
080690013042015,8
081230010043020,8
081230014131018,8
080690018121017,8
080690027001013,8
080690016082041,8
080690018074010,8
080690013063002,8
080690018082051,8
081230020171009,8
081230001002008,8
081230021081038,8
081230021011007,8
081230002001002,8
081230018001099,8
080690017151008,8
080690017132007,8
081230015003032,8
080690028011020,8
081230022031021,8
081230014081041,8
080690018124019,8
081230014152004,8
080690013062006,8
080690005042012,8
080690016083007,8
081230025011024,8
081230014041038,8
081230022082148,8
080690018112012,8
080690010072006,8
080690017151009,8
080690025033060,8
080690004022021,8
080690025042012,8
080690010043007,8
080690013071001,8
081230020151004,8
080690011094004,8
080690017132032,8
081230022081030,8
081230020151015,8
081230020101014,8
080690028053024,8
080690024011146,8
080690025051046,8
081230021013045,8
081230014141003,8
080690019051107,8
080690028043013,8
081230022081078,8
080690011063009,8
080690016071020,8
081230014162010,8
080690018132028,8
081230022081060,8
080690009014013,8
080690025032028,8
080690020083004,8
081230010055005,8
081230018002003,8
081230010053010,8
080690025081035,8
080690019011008,8
081230025011035,8
081230023002007,8
081230022091001,8
081230007031027,8
080690020111021,8
081230021016026,8
080690017131009,8
080690016054044,8
081230021013007,8
081230021082009,8
080690020052014,8
080690025073006,8
081230022082115,8
080690024031133,8
080690016012037,8
080690018111003,8
080690027003047,8
081230020131005,8
081230021012030,8
080690028043030,8
080690026011010,8
081230021071041,8
080690025071079,8
080690018072018,8
081230021013024,8
081230007052050,8
081230020121023,8
080690020073027,8
081230005012001,8
080690013051026,8
080690024041061,8
080690020071016,8
080690026021033,8
080690025061059,8
080690005051000,8
080690025071071,8
080690024041046,8
081230021082016,8
080690027003018,8
080690019013017,8
081230014081030,8
080690026023021,8
080690013041007,8
081230013004016,8
080690028042014,8
080690013062012,8
081230021041092,8
080690024031180,8
081230025015013,8
081230020181022,8
081230008001007,8
081230021016013,8
080690018102017,8
081230025015026,8
080690017142080,8
080690024031249,8
081230020203015,8
081230022082048,8
080690024031143,8
081230025013057,8
080690011122010,8
080690018083014,8
080690017132009,8
081230014162038,8
081230008003017,8
080690024041031,8
081230007012015,8
080690018131004,8
081230025014090,8
080690024041029,8
081230025014156,8
081230015005001,8
080690025061032,8
080690028052033,8
080690016071028,8
080690018131013,8
081230025014151,8
080690009011002,8
081230014041036,8
080690017132044,8
080690017152107,8
081230021051080,8
081230018001144,8
081230018001090,8
080690013083032,8
080690017141025,8
081230021051019,8
080690016052020,8
081230015005023,8
081230010043021,8
080690028041025,8
080690017062014,8
081230014102002,8
081230025015134,8
080690020051005,8
081230023002046,8
081230014141018,8
080690025081014,8
081230014051019,8
081230020191066,8
081230022101039,8
081230008002006,8
081230022052000,8
081230014172001,8
080690024031179,8
080690016053002,8
081230021064054,8
080690018043000,8
080690011041005,8
080690024011113,8
080690025052007,8
080690018073027,8
080690023001030,8
080690024031042,8
081230022071056,8
080690016082021,8
081230021062005,8
081230021072023,8
080690024031284,8
080690018044035,8
080690017123014,8
080690025033045,8
081230020171010,8
081230020161002,8
080690024011219,8
080690017151021,8
080690025062019,8
081230007052029,8
080690018042005,8
081230021081000,8
081230007011001,8
080690017132027,8
081230020211005,8
080690019051103,8
080690018044003,8
080690024011098,8
081230004021020,8
080690017142066,8
080690024031096,8
080690017152022,8
080690018123054,8
080690019051019,8
080690024011030,8
080690024011138,8
080690005031012,8
080690020073029,8
081230009002014,8
080690025071060,8
080690018041004,8
081230022083007,8
080690018122004,8
081230021072020,8
080690017132023,8
080690016072005,8
080690016022005,8
081230022082001,8
081230020101050,8
081230021083013,8
080690019042015,8
081230021051142,8
081230023005036,8
080690025071065,8
080690019022006,8
080690028042005,8
081230023005009,8
080690024031262,8
081230021051049,8
080690011062002,8
081230009001009,8
080690016071031,8
080690023001017,8
080690025072000,8
081230021061031,8
080690017063008,8
081230021082031,8
080690017152060,8
080690024031163,8
080690013072018,8
081230007012022,8
081230014151002,8
081230021013029,8
080690017152041,8
081230017003034,8
081230004023004,8
080690008021012,8
081230021014011,8
080690003001025,8
080690020114027,8
080690019013004,8
080690016051002,8
081230007051022,8
080690019041007,8
081230022081032,8
081230023005017,8
080690024012051,8
080690028014032,8
081230015005006,8
081230014111030,8
080690024031194,8
080690027003022,8
080690005061008,8
080690016072011,8
081230015003070,8
080690025083007,8
080690010031008,8
080690020083020,8
081230021016027,8
081230004021016,8
081230011002015,8
081230020121003,8
080690017142009,8
080690017101019,8
080690013063005,8
080690024031187,8
081230004014003,8
080690019013029,8
081230013004002,8
080690028012032,8
080690005032004,8
081230021017004,8
080690017101014,8
080690025071022,8
080690005052008,8
080690007001028,8
080690003001005,8
080690025031011,8
080690017152031,8
081230014042034,8
081230016002019,8
080690025072027,8
081230020191048,8
081230021011010,8
081230021061028,8
080690011121008,8
080690025051071,8
080690028053010,8
080690027004002,8
080690025082020,8
080690028052001,8
080690018111001,8
081230018001036,8
080690024031160,8
080690004011003,8
081230022082052,8
080690025082039,8
081230018001104,8
080690027003014,8
080690018103042,8
081230022081052,8
080690025061030,8
081230021082038,8
080690016021004,8
081230025015020,8
080690017132073,8
081230022101006,8
080690018043002,8
081230014101010,8
081230021072033,8
080690011063003,8
080690017112029,8
080690024031011,8
080690020072017,8
080690020101022,8
080690013063014,8
081230007031010,8
081230014053002,8
081230021064060,8
080690025083024,8
081230007052034,8
081230011002013,8
081230025014049,8
080690011061008,8
080690018043004,8
080690026011068,8
081230021073061,8
081230014111001,8
081230025015108,8
080690013071047,8
081230017002026,8
080690013084034,8
080690004011009,8
080690011122002,8
081230004012010,8
080690018044017,8
080690018042009,8
081230014162049,8
081230015001001,8
081230022061007,8
081230025014101,8
081230022041008,8
080690028012023,8
080690016061012,8
081230022062001,8
080690010031020,8
080690017066001,8
080690016011015,8
080690004022043,8
081230017004011,8
081230009002019,8
080690024031200,8
080690026023011,8
081230021061016,8
080690019042020,8
080690028012014,8
080690020071030,8
080690025032042,8
081230025014142,8
080690002011016,8
081230001001009,8
080690013051029,8
080690019051100,8
080690016034010,8
081230023005065,8
080690016033006,8
080690025041003,8
081230021073044,8
080690016052013,8
081230022082131,8
080690023002010,8
081230014062004,8
081230004022008,8
081230020171011,8
081230020133027,8
081230016002050,8
081230010032000,8
080690013042009,8
081230021041047,8
080690024031105,8
080690025033033,8
080690023001066,8
080690019051082,8
081230022031080,8
081230010054000,8
081230014042037,8
081230014132010,8
080690025061007,8
080690019042009,8
080690024031207,8
081230013001005,8
081230007011016,8
081230022083030,8
080690026011031,8
081230025015058,8
080690017074011,8
080690011122000,8
081230025015155,8
081230007031013,8
081230015003035,8
080690007002043,8
080690024011136,8
081230022082077,8
080690020073036,8
080690009023004,8
081230007031034,8
080690016054052,8
081230021012000,8
081230022082129,8
081230025014060,8
081230015003016,8
080690026021001,8
081230020121002,8
081230005021028,8
081230004022010,8
080690011122006,8
080690018044011,8
081230016002021,8
080690017101027,8
081230010063005,8
081230016001025,8
080690013014001,8
080690020073025,8
081230022031118,8
080690024031259,8
081230012012002,8
081230010031001,8
080690025061008,8
081230021041104,8
080690025033020,8
081230007031004,8
081230005021013,8
081230012012013,8
080690026022059,8
081230021041031,8
081230014151004,8
080690011132001,8
080690016051001,8
081230025013068,8
080690017141023,8
081230021012020,8
080690005052013,8
081230022071055,8
080690026022075,8
081230014131001,8
081230014071000,8
080690016054036,8
080690010031004,8
080690010093012,8
080690020114031,8
081230022083019,8
080690011112013,8
081230022081020,8
080690017142002,8
080690027003046,8
080690011132020,8
081230020191036,8
081230020161050,8
080690013012007,8
080690003002014,8
080690024031080,8
080690017101032,8
080690013084036,8
081230022081041,8
081230014151003,8
081230016002009,8
081230021082034,8
080690011072002,8
080690017142045,8
080690018043014,8
080690024031210,8
080690023001060,8
081230007031016,8
080690005032000,8
080690017065004,8
080690017131068,8
080690016082031,8
080690010092026,8
080690024011096,8
081230010042000,8
081230020211016,8
080690004012012,8
080690017064007,8
081230022031065,8
081230022071021,8
081230021082041,8
081230025015082,8
080690017142024,8
081230017002014,8
081230021012033,8
081230022052006,8
081230025015109,8
080690019023002,8
080690011123005,8
080690013084033,8
081230021064059,8
080690017142031,8
080690001003034,8
080690025042014,8
081230015003063,8
080690024031296,8
081230007052003,8
080690025061047,8
081230012012024,8
080690024031147,8
080690010095022,8
081230025011033,8
080690024031243,8
080690008011017,8
081230015002005,8
081230022091010,8
081230021011026,8
080690016053019,8
081230006001044,8
080690018124017,8
081230014171011,8
080690009014022,8
080690009014009,8
081230021016096,8
080690016083016,8
081230020202013,8
080690009014023,8
080690025062014,8
080690018121005,8
080690026022037,8
081230023001037,8
081230014063003,8
080690011043014,8
080690002012024,8
080690020112017,8
081230010051006,8
080690024011164,8
081230021061011,8
080690026022118,8
081230016003023,8
081230010061034,8
080690025062031,8
081230014042044,8
081230021017014,8
081230007052085,8
080690009022006,8
081230021051152,8
081230010063014,8
080690002021035,8
080690024032022,8
080690017063000,8
081230025011038,8
081230022052014,8
081230011001017,8
080690013014003,8
081230007032006,8
081230022083043,8
080690011062004,8
080690013012000,8
080690017072014,8
080690019051086,8
080690018111005,8
081230007052045,8
080690013071030,8
080690016052035,8
080690017064005,8
080690016054007,8
080690025073002,8
081230021071031,8
081230022031119,8
080690017131008,8
081230014051020,8
081230023005029,8
081230025014042,8
081230020121016,8
081230004023007,8
080690024012044,8
080690018081004,8
080690013072023,8
080690017152081,8
080690026021036,8
080690024032013,8
081230021064020,8
081230007034011,8
081230017003075,8
081230017004014,8
081230020101008,8
081230021017026,8
081230022082069,8
080690017132033,8
080690018112029,8
081230021051028,8
081230022083018,8
080690007001026,8
080690026023035,8
080690002022015,8
080690001002032,8
080690010071002,8
081230023001055,8
080690018111006,8
081230022081083,8
080690017141033,8
080690025051029,8
080690019043027,8
081230007012032,8
081230007033017,8
081230013001012,8
080690025041033,8
081230014131005,8
080690028012037,8
080690017152079,8
081230025011021,8
080690013081006,8
081230022101032,8
081230020141023,8
080690024031005,8
080690002012001,8
080690017132070,8
081230023001013,8
080690025061064,8
080690016054029,8
081230006001048,8
081230020132004,8
081230025015158,8
081230014062023,8
080690010093009,8
081230021051046,8
081230023005042,8
081230021014005,8
080690002021028,8
081230014063004,8
081230014131021,8
080690024011071,8
080690020073034,8
080690017081007,8
081230017003071,8
080690017131075,8
080690011071004,8
080690028043026,8
081230013001018,8
081230014072023,8
080690013081003,8
081230018001068,8
080690025083001,8
080690020083013,8
081230001001023,8
080690010092013,8
081230020211024,8
080690028031050,8
080690025081038,8
081230025014079,8
081230020141035,8
080690028041014,8
080690018121030,8
080690010102007,8
081230009001014,8
080690024031009,8
080690024011205,8
081230007052048,8
080690002022026,8
081230012011001,8
080690016011020,8
081230014063001,8
080690013011006,8
081230018001140,8
080690026011069,8
080690018101020,8
080690005051011,8
081230004011004,8
080690018073010,8
080690024031311,8
081230022031087,8
081230016002065,8
080690027001005,8
081230008002023,8
080690016022019,8
081230022051014,8
081230021071001,8
081230014102017,8
080690017063010,8
080690025071035,8
081230022053018,8
080690026023010,8
080690025053019,8
080690017103001,8
080690025081001,8
080690023001028,8
081230016001023,8
081230014051007,8
080690005061032,8
081230014152016,8
080690025033073,8
080690020113017,8
080690024031145,8
080690016081026,8
080690024012060,8
080690019051016,8
080690025071024,8
081230025014104,8
080690026022112,8
080690013014028,8
080690002011031,8
081230010051016,8
080690017101005,8
081230015005005,8
080690024032014,8
081230021012004,8
080690013014006,8
080690016022008,8
081230005022012,8
080690028012041,8
080690017152011,8
080690002011009,8
081230021065041,8
081230014162028,8
080690013042026,8
080690013072043,8
080690011141031,8
081230014041033,8
080690025032005,8
080690019013019,8
080690020073026,8
081230014071004,8
080690001002049,8
080690025062018,8
080690016031001,8
081230010051041,8
080690013014027,8
081230014071006,8
080690025082034,8
081230018002006,8
080690017113025,8
081230022081040,8
081230021072002,8
081230010062001,8
081230001003006,8
081230021073013,8
081230021071003,8
080690024011227,8
081230025015101,8
081230014101024,8
081230014102001,8
081230018001069,8
080690023001046,8
080690009014011,8
081230010055006,8
081230021013035,8
080690011062000,8
080690004012010,8
080690024031193,8
080690026021004,8
080690013061033,8
080690013014012,8
080690017103003,8
081230022082018,8
080690005061004,8
081230021082000,8
081230013004005,8
080690025051086,8
080690018083025,8
080690018123019,8
080690010041002,8
081230007031033,8
081230021013028,8
081230001002011,8
081230022081042,8
080690026021021,8
081230015002007,8
080690011062005,8
081230025015070,8
080690027004025,8
081230017002000,8
080690018073033,8
081230014052004,8
080690019022011,8
080690024011193,8
080690025052006,8
081230021062009,8
080690028031051,8
080690026023037,8
081230020201010,8
081230021064010,8
080690024031313,8
081230014061006,8
081230014052021,8
081230014063002,8
080690005042019,8
080690024031245,8
080690011141030,8
080690019051052,8
080690020071015,8
080690011075003,8
080690020081008,8
080690024012084,8
081230025013010,8
081230021082011,8
080690010095010,8
080690013083036,8
081230022101003,8
081230014141017,8
081230022062004,8
081230007052019,8
081230025015063,8
081230004022009,8
081230022052008,8
081230021011008,8
081230022081019,8
081230022082080,8
081230022031094,8
080690017132008,8
081230001003015,8
081230021013048,8
080690025081040,8
080690017113017,8
081230010061020,8
080690018123030,8
081230020191064,8
081230025015048,8
081230001001011,8
081230001002010,8
080690002012046,8
081230010051029,8
080690016022013,8
080690024031316,8
081230020133022,8
080690009014018,8
080690018044010,8
080690024011004,8
081230022031003,8
080690028051020,8
080690020112007,8
081230021041095,8
080690020111022,8
081230021051104,8
080690013084025,8
081230022071040,8
081230022081058,8
081230020193016,8
081230018002011,8
080690027001019,8
080690001002016,8
080690027004006,8
080690026022066,8
081230025011012,8
081230007051038,8
081230014162043,8
080690017103013,8
081230012013006,8
080690017102021,8
081230011001001,8
080690028011017,8
080690004022006,8
080690026022089,8
080690016054017,8
081230023005027,8
080690018123020,8
080690026023053,8
081230021071038,8
080690009011031,8
080690024011053,8
080690018132020,8
080690020113003,8
080690024041002,8
081230022082120,8
080690003002011,8
081230014063009,8
081230015003056,8
080690017141020,8
080690025051066,8
081230005011006,8
081230021041020,8
081230021041016,8
080690010043001,8
080690025082002,8
081230010051042,8
081230014122014,8
081230017004037,8
081230014062042,8
080690023001027,8
081230021065005,8
081230014042022,8
080690002022031,8
080690010094012,8
080690010092018,8
080690016053008,8
080690002011001,8
080690017123046,8
081230010041018,8
081230021012035,8
080690025071058,8
080690013062039,8
080690011111001,8
080690020111027,8
081230022071025,8
080690017142042,8
080690025051004,8
080690019043028,8
081230010031005,8
080690023002024,8
080690025041010,8
081230025011011,8
080690017132049,8
080690019013003,8
080690028052005,8
080690013042017,8
081230014162036,8
080690007002052,8
081230017002065,8
081230006001010,8
080690025061013,8
080690025081043,8
081230022082063,8
080690017061000,8
080690026023007,8
081230020101037,8
080690024012038,8
081230023001020,8
080690025051008,8
080690017113003,8
081230010042024,8
080690018102002,8
080690013013002,8
081230020141033,8
081230023005048,8
080690016081017,8
081230010056015,8
080690024011084,8
080690013072025,8
081230022101022,8
080690028053009,8
081230020101056,8
081230020121032,8
081230015003086,8
081230021041084,8
080690024012067,8
081230017003038,8
081230017003076,8
080690025053049,8
080690011101029,8
080690020111028,8
080690025061035,8
081230014041002,8
080690010071013,8
080690005033002,8
081230022051003,8
080690024031258,8
081230015002000,8
081230006001005,8
080690020083023,8
080690026022087,8
080690024031022,8
080690019051085,8
080690025072016,8
080690009022002,8
081230012022009,8
081230014081022,8
081230014101003,8
081230022031044,8
081230020192031,8
080690010081013,8
080690006004003,8
081230006001049,8
080690017102018,8
081230022083021,8
080690024011129,8
080690018131012,8
081230010063016,8
080690024031201,8
081230022071006,8
081230022071005,8
080690013084004,8
081230015002008,8
081230025013040,8
080690019023000,8
081230012012014,8
080690018123034,8
080690019013033,8
080690017081014,8
081230007012009,8
081230016003015,8
080690024011231,8
081230021041070,8
081230010043001,8
081230018002049,8
080690001003036,8
081230021016000,8
080690025071038,8
081230015003064,8
080690024032004,8
080690028011016,8
080690025081061,8
080690028043012,8
081230022082011,8
081230021041097,8
080690018121010,8
080690024012023,8
080690016024001,8
081230007034012,8
080690025033043,8
080690025051065,8
081230022091008,8
080690017131031,8
080690028011030,8
080690003002013,8
081230006001002,8
081230015003066,8
081230015003012,8
081230007052077,8
081230021011043,8
080690004021010,8
080690020111008,8
081230018002046,8
081230004023006,8
080690020051018,8
080690013061042,8
080690019051067,8
080690024031255,8
081230014151007,8
080690013083001,8
080690013084012,8
080690005031006,8
081230023002000,8
081230021061033,8
080690025033076,8
080690011101014,8
081230010061026,8
080690019051102,8
080690025052003,8
080690001002057,8
081230021041062,8
081230021041059,8
080690005042000,8
080690013083016,8
080690020083011,8
080690006004001,8
080690018124033,8
081230018001017,8
080690019041062,8
080690018123007,8
081230022072000,8
080690005061000,8
081230020121010,8
081230020141000,8
080690013014019,8
081230016002001,8
081230017003061,8
081230014141029,8
081230025014019,8
081230021014002,8
080690013084037,8
080690010073012,8
081230010051035,8
081230021051043,8
081230021072007,8
080690024031118,8
080690026011011,8
081230021081002,8
080690011075008,8
081230021051048,8
080690024012029,8
081230017001034,8
080690011071012,8
081230014072018,8
081230014111002,8
081230020211028,8
080690018044039,8
080690017102028,8
080690007002021,8
080690026011026,8
080690024032012,8
080690024031196,8
080690005061028,8
080690018103008,8
081230021013054,8
081230021041063,8
080690019023013,8
081230017001027,8
080690011091009,8
080690010043000,8
080690025042008,8
080690002012039,8
081230025015060,8
080690018103039,8
081230017004031,8
080690019051030,8
080690017062007,8
081230014162013,8
081230007034007,8
080690009011021,8
080690001003037,8
081230015003100,8
081230010061018,8
080690020113012,8
080690018103031,8
080690011091003,8
080690005042011,8
080690020082002,8
081230004021007,8
081230018001097,8
080690027004038,8
080690024031117,8
080690025081051,8
080690011045003,8
080690026022029,8
081230025011041,8
080690026022102,8
081230013001019,8
080690017082012,8
081230014051013,8
081230007011006,8
081230014132014,8
080690018072006,8
081230002002003,8
080690005042009,8
081230011003000,8
080690017102024,8
080690017143023,8
080690019051060,8
080690016012012,8
080690025083011,8
081230023005002,8
081230010041010,8
080690017082018,8
080690017131069,8
080690016021008,8
081230012012028,8
081230015005033,8
081230022053005,8
080690025053044,8
080690009012008,8
081230014062006,8
080690017113023,8
080690017132064,8
081230020192030,8
080690028043039,8
081230021012036,8
081230001001021,8
080690028051016,8
081230017003047,8
081230022061011,8
081230022061021,8
080690024031012,8
081230017003083,8
080690019042011,8
080690010095016,8
080690002011023,8
081230021013056,8
081230005021029,8
080690017101016,8
080690013071006,8
080690019051038,8
080690026021000,8
081230017002008,8
081230013001011,8
080690016011032,8
081230023003032,8
080690013014015,8
081230025013022,8
080690028031034,8
080690026022062,8
080690013071039,8
080690013084003,8
080690024012041,8
081230020141040,8
080690010035005,8
080690017142046,8
081230021014008,8
081230013001015,8
080690011122011,8
080690016011016,8
081230025015077,8
081230007051025,8
080690017103007,8
081230016001031,8
081230020133006,8
080690018073013,8
080690024011120,8
081230007051000,8
081230022082026,8
081230021041024,8
080690010034005,8
081230023001061,8
080690024011091,8
081230004014007,8
081230013002017,8
081230025011030,8
081230022082149,8
081230021071027,8
081230022083023,8
081230001001016,8
080690008021017,8
080690024031263,8
080690020111026,8
080690013013006,8
081230022071054,8
081230014131012,8
081230020141046,8
080690025061053,8
081230021016038,8
081230022091079,8
081230022083027,8
080690026011046,8
080690006001012,8
080690011074002,8
081230023001044,8
080690017123048,8
081230017003037,8
081230021016048,8
080690027002009,8
080690017122010,8
081230017001044,8
080690020071018,8
081230021051055,8
081230021081019,8
080690025053040,8
080690017111000,8
080690011141017,8
081230014072008,8
081230015003054,8
081230021013046,8
080690017113015,8
080690017152098,8
081230017003088,8
080690023002018,8
081230020101029,8
080690027002010,8
080690025051056,8
081230014141033,8
081230010042027,8
080690028031040,8
080690004012019,8
080690028042004,8
081230017003036,8
081230021073026,8
081230021051077,8
081230020133012,8
080690028041000,8
080690020051026,8
081230017001062,8
081230022031013,8
081230021013002,8
081230013001014,8
080690020101009,8
081230014062025,8
081230018002035,8
080690028053031,8
080690017062015,8
080690025072045,8
081230022061000,8
080690013082012,8
081230016002064,8
080690007001029,8
080690020072021,8
080690024011046,8
081230021051134,8
080690019051051,8
080690013042010,8
080690024011181,8
081230014101000,8
081230021011048,8
080690024011082,8
080690019051070,8
080690024041043,8
080690017103020,8
081230017002043,8
080690018123055,8
081230022081085,8
080690013071025,8
080690020073031,8
080690017152104,8
081230010041021,8
081230021072006,8
080690026022040,8
081230015003114,8
080690002021033,8
081230023001016,8
081230010051002,8
080690028012033,8
080690020111017,8
080690025051062,8
081230025015097,8
080690024011125,8
080690023002015,8
081230020181026,8
080690013042016,8
080690025083014,8
081230007033014,8
080690025083016,8
080690013083066,8
080690017131070,8
080690017072003,8
080690017132042,8
081230022082121,8
081230021082025,8
080690013062019,8
080690009012000,8
081230023005008,8
081230023005051,8
081230010056003,8
081230012011007,8
080690025051034,8
081230005022022,8
080690026011045,8
080690017132065,8
080690010043004,8
080690011092006,8
081230006001001,8
080690010082000,8
080690001002050,8
081230021016041,8
080690018102001,8
081230025013011,8
080690023001033,8
080690016081006,8
081230022061017,8
081230014172002,8
081230025013004,8
081230025013085,8
081230020121015,8
081230017001005,8
080690019051029,8
080690017065016,8
080690016082045,8
081230016003027,8
080690018132029,8
081230014062041,8
080690011045011,8
081230020042007,8
081230021016066,8
080690003001021,8
080690013061038,8
081230022042011,8
080690016071009,8
081230010053013,8
080690018103001,8
081230014052027,8
081230021083026,8
081230007052062,8
081230020141006,8
080690025053041,8
081230017002057,8
081230018002051,8
080690016082015,8
080690024032006,8
081230021051115,8
080690018083000,8
080690018082053,8
081230025013026,8
081230007012007,8
081230007052052,8
080690020101011,8
080690003001035,8
081230021016040,8
081230025015075,8
080690007001001,8
080690019041061,8
081230025015062,8
081230017003020,8
081230021041004,8
080690024031089,8
080690013061017,8
080690016034015,8
080690028053004,8
080690013081008,8
080690002021025,8
080690019024021,8
081230023005003,8
080690013082018,8
081230020202014,8
081230020161010,8
080690011045007,8
081230022082082,8
081230021041099,8
080690017151012,8
080690011101023,8
080690024011128,8
080690025081026,8
081230025015137,8
081230014042017,8
080690025032007,8
080690024011220,8
080690006001009,8
080690024031138,8
080690017061014,8
080690011044004,8
081230025015115,8
081230020203005,8
080690017103005,8
081230025015154,8
080690011044002,8
080690005031007,8
080690026022108,8
080690017131063,8
080690017066003,8
081230022083022,8
080690017152044,8
080690011122005,8
080690025051035,8
080690013072014,8
080690028014043,8
081230004011006,8
080690024012052,8
081230021012010,8
080690002021037,8
080690026022097,8
080690002021006,8
081230017003078,8
080690002012026,8
081230010053005,8
080690028052021,8
080690025082050,8
080690017151020,8
081230014152005,8
080690016081016,8
081230022091017,8
081230018001029,8
080690017152080,8
081230014042012,8
080690026023020,8
081230020181000,8
080690004022031,8
080690002011008,8
081230025014034,8
081230021071047,8
081230001002005,8
080690028043062,8
081230006001018,8
080690020112022,8
080690004012014,8
080690020052023,8
081230004014001,8
081230005022015,8
081230021012031,8
080690019051080,8
081230022031029,8
080690028052042,8
081230010051027,8
081230011001008,8
081230005022010,8
080690010102018,8
081230021016050,8
081230007051031,8
081230021081028,8
081230021012022,8
081230025012050,8
081230021041048,8
081230025011029,8
081230022041009,8
080690018044025,8
080690019043063,8
081230021082020,8
080690018111010,8
080690025071074,8
080690016024002,8
080690025051061,8
080690025072036,8
081230014111008,8
080690024012024,8
081230007051034,8
081230007052001,8
080690017063004,8
080690019041033,8
081230018002022,8
081230022062020,8
081230020191018,8
080690026023054,8
080690017142053,8
081230007051071,8
081230014131027,8
080690018043012,8
081230020042005,8
080690017113022,8
081230025014055,8
080690018124011,8
080690010081008,8
080690008011009,8
080690001003009,8
081230009001022,8
080690017062011,8
080690017063003,8
081230025013066,8
080690013061021,8
081230020191014,8
080690017131085,8
081230015003018,8
081230025014148,8
080690018082014,8
080690017064000,8
081230020151006,8
081230022031072,8
080690028011002,8
081230020181019,8
080690002011011,8
081230021073031,8
080690025041002,8
081230009001017,8
080690016071030,8
081230020191027,8
080690013083007,8
081230014053017,8
080690019012005,8
080690019051059,8
080690025033023,8
081230010042019,8
081230020162002,8
080690019022005,8
081230014152007,8
081230015003039,8
081230021061001,8
081230001001004,8
081230016002015,8
081230025015107,8
080690024031088,8
080690013063008,8
080690027002000,8
080690028012000,8
081230010056009,8
080690027001024,8
080690017132053,8
081230021041106,8
080690017074010,8
081230020211008,8
080690024031018,8
080690002022038,8
081230023005011,8
080690016054040,8
080690013062027,8
080690024011045,8
080690020072014,8
081230021064048,8
081230005011007,8
080690016054000,8
080690016034007,8
081230007051008,8
080690017151004,8
081230014081003,8
080690026022011,8
080690018073015,8
081230007031035,8
081230014063000,8
080690024031129,8
081230012012006,8
081230023002027,8
080690010034008,8
080690001002048,8
081230025015121,8
081230014162040,8
080690025051017,8
080690009011012,8
080690025083002,8
080690024012003,8
080690019043051,8
080690010095007,8
081230022071033,8
080690024011152,8
081230014152002,8
080690025062028,8
080690013063022,8
081230022051005,8
081230018001080,8
081230005022007,8
080690028043011,8
080690005042006,8
081230023003009,8
081230022053019,8
080690028051018,8
081230020131004,8
080690018101014,8
080690025041031,8
081230014091009,8
081230007052053,8
080690013062017,8
080690028043046,8
081230001001027,8
080690016071006,8
080690024031159,8
080690019041019,8
081230015005037,8
080690008021011,8
081230018001002,8
080690025062004,8
080690010102003,8
080690020114025,8
080690025051072,8
080690017152035,8
080690007002040,8
080690016012021,8
080690025072023,8
081230022061004,8
081230010055019,8
081230016002077,8
081230015001033,8
081230021065040,8
080690025053050,8
081230020121029,8
081230015003073,8
081230007051021,8
080690017152030,8
081230008002020,8
081230022101005,8
081230022053020,8
080690017152073,8
080690010041005,8
081230025011039,8
080690017123019,8
081230014064004,8
080690020101001,8
080690019022023,8
080690027002044,8
081230021051035,8
080690002012011,8
080690020114019,8
081230013002010,8
081230014101009,8
080690017101000,8
081230021041018,8
081230021073064,8
080690019011001,8
081230025013088,8
080690019011033,8
081230020192017,8
080690019043011,8
081230007012031,8
081230021011051,8
081230018001076,8
080690013083061,8
080690002011028,8
081230015005009,8
081230022082105,8
080690010071007,8
080690009022000,8
080690017131084,8
081230014052028,8
081230014141008,8
081230014072028,8
081230018001083,8
081230014141025,8
080690017142076,8
081230014081024,8
081230015005002,8
081230022091020,8
081230021041096,8
081230010053003,8
081230018002069,8
081230020121028,8
080690016051005,8
080690017123032,8
081230014132018,8
080690028031015,8
080690017131071,8
080690020051014,8
081230011002016,8
081230023002004,8
080690019021014,8
081230021081003,8
080690005061011,8
081230022061019,8
081230014081034,8
080690001003000,8
080690002012015,8
081230023001041,8
081230017003027,8
080690016024009,8
080690017131035,8
080690025073017,8
080690025071010,8
081230008001015,8
081230014062036,8
081230025014013,8
080690020101052,8
080690027002016,8
080690028051029,8
081230025011044,8
080690018082044,8
080690010033000,8
081230025014128,8
081230007041012,8
080690020083024,8
081230022082134,8
081230010056004,8
080690013071029,8
081230014102000,8
080690025041008,8
080690001003017,8
080690013072004,8
080690016071007,8
081230021051082,8
081230010041020,8
081230010051031,8
080690024011151,8
081230004011012,8
081230010052000,8
081230007052005,8
081230021065047,8
081230007033015,8
080690020071026,8
081230015002015,8
081230021051061,8
081230017004019,8
081230007032000,8
080690026021024,8
081230018001095,8
081230022031101,8
080690013051013,8
080690018102015,8
080690024011026,8
081230016002038,8
081230014042025,8
081230021082024,8
080690011045013,8
080690024031298,8
080690017143004,8
080690028031046,8
081230020211006,8
080690004012013,8
080690017074019,8
080690017111017,8
080690009022001,8
081230010032001,8
080690025081003,8
081230015005051,8
080690002021053,8
080690011042003,8
080690001003003,8
080690010041006,8
081230025014059,8
081230014161009,8
081230014081018,8
081230025014010,8
080690010031002,8
081230010062011,8
080690017132059,8
080690018121034,8
080690017131064,8
080690020081015,8
081230004014005,8
080690005062002,8
081230014061004,8
081230020141036,8
081230013003011,8
081230015002001,8
080690019041052,8
081230022072017,8
080690027004039,8
080690018124006,8
080690019013035,8
080690027003028,8
081230018001014,8
080690019041041,8
081230017004024,8
081230023003035,8
080690005031004,8
081230018001082,8
081230007041011,8
080690013083040,8
081230021017016,8
081230025013013,8
081230022051007,8
080690025041013,8
081230014061001,8
080690017123029,8
080690024031137,8
080690011063015,8
080690011074011,8
081230025013124,8
080690005032005,8
080690028012008,8
080690011043002,8
080690016022020,8
081230017002012,8
081230020141039,8
080690010094007,8
081230021011003,8
081230018002064,8
080690016011037,8
081230012013001,8
081230021081022,8
080690025083012,8
081230017003048,8
080690010101010,8
080690024011137,8
080690016052027,8
081230022042000,8
081230017001048,8
081230021051018,8
080690025061036,8
081230021017012,8
081230020191029,8
080690025071002,8
080690018082040,8
080690019013032,8
080690024011062,8
081230025014053,8
080690017132037,8
080690019041047,8
081230022091048,8
080690013083062,8
080690011093007,8
080690023001008,8
081230025014030,8
081230004014016,8
081230014062007,8
080690028031036,8
080690018103000,8
080690019051043,8
080690028052030,8
080690018082035,8
080690024011160,8
080690018074005,8
081230005011005,8
081230014111017,8
081230022082044,8
080690017143018,8
081230012022004,8
080690024012000,8
080690011121007,8
081230017003022,8
081230020121017,8
081230020203010,8
080690027002007,8
081230020161026,8
081230022062017,8
081230025014093,8
081230021051105,8
081230021051136,8
081230010043019,8
081230010043014,8
081230017003012,8
080690026022070,8
080690016032001,8
081230021041051,8
080690017121006,8
081230021083042,8
080690025051006,8
080690011043006,8
081230022081007,8
080690026022013,8
080690028043049,8
081230022082153,8
081230022031068,8
080690018132021,8
081230010042033,8
081230020203014,8
080690027003032,8
081230014062037,8
080690017112002,8
081230014132020,8
081230014131024,8
080690018132003,8
080690028051017,8
081230021041005,8
081230017003090,8
080690018103023,8
081230010042005,8
080690025033093,8
081230022091044,8
080690018103034,8
081230018001060,8
080690025073038,8
080690018111000,8
080690013084002,8
081230016003012,8
080690011045008,8
081230025011043,8
080690013011004,8
080690006001007,8
081230022101016,8
080690025082012,8
080690016032003,8
080690017064011,8
081230014061000,8
081230015004019,8
081230021013030,8
081230021061007,8
081230022091075,8
080690013072035,8
080690028031022,8
080690002011024,8
080690011061006,8
080690023002038,8
080690008021019,8
081230021065007,8
080690020051023,8
081230016001011,8
081230025015135,8
081230004014008,8
080690006003003,8
080690017073004,8
080690025033050,8
081230011001018,8
081230020161008,8
080690026022012,8
081230020192029,8
080690018121019,8
081230023005060,8
081230016002054,8
080690028042006,8
080690024031279,8
081230025013106,8
080690018102006,8
080690024031242,8
080690018101021,8
080690005062009,8
081230025013053,8
081230021012019,8
081230025014139,8
080690013062029,8
081230016003005,8
081230014051006,8
081230021012003,8
081230022083002,8
080690026023027,8
081230023003028,8
080690017061021,8
081230021051070,8
080690027003031,8
080690025082023,8
080690016011011,8
081230022082004,8
080690002022018,8
080690019012004,8
080690013071013,8
080690010073003,8
080690017131041,8
081230022082031,8
080690017142069,8
081230010061022,8
081230023004033,8
080690018112025,8
081230014051016,8
081230007012021,8
080690016052010,8
080690017142058,8
081230004012004,8
081230014053004,8
081230021051123,8
080690025053007,8
080690016081032,8
081230020101033,8
080690025041025,8
080690011064009,8
080690010072000,8
080690002022020,8
081230014162011,8
080690017122005,8
081230011003003,8
081230021083035,8
081230021072025,8
080690026011047,8
080690025072010,8
080690028043037,8
081230022061024,8
081230012012005,8
081230009001016,8
081230012011000,8
081230025014067,8
080690009013018,8
081230007011000,8
080690016062003,8
080690017072017,8
081230021051065,8
081230014053013,8
080690008011021,8
080690017131012,8
080690028013022,8
080690025053032,8
080690004022001,8
080690025082057,8
080690017131049,8
080690018073029,8
081230018001150,8
080690019011005,8
080690010043005,8
081230022101050,8
081230007031018,8
081230014061015,8
080690010035004,8
081230007052008,8
080690016034012,8
081230022072009,8
080690009023005,8
080690023002028,8
080690017112028,8
081230025015017,8
080690025083028,8
080690018123008,8
080690018073046,8
080690017065009,8
080690010073002,8
081230025014077,8
080690017143026,8
080690019051003,8
081230025014068,8
080690011101004,8
080690003001033,8
080690013084032,8
081230015004043,8
080690020114013,8
080690001001006,8
081230010042030,8
080690019043049,8
080690027003012,8
081230023005005,8
080690028053029,8
081230020191035,8
081230010061035,8
080690007001020,8
081230008004000,8
081230018001155,8
081230014072030,8
080690019041059,8
080690020081016,8
081230022031125,8
080690011091010,8
081230022082005,8
081230004014012,8
080690020111016,8
080690003001024,8
080690018123021,8
080690013071000,8
081230021072004,8
081230015003026,8
080690017152029,8
080690013072008,8
081230025014008,8
081230020171013,8
080690018103006,8
080690016082043,8
080690025062049,8
081230014041027,8
081230007041000,8
080690028031008,8
080690025072034,8
080690018131010,8
080690011101003,8
081230014131022,8
080690001003013,8
081230021051053,8
081230025011014,8
081230010042022,8
080690011141034,8
081230022031010,8
080690002012043,8
080690025072030,8
081230021015007,8
081230025013042,8
081230021012021,8
080690004012015,8
081230015003024,8
080690008011018,8
080690016053014,8
080690020073044,8
081230017001061,8
081230023001012,8
080690025032039,8
081230022062007,8
081230020141015,8
081230007051051,8
081230015005059,8
080690024011052,8
080690018123022,8
080690018131016,8
080690013061001,8
081230025015080,8
081230014062035,8
081230020181025,8
081230021071033,8
080690024031239,8
081230014081020,8
080690016082027,8
080690028043051,8
080690024011185,8
081230025014085,8
081230014161026,8
081230007011003,8
080690016052002,8
081230004022002,8
081230017002053,8
081230013004000,8
080690010035010,8
080690013072044,8
080690013051005,8
080690018042004,8
080690016071001,8
081230014131004,8
081230017002018,8
080690019041054,8
081230015005034,8
081230020192020,8
080690002012019,8
081230015005014,8
081230022071051,8
080690019024020,8
080690008011032,8
080690011073003,8
080690018103028,8
081230021061022,8
081230018001038,8
080690024031076,8
080690013084019,8
080690020083021,8
081230016001001,8
080690016053012,8
080690024041013,8
081230010056017,8
081230014072004,8
081230016002076,8
080690025082052,8
080690020073033,8
081230007031030,8
081230010041017,8
081230007052021,8
080690017152018,8
081230013001020,8
080690001002002,8
081230021081013,8
080690017122000,8
081230006001039,8
081230007034010,8
081230021065030,8
081230021081032,8
080690009013019,8
081230022042016,8
081230007012017,8
081230016002045,8
080690027003029,8
080690019041018,8
081230017004000,8
080690020114007,8
081230014081006,8
080690027003037,8
080690013051019,8
080690016052029,8
080690018101016,8
081230014111025,8
080690004022027,8
081230021071019,8
081230020191033,8
081230021073052,8
081230015004027,8
080690016071021,8
080690028013018,8
081230015001014,8
081230022071018,8
080690019041032,8
081230022081057,8
080690002021011,8
080690018124005,8
080690013083018,8
080690026022099,8
080690025073020,8
081230022031077,8
080690011123004,8
080690013051015,8
081230021051124,8
080690017152023,8
080690024031020,8
081230004014010,8
081230021051155,8
080690027003039,8
081230023003019,8
080690016083000,8
081230011002010,8
080690017074006,8
080690024031031,8
081230019061005,8
080690011141000,8
080690023001013,8
080690027004008,8
081230022031055,8
080690013063015,8
081230023005041,8
080690016031013,8
081230007012001,8
080690016081015,8
080690024031271,8
081230025015089,8
080690025032034,8
080690020111023,8
080690007002019,8
081230017001046,8
080690025082003,8
080690009021000,8
081230023004034,8
080690011141032,8
081230015005046,8
080690025032017,8
081230014061002,8
080690028041003,8
080690028011043,8
081230004012011,8
081230014161014,8
080690025051074,8
081230025011010,8
081230009002017,8
081230014041014,8
080690007002006,8
081230017003040,8
081230004022018,8
080690016054025,8
081230010033006,8
080690011091012,8
080690017142051,8
081230020131008,8
081230020181023,8
080690028041017,8
081230008003006,8
080690018112002,8
080690013061020,8
081230014042016,8
081230010063021,8
080690024041066,8
080690018044012,8
081230020161046,8
080690017101012,8
081230014122007,8
080690010102000,8
080690011071016,8
081230013004007,8
081230012012003,8
081230013004001,8
081230025013091,8
080690017101042,8
081230021071009,8
080690016054035,8
080690002021044,8
081230025015150,8
081230022091072,8
080690003001041,8
081230025013055,8
081230021013050,8
080690028043047,8
081230023002015,8
080690025053024,8
081230022071012,8
081230010061016,8
081230016002039,8
081230022072002,8
081230021072026,8
081230021064028,8
080690002012029,8
080690019051045,8
080690009023014,8
080690017082020,8
080690011103002,8
080690002022011,8
080690024031227,8
080690028051003,8
080690025053042,8
080690010102009,8
080690017081021,8
081230017001018,8
081230023004019,8
081230007034004,8
081230021016003,8
081230013001004,8
080690025073008,8
080690010101001,8
080690017131019,8
080690024031110,8
080690011132016,8
080690024031172,8
081230021081007,8
080690013084005,8
080690025082027,8
080690011044006,8
080690003001007,8
081230022042013,8
080690013071017,8
080690009013022,8
080690016061001,8
080690004022002,8
080690024031046,8
080690017152038,8
080690017152046,8
081230021072034,8
080690019043039,8
081230007052038,8
081230023005007,8
080690010095009,8
080690011093003,8
081230020161027,8
080690018132031,8
080690005041001,8
080690020114005,8
081230006001003,8
080690006004004,8
080690017142056,8
080690006001005,8
081230020141010,8
081230017002017,8
081230018001070,8
081230018001040,8
080690013062041,8
081230020191007,8
080690011101016,8
080690011093002,8
080690011074001,8
080690028053017,8
081230022091085,8
080690005041007,8
081230001002004,8
080690010042001,8
081230014162026,8
080690017123049,8
080690020052000,8
080690028014019,8
081230021083008,8
080690020072002,8
081230020141028,8
080690013062042,8
080690001002007,8
080690016024006,8
080690028052050,8
080690025032019,8
081230014081035,8
081230023002034,8
081230016002061,8
080690025042020,8
081230023004026,8
080690025061063,8
080690024031290,8
081230014131003,8
081230022041010,8
081230014081021,8
081230025011020,8
080690028052035,8
080690013072007,8
081230010051044,8
081230017003041,8
080690013014023,8
081230023004009,8
081230017003081,8
080690017141016,8
080690024041065,8
080690026011030,8
080690025083031,8
080690018102012,8
080690025042004,8
080690023002008,8
081230021051017,8
080690013071011,8
081230013004012,8
080690024041020,8
081230023004012,8
080690016031002,8
081230010052002,8
080690028014000,8
080690018071005,8
081230020151027,8
080690002022002,8
081230015005042,8
080690005061023,8
081230017001073,8
080690019051050,8
080690009011013,8
081230004022015,8
081230022081082,8
081230005021010,8
080690002012025,8
080690025081013,8
080690025033039,8
081230023005019,8
081230022071017,8
080690017062008,8
080690017061010,8
080690025082014,8
081230007031005,8
081230021016049,8
081230005021032,8
081230020161003,8
080690016083004,8
081230010041009,8
080690016081001,8
081230010054006,8
080690013071037,8
080690017152006,8
080690004012001,8
080690028043028,8
081230017004043,8
080690018073007,8
081230018001156,8
080690025033057,8
081230012012016,8
080690024011215,8
080690024011182,8
080690018073049,8
080690023002032,8
081230014041035,8
081230025011006,8
080690025033096,8
080690025072029,8
080690019023012,8
080690016054008,8
080690019041005,8
080690026022015,8
081230021071028,8
081230021063013,8
080690002011019,8
081230014051002,8
080690016033004,8
080690020081011,8
080690025041038,8
080690017103002,8
080690017131037,8
080690016082004,8
080690024031013,8
080690025031007,8
081230020191062,8
081230021064024,8
080690024031240,8
080690005033009,8
080690001002029,8
080690016061008,8
080690006001010,8
081230016002071,8
080690020111003,8
081230025013000,8
081230020181006,8
080690020101040,8
081230022031103,8
080690011122014,8
080690016052014,8
081230025013059,8
081230021071045,8
081230020131009,8
080690025072019,8
081230025015103,8
080690018123013,8
080690025032016,8
080690010095002,8
080690016083033,8
081230017003006,8
081230025015035,8
080690017064013,8
080690020071023,8
081230025015007,8
080690024031091,8
080690005052002,8
080690024031156,8
081230018002016,8
080690005061017,8
081230020191043,8
080690018083018,8
081230020151014,8
080690028013008,8
081230015005004,8
080690027004037,8
081230014161004,8
081230014091010,8
080690017152102,8
081230010051012,8
080690024041044,8
081230020191068,8
080690002011029,8
081230021081021,8
080690024011087,8
080690025081034,8
080690002012007,8
081230014111022,8
081230021081001,8
081230014042036,8
081230020203018,8
081230010042023,8
081230020191009,8
080690017073005,8
081230012021017,8
080690017152010,8
081230017003031,8
080690017142035,8
081230020121000,8
080690028011029,8
080690028011026,8
081230010043024,8
081230021051120,8
081230020121004,8
080690013072010,8
081230022062006,8
081230017002013,8
081230020141044,8
080690017152088,8
081230013002006,8
081230023003002,8
080690011075002,8
081230021081014,8
080690001001010,8
081230004011005,8
080690020071029,8
081230016001000,8
081230025014105,8
080690018044036,8
081230022082034,8
080690025062051,8
080690028014011,8
080690024041053,8
080690017102007,8
080690019011006,8
081230007011026,8
081230021065011,8
080690013042013,8
080690024011192,8
080690017112025,8
081230020151012,8
080690025072022,8
080690027002005,8
081230011001019,8
081230022091057,8
080690024031125,8
081230022031109,8
080690027002042,8
081230020193014,8
080690018083028,8
081230022031058,8
080690011073007,8
080690019043017,8
081230017003025,8
081230007034006,8
080690011112016,8
080690023001003,8
081230008001006,8
081230020201005,8
081230011001003,8
080690024031131,8
080690018112017,8
080690024012054,8
081230007051035,8
080690027003044,8
080690013072006,8
081230004011013,8
080690004022025,8
080690020111030,8
081230023005062,8
080690013013009,8
081230014052000,8
080690017111003,8
081230022082087,8
080690019023015,8
080690016012038,8
080690017072028,8
081230022091050,8
081230018002033,8
081230016003069,8
080690017123030,8
081230021041012,8
081230018001125,8
081230022101034,8
081230010043003,8
080690013042007,8
081230014053006,8
081230017001001,8
081230022081044,8
081230025012178,8
081230017002025,8
081230020151009,8
081230014091016,8
080690010095017,8
081230012011005,8
080690019011014,8
081230022071027,8
080690016011022,8
081230021061030,8
080690028011015,8
080690004022015,8
080690018112018,8
081230014162005,8
080690026022096,8
081230014042007,8
081230022082036,8
080690019011025,8
080690017113009,8
081230015003099,8
080690017123006,8
081230007012011,8
081230010063009,8
080690018044030,8
081230025013128,8
081230010041015,8
080690025082017,8
080690016062009,8
081230006001011,8
081230010053002,8
081230025015044,8
080690008011037,8
080690010081016,8
080690002011013,8
080690011101026,8
081230022083042,8
080690025083015,8
081230025011052,8
081230022081069,8
080690017152005,8
081230007052058,8
081230015004023,8
080690024031169,8
080690002022001,8
080690025053030,8
081230023005022,8
081230021041066,8
080690011141035,8
081230025015010,8
081230010031003,8
081230017001072,8
081230014042043,8
081230021064029,8
081230022031039,8
080690018073045,8
081230008001000,8
081230025014140,8
081230025013077,8
081230012021010,8
080690028053002,8
081230015003021,8
081230020211029,8
080690017123038,8
080690013072037,8
080690026022113,8
081230021061026,8
081230023004027,8
080690024031115,8
080690013012018,8
081230014162017,8
081230015001032,8
080690028041005,8
080690025061050,8
080690017131082,8
080690025083010,8
081230014122011,8
080690011141024,8
080690005033007,8
080690028012039,8
081230001001018,8
080690004021004,8
081230021061023,8
080690025051052,8
080690028012004,8
081230014042011,8
080690017143020,8
080690017101023,8
080690027001016,8
080690028053008,8
080690011112001,8
081230014041016,8
080690008011004,8
080690016053016,8
080690016053006,8
081230015002018,8
080690019012001,8
080690019022021,8
081230022071024,8
081230021017002,8
080690017061024,8
080690011122003,8
080690026023042,8
081230022071028,8
081230021016008,8
080690025041032,8
080690025053022,8
080690025032004,8
081230015004045,8
081230016002005,8
081230022083046,8
080690024011005,8
081230020121020,8
080690025041004,8
080690026022035,8
080690020101042,8
080690017143010,8
081230014131028,8
081230020191031,8
080690020114004,8
081230021041102,8
080690018123014,8
081230022082151,8
081230022082086,8
081230007052073,8
081230020191021,8
080690020082000,8
081230025013061,8
080690001002018,8
080690025082021,8
080690017111013,8
081230006001045,8
081230021083011,8
081230005012000,8
080690013061008,8
081230015004021,8
081230025011051,8
081230020181034,8
080690020101007,8
080690009014021,8
080690016072008,8
080690020083000,8
080690011074007,8
080690024031315,8
081230015001011,8
080690028052024,8
080690026011013,8
081230007052009,8
081230017003063,8
081230021041027,8
080690011101017,8
081230013003017,8
081230014141023,8
080690024011130,8
080690009013007,8
081230020211030,8
080690018124027,8
080690026021029,8
081230014121012,8
081230015004037,8
080690010035008,8
081230020101000,8
080690017132038,8
080690001003025,8
080690016052008,8
080690017111008,8
080690024012013,8
080690017132014,8
081230007033002,8
080690018073006,8
080690001002047,8
081230025011022,8
081230020181010,8
081230023002042,8
080690017131007,8
081230023005038,8
080690025053021,8
081230020161052,8
080690028043050,8
081230021073068,8
080690010092008,8
081230025014062,8
081230006001050,8
081230010062003,8
080690018083020,8
081230014041004,8
081230020181020,8
080690018131002,8
080690020111007,8
080690025071021,8
081230022083028,8
080690025081030,8
080690024031126,8
080690025031008,8
080690010044004,8
081230015003037,8
081230022031090,8
080690013072021,8
081230025015084,8
081230025013003,8
080690026023008,8
080690017131066,8
080690019043046,8
080690017066016,8
080690016011006,8
080690026022039,8
081230022071047,8
081230015001002,8
080690023002036,8
081230002001003,8
081230025014111,8
080690013012020,8
081230014062044,8
080690004012004,8
080690013012017,8
081230018002060,8
080690010073017,8
081230021051075,8
081230008002011,8
080690017113018,8
080690025071073,8
081230022051013,8
081230021016009,8
081230022081089,8
081230005022006,8
081230022091055,8
081230007052047,8
080690018082016,8
080690017113014,8
080690019043058,8
081230017001055,8
081230017003066,8
080690017131017,8
080690025082059,8
080690024031086,8
081230014052007,8
080690010035013,8
080690013042020,8
080690028052008,8
081230022053024,8
081230007031001,8
080690011102000,8
081230014172000,8
081230023004010,8
080690011131008,8
080690017072000,8
081230014121005,8
081230020161043,8
080690028012022,8
080690020083025,8
081230021041053,8
081230017001049,8
080690020081000,8
080690018072027,8
081230009001012,8
080690001002010,8
081230009001007,8
081230014101013,8
081230025013099,8
081230022061025,8
081230014072017,8
080690019051010,8
080690002021054,8
080690017131036,8
081230007032007,8
081230015003084,8
080690009011015,8
081230007052082,8
080690004011010,8
081230021072008,8
081230020141047,8
080690016081011,8
080690001001013,8
080690018044038,8
080690025081033,8
081230021015014,8
081230020161045,8
081230022031069,8
080690007002001,8
081230025012038,8
081230007051020,8
080690019043032,8
081230014053016,8
081230011004000,8
080690020051019,8
081230025014040,8
080690017073003,8
081230005022003,8
081230021082006,8
080690025071068,8
080690017142037,8
080690026011002,8
081230013002004,8
080690017072029,8
081230022101035,8
080690025031013,8
081230023004029,8
081230015004003,8
080690017101022,8
080690001002042,8
081230007011028,8
080690006002002,8
081230021083049,8
081230017003049,8
080690017101025,8
080690025062045,8
080690010073006,8
081230021012015,8
080690009013003,8
081230009002011,8
080690028042000,8
081230015002025,8
080690025071070,8
080690027001023,8
080690024011047,8
081230015003049,8
080690024031176,8
081230010043002,8
080690024012035,8
080690025071018,8
081230015004017,8
081230005021015,8
081230020181027,8
080690017081013,8
080690024012050,8
081230014171000,8
080690017062006,8
080690025041001,8
080690010032000,8
080690013062034,8
080690001003031,8
080690011063010,8
080690024031235,8
080690017142003,8
080690011074010,8
080690025062035,8
080690018044027,8
080690013042018,8
081230022031024,8
081230017003024,8
081230014042018,8
080690019041025,8
080690019013000,8
080690011111004,8
080690016082020,8
080690025032015,8
081230007041003,8
080690019023003,8
080690024012094,8
080690028043064,8
081230013004009,8
081230007051043,8
080690026021034,8
080690025061042,8
081230022072004,8
081230022042002,8
081230017003044,8
081230023001015,8
080690009014015,8
080690025033005,8
081230010063011,8
080690016012005,8
081230014132011,8
080690017081031,8
081230020042004,8
080690002021046,8
081230018001158,8
080690017065006,8
081230022072006,8
080690016052011,8
081230017003062,8
081230020121022,8
081230010063007,8
081230016002010,8
080690025082065,8
080690025053043,8
081230018001152,8
081230014141001,8
081230020101051,8
081230022082030,8
080690004022003,8
080690016012028,8
081230014042002,8
080690017062010,8
081230010041000,8
080690018082023,8
081230014102010,8
080690017131029,8
081230007052046,8
081230022081051,8
081230023004021,8
081230022082027,8
081230025011055,8
080690025033072,8
080690013072048,8
081230001001026,8
080690017064019,8
081230015002026,8
081230021065002,8
080690025053005,8
080690025061055,8
081230021071017,8
080690013081005,8
081230010041007,8
080690007002037,8
081230010042008,8
080690017152007,8
080690025071061,8
081230015003112,8
080690016031004,8
081230004022024,8
081230009001010,8
080690017065002,8
080690018073002,8
080690028052028,8
080690020101021,8
080690026022056,8
080690018121024,8
080690017152062,8
081230001002000,8
081230014161022,8
080690017143027,8
081230005022002,8
081230020192001,8
080690002011006,8
081230013003002,8
081230013003016,8
081230014152003,8
081230021065023,8
080690017152021,8
081230015001021,8
081230007011008,8
081230021065039,8
080690018042008,8
080690017131057,8
080690025072007,8
080690013014005,8
080690016033001,8
080690028012020,8
080690017142021,8
081230021061025,8
081230020201001,8
080690016061002,8
081230005021007,8
080690018044021,8
081230017003058,8
080690017152039,8
080690013051006,8
081230021011055,8
081230017001070,8
081230007032009,8
080690024011197,8
080690001001009,8
080690026022101,8
080690019051056,8
080690009011017,8
080690020114001,8
080690001003026,8
080690011141027,8
081230025015151,8
080690028014038,8
080690013084038,8
080690023002011,8
080690001002003,8
080690018042003,8
081230015004020,8
080690026011035,8
080690027002025,8
081230022091061,8
080690007002035,8
081230005021014,8
081230004013005,8
080690013084023,8
080690002021015,8
080690024031135,8
080690025033098,8
081230025013028,8
081230018001168,8
081230014061019,8
081230020042008,8
080690018083016,8
081230016002044,8
080690013042003,8
080690013051009,8
080690016082039,8
081230022031062,8
080690025062010,8
081230025012175,8
081230021073009,8
080690020114002,8
080690005033004,8
080690025033046,8
081230004014009,8
080690013061011,8
081230020181013,8
080690020111025,8
080690013014030,8
080690020082017,8
080690028052040,8
080690019042005,8
080690024031299,8
081230020191040,8
081230004021013,8
080690020071006,8
080690018042002,8
081230013002001,8
081230008003023,8
081230025015125,8
081230020192010,8
080690025051000,8
080690025061065,8
080690026021009,8
081230021083053,8
080690025081036,8
081230014072000,8
080690019011026,8
081230022072015,8
081230004022016,8
080690013051020,8
080690017152019,8
081230015005027,8
080690003002000,8
081230021017021,8
081230007012027,8
081230017004025,8
080690011093001,8
081230015001005,8
080690010081007,8
080690017131028,8
081230020193004,8
081230020101038,8
081230017004038,8
080690010095015,8
080690019041021,8
080690020113013,8
080690024011163,8
081230021016004,8
080690016083028,8
081230025011054,8
081230008002009,8
080690019011021,8
081230023005067,8
081230022083049,8
080690017142019,8
081230007012020,8
080690013063029,8
081230020101011,8
081230021051108,8
080690025082044,8
080690020114011,8
080690026011052,8
081230021041101,8
080690018123031,8
081230020191054,8
080690024041052,8
081230020161000,8
081230021012016,8
080690003001029,8
081230021081044,8
081230022081037,8
080690010031007,8
081230025013054,8
081230022031043,8
080690011132027,8
080690017152002,8
080690016071027,8
080690018073018,8
080690018123029,8
081230008002003,8
080690017112011,8
081230025015019,8
080690017081024,8
080690017122001,8
081230023001019,8
081230020191016,8
080690018102007,8
080690024012053,8
080690003002006,8
081230010051034,8
080690017101017,8
080690020071011,8
080690017073002,8
080690005042004,8
080690028011037,8
081230021062004,8
080690017132015,8
081230007031011,8
080690007002003,8
080690025081052,8
080690023002009,8
081230010055015,8
080690025031014,8
080690025061023,8
081230022081049,8
080690004021005,8
080690005051007,8
080690020101029,8
080690017121014,8
080690024012062,8
081230006001023,8
081230020193008,8
081230018001149,8
080690025061039,8
080690026011055,8
080690011092012,8
081230014102008,8
080690017131030,8
080690025051036,8
081230016002078,8
081230021082042,8
081230022051009,8
080690026021023,8
080690002022039,8
081230023005000,8
081230014062019,8
081230014081007,8
080690011132007,8
081230022072001,8
081230004022003,8
081230010051045,8
080690025053018,8
081230021016091,8
080690016071010,8
080690007001047,8
080690018073003,8
080690017112014,8
081230014052006,8
081230010042026,8
080690024031124,8
081230005022000,8
081230022082117,8
081230020101015,8
080690019051039,8
080690016031015,8
080690009023010,8
080690020114026,8
081230023002022,8
080690020114033,8
080690016053024,8
080690010093005,8
080690025051076,8
080690025062044,8
080690018103013,8
080690017102013,8
081230015002009,8
081230025011067,8
080690028053020,8
080690024031033,8
080690024031139,8
080690028053016,8
081230004011002,8
081230021013005,8
080690028011005,8
080690028011032,8
080690004022014,8
081230017003010,8
080690018082012,8
081230021071010,8
081230021015001,8
081230025014056,8
080690020082007,8
081230014041007,8
081230008003018,8
081230010043028,8
081230010062008,8
080690024012077,8
081230004022020,8
081230015003053,8
080690016012003,8
081230021073066,8
080690013062013,8
080690018073026,8
081230021073005,8
081230022062022,8
080690011093005,8
080690020073021,8
080690020101002,8
080690002011014,8
081230014041000,8
080690017082004,8
080690028013021,8
081230021071023,8
080690024031168,8
081230017003000,8
081230014111018,8
080690016022012,8
081230017002046,8
080690019023001,8
080690027002038,8
080690011063000,8
081230007012030,8
080690016011028,8
080690028013002,8
080690011043009,8
080690019041008,8
080690017061020,8
080690019051091,8
080690028041027,8
080690018082048,8
080690020114010,8
081230022031025,8
081230016002029,8
080690010081001,8
080690005061018,8
080690025062001,8
080690016052004,8
080690017065021,8
080690013083042,8
080690028012005,8
081230022071007,8
080690002012013,8
081230010033009,8
080690025071053,8
081230005021009,8
080690017082011,8
081230022031034,8
081230016002070,8
080690018112000,8
080690019051088,8
080690017072008,8
081230020141034,8
080690024011217,8
080690024012012,8
081230020133001,8
081230022091064,8
080690025073033,8
080690024011074,8
081230021061027,8
080690017123040,8
080690016022001,8
080690018041005,8
081230002001016,8
081230020101032,8
080690027002006,8
080690013082014,8
081230015005029,8
080690004022009,8
080690017132076,8
080690013083014,8
080690026022027,8
081230025014024,8
080690013061015,8
080690013012010,8
080690028043042,8
080690013014021,8
080690017112027,8
081230022082132,8
081230018001066,8
080690011141036,8
080690026022057,8
080690024031197,8
080690011101000,8
081230020181014,8
080690013071005,8
081230021012029,8
081230007031021,8
081230013001013,8
080690019051083,8
081230015003076,8
081230021081016,8
080690013042001,8
080690013012009,8
080690018112006,8
080690024011034,8
080690016011008,8
080690017131090,8
080690028052013,8
080690019022022,8
080690024011060,8
080690024011236,8
081230023005015,8
081230014171023,8
080690020101036,8
080690028043007,8
081230020101028,8
081230007031025,8
080690013051021,8
081230022101028,8
081230016002040,8
081230021016002,8
080690019024002,8
080690023001050,8
080690019043005,8
081230021041043,8
080690028053027,8
080690016024007,8
080690011132008,8
081230022082156,8
080690025082031,8
080690025073026,8
080690025042010,8
081230007033010,8
081230007032008,8
080690001002055,8
081230007052016,8
080690025081049,8
081230016002012,8
081230007052078,8
080690025051024,8
080690011093013,8
081230014111024,8
080690016071004,8
081230017002021,8
080690013061024,8
080690019011024,8
081230015001004,8
081230015002021,8
080690024011203,8
080690016082032,8
081230014111027,8
080690025061001,8
080690016032010,8
080690025051059,8
081230007041007,8
081230021016014,8
080690016082054,8
081230021065012,8
080690024031049,8
080690018103030,8
081230021073014,8
080690019043021,8
080690020112020,8
081230014052024,8
080690019022000,8
080690028042011,8
081230021073029,8
081230021014023,8
081230022082157,8
081230014132006,8
081230015003094,8
080690025032003,8
080690018041003,8
081230025015072,8
080690018132013,8
081230022083013,8
080690028013014,8
081230020141043,8
081230025012045,8
081230021041069,8
080690016081002,8
081230021017011,8
080690026011036,8
080690028011010,8
080690024011022,8
081230020191001,8
080690001002034,8
080690005062005,8
080690010102002,8
080690010101000,8
081230007052035,8
081230016002004,8
081230021014018,8
081230014051003,8
081230015003050,8
081230020211007,8
080690008021002,8
080690024011157,8
080690005032007,8
080690017081001,8
081230015002004,8
080690017131060,8
080690019041036,8
080690020101049,8
081230021081005,8
080690005062003,8
081230022082008,8
080690025082045,8
081230004021018,8
080690028012040,8
080690010042005,8
080690018124012,8
081230023001058,8
081230011002001,8
080690017132029,8
080690011132025,8
081230014162012,8
081230015003108,8
081230013002015,8
081230018002062,8
080690025051019,8
081230006001054,8
081230014072029,8
081230021073012,8
081230025015102,8
080690013051032,8
080690025061006,8
080690018121012,8
080690011102001,8
081230020192023,8
080690017081006,8
080690020072009,8
080690016011036,8
080690017081027,8
080690018123032,8
080690028012027,8
080690003002016,8
081230025014141,8
080690027003036,8
081230021051011,8
081230022083009,8
080690025061057,8
080690024011058,8
081230021051128,8
080690013011012,8
080690024012064,8
081230020191024,8
081230022082109,8
080690024032026,8
081230023005033,8
081230021082022,8
081230022031074,8
081230021051143,8
080690025072033,8
080690009013011,8
080690019051101,8
081230022061012,8
080690003001042,8
080690002021020,8
081230021065013,8
080690011121017,8
081230022082061,8
081230010032002,8
081230007052081,8
081230025015142,8
080690013051010,8
081230006001052,8
080690011112008,8
080690028031032,8
081230014041011,8
081230010061004,8
081230025013015,8
081230022101047,8
081230012012026,8
080690024031186,8
081230010055018,8
081230021065048,8
081230004014013,8
081230023002001,8
080690016081013,8
080690028013013,8
080690020073010,8
080690005033005,8
080690025073015,8
081230004013003,8
081230014041043,8
080690008011013,8
080690025081064,8
081230017003069,8
081230020211026,8
081230017004003,8
081230017003011,8
080690024012047,8
081230016002006,8
081230014162007,8
081230014072032,8
080690025062015,8
080690020073015,8
081230014111000,8
080690002012040,8
081230025014123,8
081230022091040,8
080690026021035,8
081230020181024,8
080690025053026,8
080690019042002,8
080690025051023,8
080690025071069,8
081230020201006,8
080690001002001,8
080690017061009,8
081230021062003,8
081230022061014,8
081230022031004,8
081230010041001,8
080690011111005,8
080690026021022,8
080690001002046,8
081230021051132,8
080690017103008,8
080690018124004,8
081230014052008,8
081230025014084,8
080690017132021,8
080690019013001,8
080690019013011,8
080690025062013,8
080690004022008,8
080690018044007,8
080690025061068,8
081230018001001,8
080690016031009,8
081230021065001,8
080690011111002,8
080690011061005,8
081230005022020,8
080690011122001,8
080690011101020,8
080690013084031,8
081230022071002,8
081230021073016,8
081230021063017,8
081230017001058,8
081230022062013,8
081230014122020,8
081230023005049,8
080690010031003,8
080690026021028,8
080690010093002,8
080690023001052,8
080690028012043,8
081230021016072,8
081230023003008,8
080690008011039,8
081230014101016,8
080690011122017,8
081230021083000,8
081230018001094,8
081230016002022,8
080690013051007,8
081230015003075,8
080690018072001,8
081230009001019,8
081230021061038,8
080690007001007,8
080690017063007,8
080690017152058,8
080690025033006,8
080690009023009,8
081230025014054,8
080690028043054,8
081230021073020,8
080690027003048,8
081230021013025,8
080690018074007,8
081230022031104,8
080690024031270,8
080690026011001,8
081230005022031,8
080690018073012,8
081230017001009,8
080690028014028,8
081230014062034,8
080690019041057,8
080690024031275,8
080690020071004,8
080690011124002,8
081230007031020,8
080690026011063,8
081230020121026,8
081230023004002,8
080690018071002,8
081230014051004,8
080690013063023,8
080690002021001,8
080690025073022,8
080690006001011,8
081230010051032,8
080690028014041,8
080690011063001,8
081230007052080,8
080690017132002,8
081230015003052,8
081230020171030,8
081230021041022,8
081230021073032,8
080690026023014,8
080690025031012,8
081230016002068,8
081230007051072,8
080690016022006,8
080690025051050,8
081230015004052,8
081230023003013,8
081230022071001,8
081230013003001,8
081230007041002,8
081230021051111,8
080690017132006,8
080690013012005,8
080690018123053,8
081230020161022,8
080690019024007,8
080690011112012,8
080690016033002,8
080690025062007,8
080690011073009,8
081230014121010,8
080690019013027,8
081230022071045,8
080690017132061,8
081230020191052,8
080690005033003,8
081230022082102,8
080690028052043,8
080690017065023,8
080690028043044,8
080690017101033,8
081230025015038,8
080690024031039,8
081230017001003,8
080690027001011,8
081230015003010,8
080690017074003,8
080690013071038,8
081230020141054,8
080690020111019,8
080690007002010,8
081230021083024,8
080690025072017,8
080690013072052,8
081230014161000,8
081230014062024,8
080690025072041,8
081230022031110,8
081230021051109,8
080690018082029,8
080690006001017,8
081230021013008,8
080690018131007,8
080690020101015,8
081230004012003,8
080690017141004,8
081230014041032,8
080690017152032,8
081230025014004,8
080690013062032,8
081230021016093,8
081230021083003,8
080690017131022,8
081230018001046,8
080690025072049,8
080690026023041,8
080690004011000,8
081230022072016,8
080690011042005,8
080690025082037,8
081230023004008,8
081230020101054,8
080690024031148,8
081230025014009,8
080690013081007,8
080690007001009,8
080690017123033,8
080690013061043,8
081230017004027,8
080690023001059,8
080690025081028,8
080690026022047,8
081230007033008,8
081230020141027,8
081230021041037,8
080690005051012,8
080690025033062,8
081230022031059,8
080690003001022,8
080690020113004,8
081230018001023,8
080690019022004,8
080690024012093,8
081230004014015,8
080690018072020,8
080690024031237,8
080690026011053,8
080690025033087,8
081230020192021,8
080690013071020,8
081230017004001,8
081230022082074,8
080690010071006,8
080690025051033,8
081230020133023,8
080690020101030,8
081230018001126,8
081230005021036,8
080690018082019,8
080690020073039,8
081230020203000,8
080690017152040,8
080690018073028,8
080690010094004,8
080690013062031,8
080690027001015,8
080690005041016,8
081230020181032,8
080690016052028,8
081230021051072,8
081230025014091,8
080690024041006,8
081230013002016,8
080690025071017,8
081230017001002,8
081230005022001,8
080690016011009,8
080690001002039,8
080690003001006,8
080690011075001,8
081230017004005,8
080690013072051,8
081230020161048,8
080690017071000,8
080690025061061,8
080690005061012,8
080690004022022,8
081230021064017,8
080690024012068,8
081230010051019,8
080690025081044,8
080690019022025,8
080690028014007,8
080690011121019,8
080690024031214,8
081230014111031,8
081230015003090,8
081230023001030,8
080690025073027,8
080690027004028,8
081230018001008,8
080690024011218,8
081230013003009,8
080690018072002,8
080690026011067,8
081230001001008,8
081230025014033,8
081230002001012,8
081230021064058,8
080690011092003,8
080690007001035,8
081230009001023,8
080690025041041,8
080690025071005,8
080690013061034,8
080690009023002,8
080690001002045,8
080690016054037,8
080690026022107,8
080690017151026,8
081230015003074,8
081230021016088,8
080690023001067,8
080690006001019,8
081230025014147,8
081230025011026,8
081230022071039,8
080690025032014,8
080690001001017,8
080690020114034,8
080690017143024,8
080690027004042,8
081230020101030,8
081230017001020,8
080690010102005,8
080690024011213,8
081230022031117,8
081230014102020,8
081230018001071,8
081230010042025,8
080690024011110,8
081230022031038,8
080690019051094,8
081230020193002,8
081230022081059,8
081230022071043,8
080690011061007,8
081230002001015,8
081230025015011,8
081230004023015,8
080690023001012,8
080690020113009,8
081230023001009,8
081230020131003,8
080690013041003,8
081230012022012,8
081230021041052,8
081230014072019,8
080690025081059,8
081230014101002,8
081230022082124,8
080690017132011,8
081230023001065,8
080690023002031,8
081230020141042,8
080690024031238,8
080690024031043,8
081230023005045,8
080690025073007,8
081230010055020,8
080690024012018,8
081230015003008,8
080690025032018,8
081230021083029,8
080690025073014,8
080690017132067,8
080690025071033,8
081230025015046,8
080690025071031,8
081230020161047,8
081230021051003,8
081230023003024,8
080690025041005,8
080690025061019,8
080690024031003,8
080690023001039,8
081230025013063,8
081230025015045,8
080690024011081,8
081230007012016,8
080690017112013,8
080690009011006,8
080690019042021,8
081230018001159,8
081230025011060,8
081230023002020,8
080690019024017,8
081230017003077,8
080690005031000,8
080690024031184,8
080690013071015,8
080690024041039,8
081230008002007,8
081230020203003,8
080690023001051,8
080690024041068,8
081230010041012,8
081230021072000,8
081230022031105,8
080690010094009,8
080690017102030,8
080690011102008,8
080690011132026,8
080690004022013,8
080690028012028,8
080690009013016,8
081230023003003,8
081230014122022,8
080690025033025,8
080690010095014,8
081230014171005,8
080690017141032,8
080690025042006,8
081230022062015,8
080690018123037,8
081230010061006,8
080690001003030,8
080690011091000,8
080690024032020,8
080690020101057,8
081230025014112,8
081230007052015,8
080690011062003,8
080690013041005,8
080690025041023,8
081230023001000,8
081230010063023,8
081230013001017,8
080690008021020,8
080690002012010,8
081230025015074,8
080690017131081,8
080690013052001,8
080690024041062,8
081230014161006,8
081230021041007,8
080690019041028,8
080690024031230,8
081230014081026,8
080690019024000,8
081230020101010,8
080690018123047,8
080690025062034,8
080690017131034,8
081230017003056,8
080690013061014,8
081230018001093,8
081230022082068,8
080690026023046,8
080690020073028,8
081230022081062,8
081230021064045,8
081230005011008,8
081230010051011,8
080690016022007,8
081230015004033,8
081230023005037,8
081230022082043,8
081230025012177,8
080690006001013,8
081230021013014,8
080690011122008,8
080690019043034,8
080690024031189,8
080690019042010,8
080690017152097,8
081230010051043,8
081230017002048,8
081230004022014,8
081230021014017,8
080690019051021,8
080690017132039,8
080690001003007,8
080690018101001,8
081230015003098,8
080690025061067,8
081230014053015,8
080690018112024,8
081230015003002,8
081230007052004,8
081230020211002,8
080690026022009,8
081230004023020,8
080690005051013,8
081230021051074,8
080690024031283,8
080690002012014,8
080690024031100,8
080690018122008,8
080690024031134,8
081230022101002,8
081230008002027,8
080690018124021,8
080690025051010,8
081230015003028,8
081230022081063,8
081230021071006,8
081230022031036,8
080690028043010,8
081230017004030,8
080690005061035,8
081230010061002,8
080690018082046,8
081230022071030,8
080690017064020,8
080690020101059,8
080690019043069,8
081230015002013,8
080690018101000,8
080690009022011,8
080690016082016,8
081230015004018,8
081230020042002,8
081230016003073,8
080690024012033,8
080690002022007,8
081230025015004,8
080690025042002,8
080690023001053,8
081230022031106,8
081230018001122,8
081230014141006,8
080690017072016,8
081230022071008,8
080690013083038,8
080690025033083,8
080690027003042,8
080690026023057,8
080690017142006,8
080690028053022,8
080690019023016,8
080690024011070,8
080690027002031,8
081230020101027,8
081230010063022,8
081230014111020,8
081230021011039,8
081230020191044,8
080690019043016,8
081230014081028,8
081230025013093,8
080690010093004,8
080690025071056,8
080690020083007,8
081230007011015,8
081230020131010,8
081230014132017,8
080690025042021,8
081230022081055,8
080690028014025,8
080690028031027,8
080690018044019,8
080690013062000,8
081230021011050,8
081230021073021,8
080690011111003,8
080690017112026,8
081230017004018,8
080690025073024,8
081230014141013,8
080690020052027,8
081230025014065,8
081230014081033,8
080690008021009,8
080690017152084,8
081230010054003,8
080690028052023,8
080690017123005,8
081230012012019,8
080690025042024,8
080690011132011,8
080690019021000,8
080690017065001,8
081230022081034,8
081230025013130,8
080690023001019,8
080690024011208,8
081230021051133,8
080690024031166,8
080690025051044,8
081230014062011,8
080690020112011,8
081230022061022,8
080690018081007,8
081230018001143,8
081230007052067,8
081230025014162,8
080690024031285,8
081230021083018,8
080690026022064,8
080690024012006,8
081230011002009,8
080690016012007,8
080690024031044,8
080690005031010,8
081230018001128,8
081230022061015,8
081230014162033,8
080690016053001,8
080690024011036,8
081230014141009,8
081230021041080,8
080690025033007,8
081230015001019,8
080690011102007,8
080690024011115,8
081230014071007,8
081230022031015,8
081230025014092,8
080690018083009,8
080690024031102,8
080690020101025,8
081230005021024,8
081230005022028,8
080690018074000,8
081230025015126,8
080690017142048,8
081230018002055,8
080690017132005,8
081230014052023,8
080690026022051,8
080690025061025,8
081230007051067,8
081230022082137,8
080690006001001,8
080690028052049,8
080690018112001,8
081230022082113,8
080690019021004,8
081230010055001,8
080690011062010,8
081230014111040,8
081230022082089,8
080690009011020,8
081230025013083,8
080690017102010,8
080690013063009,8
080690010071012,8
080690018123040,8
080690016023013,8
080690017132035,8
080690017142001,8
081230016001012,8
080690013052006,8
081230022082051,8
080690028042003,8
081230022083000,8
080690013051027,8
080690025032021,8
080690026011028,8
081230004012009,8
080690024031063,8
081230023002048,8
081230022091012,8
081230025015138,8
081230023001040,8
080690026022116,8
081230014171003,8
080690026022025,8
080690010031017,8
080690020112015,8
081230014062003,8
080690026023001,8
080690017072011,8
080690024011216,8
080690020071040,8
080690017101006,8
081230015001000,8
080690024011100,8
081230008002025,8
081230021071046,8
080690001002036,8
080690028014027,8
080690007001024,8
081230022042006,8
080690028052047,8
080690025042001,8
081230020141017,8
081230007051047,8
081230022101027,8
081230022081017,8
081230018001043,8
081230010055016,8
080690024011028,8
080690025071025,8
080690013051004,8
080690016054047,8
080690027001001,8
081230021065036,8
081230001003005,8
081230007031014,8
081230021041040,8
081230010043016,8
080690016082047,8
081230020141025,8
081230021051027,8
080690005031009,8
081230020101020,8
081230007041005,8
081230010056006,8
081230015005031,8
081230004012008,8
081230010032010,8
081230010063001,8
080690024031107,8
081230010043009,8
080690016054030,8
080690011141033,8
081230021016028,8
080690024031151,8
080690023001047,8
080690025033102,8
081230021082001,8
080690019013015,8
081230021017001,8
080690025061010,8
080690024031150,8
081230022082128,8
080690017132028,8
080690028014033,8
080690024031287,8
081230021064031,8
080690013083060,8
080690001002043,8
081230007011023,8
080690025042003,8
081230008004001,8
081230014141004,8
080690018044033,8
081230007052031,8
080690023002034,8
081230014081001,8
080690025073035,8
080690018131019,8
081230020203023,8
081230021041110,8
080690025053004,8
081230014162039,8
081230017001063,8
080690013042008,8
080690017061004,8
080690001002004,8
080690011093008,8
080690018044028,8
081230017004021,8
080690020113015,8
081230005021026,8
080690005061010,8
080690019051035,8
081230001001030,8
081230007034020,8
080690017102003,8
081230021016101,8
081230007051066,8
080690002021030,8
081230012011002,8
080690028011033,8
081230010061032,8
081230022101023,8
080690005052005,8
080690018121026,8
080690017101044,8
080690024012078,8
080690025081021,8
081230014122005,8
080690028043057,8
081230021041094,8
081230014171007,8
080690017152110,8
081230006001036,8
081230021051121,8
081230021013037,8
080690020071038,8
081230013003004,8
081230018002043,8
080690010034000,8
080690018074011,8
081230016003008,8
080690028031000,8
080690017132043,8
081230018002065,8
081230020191049,8
081230022091082,8
081230018002052,8
080690028041004,8
080690017082010,8
081230010042006,8
081230005011003,8
080690025033061,8
081230025015127,8
081230022082056,8
080690025081047,8
081230018001091,8
080690028052048,8
080690025051055,8
080690025082024,8
080690013071044,8
081230020192025,8
081230025015018,8
080690005042010,8
081230014162014,8
080690008011035,8
081230009001011,8
080690024031055,8
080690016083032,8
081230021073057,8
081230021051085,8
081230021016081,8
081230010055004,8
080690016024003,8
081230014111011,8
080690017151027,8
080690018073047,8
080690025071032,8
080690027003019,8
081230018001005,8
081230021051083,8
080690027002034,8
081230023004020,8
081230016003004,8
080690017152095,8
080690010044002,8
081230007012024,8
081230017002036,8
080690026011014,8
081230021073043,8
080690028011001,8
081230021083031,8
080690011132012,8
080690017123027,8
081230021081011,8
081230018002001,8
081230007011019,8
080690002021003,8
080690005042017,8
080690027003043,8
081230004022025,8
080690016081000,8
080690010043008,8
080690024031142,8
080690024011143,8
081230018002056,8
081230025013089,8
081230023002026,8
081230016002042,8
081230018001059,8
080690005051006,8
081230022082010,8
080690013084016,8
080690028011028,8
081230025013001,8
080690017131083,8
080690024011000,8
080690010101006,8
080690013083065,8
081230015002029,8
080690025082051,8
080690013063020,8
080690025052012,8
081230021064035,8
081230021014016,8
081230013003006,8
080690025072021,8
080690027003011,8
080690018103036,8
081230022051011,8
081230007031002,8
080690020071020,8
081230007011017,8
080690011042007,8
081230020161029,8
081230014091007,8
081230021065009,8
080690017131015,8
080690001003038,8
081230025014029,8
081230015003015,8
081230022071031,8
080690028031020,8
080690011124008,8
080690016022021,8
081230014052001,8
080690001003022,8
080690019043048,8
081230018001166,8
080690011122020,8
080690020052025,8
081230022082107,8
081230018002047,8
080690018072008,8
081230014121019,8
080690017152027,8
081230014141031,8
081230020151007,8
080690011091006,8
080690013061025,8
081230025014022,8
081230014111010,8
081230015003022,8
080690011043011,8
081230020141004,8
080690019042004,8
081230010054009,8
081230021051094,8
080690010035006,8
081230014091004,8
081230020121006,8
080690003001001,8
081230014162020,8
080690018081003,8
080690020081005,8
080690013083022,8
080690006001015,8
080690028011034,8
080690028052031,8
081230020151030,8
080690024011162,8
081230018001047,8
080690017152026,8
080690025051053,8
081230021012005,8
081230014141021,8
080690016011035,8
081230025013030,8
081230022082130,8
080690025051073,8
080690020101031,8
081230020101019,8
080690023001056,8
081230022042009,8
081230022071044,8
080690017081028,8
081230022062002,8
081230021073033,8
081230021016099,8
080690019051077,8
080690016011031,8
081230017001026,8
081230008002021,8
080690020073011,8
080690011045006,8
080690016071018,8
080690018112026,8
081230014042027,8
081230014122004,8
080690008021000,8
080690025053025,8
080690024031273,8
080690025082007,8
081230025014109,8
080690025082029,8
080690028051011,8
080690017123003,8
080690026011024,8
080690004012005,8
080690017102032,8
080690018044034,8
081230023002039,8
081230021061014,8
080690016011034,8
080690013083015,8
081230007031039,8
081230022071032,8
081230014111016,8
080690007002031,8
080690028053015,8
080690025082048,8
081230023001024,8
080690013051023,8
080690028031033,8
080690007001013,8
080690018123045,8
080690018081008,8
081230007051057,8
080690009023008,8
080690004022045,8
081230025014107,8
080690024011079,8
081230020191039,8
081230022081022,8
080690024031202,8
080690013083056,8
081230021013013,8
081230010033011,8
080690003002015,8
080690024031127,8
081230014102014,8
081230014171022,8
081230017004008,8
080690013013007,8
081230020192000,8
081230015004041,8
081230021016033,8
081230007041014,8
080690017121011,8
080690025082054,8
081230014171010,8
080690017081003,8
081230014092011,8
081230014042040,8
080690016082003,8
080690024011123,8
080690026022111,8
080690002021019,8
080690025073030,8
080690017074004,8
081230015001013,8
081230018002059,8
080690024031074,8
080690025042022,8
080690017102025,8
080690010092020,8
080690011101012,8
080690018082008,8
081230014053008,8
080690026023004,8
080690024031241,8
080690002011022,8
081230021041009,8
080690024012022,8
080690019021011,8
080690025051067,8
080690010042004,8
080690025073032,8
081230018001056,8
080690010094011,8
080690019041027,8
081230021083007,8
081230021051095,8
080690017111001,8
080690011112011,8
080690020101005,8
080690007001043,8
081230018002023,8
080690018041000,8
080690019041046,8
081230017002066,8
080690028031007,8
080690024011038,8
080690007002025,8
080690018082047,8
081230021016090,8
081230023002036,8
081230022031122,8
081230023001051,8
080690017132071,8
081230022081026,8
080690017123022,8
080690017152112,8
080690019011034,8
080690019012007,8
080690018072021,8
081230016002033,8
080690017065011,8
081230022071020,8
080690025061011,8
080690028011038,8
081230017004033,8
080690017152036,8
081230014121017,8
081230010053004,8
081230007052057,8
081230021016047,8
080690024011238,8
081230021016078,8
081230021083005,8
080690008011029,8
080690026022060,8
080690024012026,8
080690025033084,8
081230016002002,8
081230009001004,8
081230014101023,8
080690011122007,8
080690024041025,8
081230018001106,8
081230014072005,8
080690016082042,8
081230023002045,8
081230021051029,8
081230025013127,8
081230013003008,8
080690025071019,8
080690016053007,8
080690020111013,8
081230025012051,8
080690016083018,8
080690024032003,8
080690019051061,8
081230015005017,8
080690013011007,8
081230007034018,8
080690024031052,8
080690019051042,8
080690010071010,8
080690013084035,8
081230021064003,8
080690019011018,8
081230015003088,8
081230010033007,8
080690018083017,8
080690020051016,8
080690020082019,8
081230012013005,8
080690017142083,8
080690017142061,8
081230015003027,8
081230021051030,8
080690013012003,8
080690024011127,8
080690016053003,8
080690017121008,8
081230017002062,8
080690028052045,8
080690024041033,8
081230015003060,8
080690018073001,8
081230022072007,8
080690028011025,8
081230010051021,8
080690026022106,8
080690017142043,8
081230021016060,8
081230010053001,8
081230022101018,8
081230011004004,8
080690004011006,8
080690019013028,8
081230014162030,8
080690002021034,8
081230025012055,8
080690013041012,8
080690020072015,8
080690026022014,8
080690019013005,8
081230022062000,8
080690008011023,8
080690002022030,8
080690019024016,8
081230025014150,8
080690020101034,8
080690019051072,8
080690010101008,8
081230007031037,8
080690028011042,8
081230010056002,8
081230014062022,8
080690019041009,8
080690013011005,8
080690025051080,8
081230021017036,8
080690023002001,8
080690026022065,8
081230016002087,8
081230014061017,8
080690011074009,8
081230021064041,8
081230014121008,8
080690016011030,8
080690025033053,8
080690024012040,8
081230014072009,8
080690024011229,8
081230022083051,8
081230021081020,8
081230021065032,8
080690013063025,8
081230022062028,8
081230022031008,8
080690019022016,8
081230021051045,8
080690011141029,8
080690024012011,8
080690025081029,8
080690017081016,8
081230014132002,8
080690020101047,8
080690002011027,8
081230010051015,8
081230004021010,8
080690003001034,8
081230022081029,8
080690025081005,8
081230018002028,8
080690017062003,8
080690019013002,8
080690018101006,8
081230018001067,8
080690028051032,8
080690028031041,8
081230014052011,8
080690024012066,8
081230020161004,8
081230014041034,8
080690011074003,8
081230020042003,8
081230022091051,8
080690013083050,8
081230010053012,8
080690026023056,8
080690019011028,8
080690028051007,8
081230015003004,8
081230012011006,8
081230023003006,8
080690018103019,8
081230022083041,8
080690017065014,8
080690023001045,8
081230021061017,8
081230018001010,8
080690018103021,8
081230022091073,8
081230020202010,8
080690018082020,8
081230021072011,8
080690010093008,8
081230022091038,8
080690020071001,8
080690016082057,8
080690018132019,8
080690028011009,8
080690024011184,8
080690018124036,8
081230020161041,8
081230022091076,8
081230014152000,8
080690025071040,8
080690005031016,8
081230021081026,8
080690017152083,8
080690011045000,8
081230017003051,8
081230017001015,8
080690018112004,8
080690017072018,8
080690028012001,8
080690013084001,8
081230025015093,8
081230008004005,8
081230016003071,8
080690018112008,8
080690010095000,8
080690024031171,8
080690025051018,8
081230022081053,8
080690024031291,8
081230014063017,8
081230004013006,8
080690005041008,8
081230025011025,8
080690004021009,8
081230022091005,8
081230014052010,8
080690009011004,8
080690016054023,8
081230018002015,8
080690003002002,8
080690013072011,8
080690005042005,8
080690027004014,8
081230025014037,8
081230007051040,8
081230014111036,8
080690016012024,8
080690017141005,8
080690004022017,8
080690017152067,8
080690016012034,8
080690027003002,8
081230020121034,8
081230021041107,8
081230018002010,8
081230013002009,8
080690003001020,8
080690017061006,8
081230007032005,8
080690024031269,8
081230010033012,8
081230022031071,8
081230023005061,8
080690026022054,8
080690009012006,8
081230007052010,8
080690016054046,8
080690020052011,8
080690017073006,8
080690024031006,8
081230017002040,8
080690023001000,8
081230020141049,8
080690017152059,8
081230022071010,8
080690025031006,8
080690020073007,8
081230017002031,8
080690020073012,8
080690016062000,8
080690018131015,8
081230004012000,8
080690017141000,8
080690025033013,8
081230014052019,8
081230021013044,8
080690017066025,8
080690019051026,8
080690027002043,8
080690024031038,8
080690025062032,8
080690027002040,8
080690019021005,8
081230014152014,8
081230014151014,8
081230018001055,8
080690024011040,8
080690025071080,8
081230012022008,8
080690025062036,8
081230021051008,8
080690010072005,8
080690024011013,8
080690016071005,8
081230022082106,8
081230015001010,8
081230015003106,8
080690027002011,8
080690025083003,8
081230020162010,8
080690017102026,8
080690024041027,8
081230021081039,8
080690020101000,8
081230020133011,8
081230018001079,8
080690002011002,8
081230020121025,8
081230010043010,8
080690010095012,8
081230010056014,8
080690026022074,8
080690013072000,8
080690017142000,8
080690010102021,8
080690002012031,8
081230025015157,8
080690008011016,8
081230010061028,8
081230005011000,8
081230015003110,8
080690016052018,8
081230007033005,8
080690025062029,8
081230022051006,8
080690025041019,8
080690024012031,8
080690019012008,8
080690009014010,8
080690010092004,8
080690025062022,8
080690025071076,8
080690005061029,8
080690028041016,8
081230020191011,8
080690011092001,8
080690010094006,8
080690017111006,8
080690011101005,8
080690024012046,8
080690028052007,8
081230021063007,8
081230007051050,8
080690001002009,8
081230005011004,8
081230021083002,8
080690017122002,8
081230020101047,8
080690001001007,8
080690025071046,8
080690016011027,8
081230022031027,8
081230021013011,8
081230022031116,8
080690017081012,8
081230018001028,8
081230012022014,8
080690025042015,8
081230022091069,8
081230025014099,8
080690026022028,8
081230021016045,8
080690006003007,8
081230007012018,8
081230025013041,8
081230025015064,8
080690003001039,8
081230022091036,8
081230025013046,8
080690009012003,8
080690002021014,8
080690013051002,8
081230020162001,8
080690026023000,8
080690020111010,8
080690018124035,8
081230021064033,8
081230022031064,8
081230007031008,8
080690020112006,8
081230021051059,8
081230023001031,8
080690010073019,8
081230014111007,8
080690020081012,8
080690016071019,8
081230014092014,8
081230016002080,8
081230020101023,8
081230022031063,8
080690003002010,8
080690024012048,8
080690026023032,8
081230007052017,8
080690024031008,8
080690011123006,8
080690009014020,8
081230010051038,8
081230025012042,8
081230021065004,8
081230021015012,8
080690018073042,8
081230018002061,8
081230001002003,8
081230021071049,8
081230021012038,8
080690005051004,8
080690025033067,8
081230021014020,8
081230015003058,8
080690028014026,8
080690018132016,8
081230015002003,8
080690019043013,8
080690017152066,8
081230025013072,8
080690025042018,8
080690017152052,8
080690001001004,8
080690005051002,8
080690013011008,8
080690025081054,8
081230014102022,8
081230020141050,8
080690016071038,8
080690025033051,8
080690002021010,8
081230021064000,8
080690010081010,8
081230012022003,8
081230025015144,8
080690010102015,8
080690013071021,8
080690005051003,8
081230025015069,8
080690008011030,8
081230022051004,8
081230006001012,8
080690024031057,8
080690006004006,8
081230020191000,8
081230021065038,8
080690020073041,8
081230014042015,8
081230014122009,8
081230007052037,8
080690010072002,8
080690016062004,8
081230016003026,8
081230010051004,8
080690011043012,8
080690025071078,8
080690020052022,8
080690017142054,8
081230005021035,8
081230021011037,8
081230023004022,8
080690011101015,8
081230014042014,8
080690016023010,8
081230025014061,8
080690008011038,8
081230023005016,8
081230018001142,8
081230018002013,8
080690016031007,8
081230018001100,8
080690028031018,8
080690025082064,8
081230017001004,8
081230017004046,8
080690001003021,8
081230021071032,8
080690027003007,8
080690024011025,8
080690025042029,8
081230006001015,8
080690019051096,8
081230014041020,8
080690025032036,8
080690025053015,8
081230013004008,8
080690013084024,8
081230015005016,8
081230022061016,8
081230010055012,8
081230007011025,8
081230021016085,8
080690019022007,8
081230001001028,8
080690018083010,8
081230015005058,8
081230021083047,8
080690002011017,8
080690011091013,8
081230020141026,8
081230005012010,8
080690028012010,8
080690025073018,8
081230022091060,8
080690028053026,8
080690020082016,8
080690017132072,8
080690019043014,8
080690019011002,8
080690020071022,8
080690013061009,8
080690018082052,8
080690016052019,8
080690028011044,8
081230014042029,8
081230022082111,8
080690017082003,8
080690011073010,8
081230023001063,8
080690016082007,8
080690023001009,8
080690013013000,8
080690017101010,8
080690011062009,8
081230022031018,8
081230017003068,8
081230022082094,8
081230013002005,8
081230023001008,8
080690001002028,8
080690027002018,8
080690017132068,8
081230018001058,8
080690019041055,8
080690017152108,8
081230014081027,8
080690025062006,8
081230013004013,8
080690011101027,8
080690025033069,8
080690023001048,8
080690018044029,8
080690019011004,8
081230015003102,8
081230020181011,8
080690011091005,8
081230022082029,8
080690016054016,8
080690019022024,8
081230014041009,8
080690028013016,8
081230025013079,8
081230018001087,8
081230007052068,8
081230018002048,8
081230021073023,8
080690017143008,8
081230023001028,8
081230022101015,8
080690019051013,8
080690027003000,8
081230015003093,8
080690002022024,8
080690024031306,8
081230002001007,8
080690026023061,8
081230021016084,8
080690005033000,8
081230015001027,8
080690019041031,8
080690028052006,8
081230021051096,8
081230022081072,8
080690025072026,8
081230022071015,8
081230022082084,8
080690010081005,8
080690025083019,8
080690024012095,8
081230020161024,8
081230007034000,8
080690018121033,8
081230022031093,8
081230018001006,8
080690019024014,8
080690013083033,8
080690005042008,8
081230007051002,8
080690017131052,8
080690001003028,8
081230001003011,8
081230021065017,8
080690017074014,8
080690028031031,8
081230013003014,8
081230008002014,8
081230014121013,8
081230015005056,8
081230021041050,8
081230014081010,8
080690017131002,8
081230022083050,8
081230021081025,8
080690017142059,8
081230005021019,8
081230023002037,8
081230014122008,8
080690024031288,8
080690017131087,8
080690018073024,8
080690024031188,8
081230022072003,8
080690018082004,8
080690026023059,8
081230023004043,8
081230021041001,8
081230020201008,8
081230017001010,8
080690008011014,8
081230022031005,8
080690017142049,8
081230014064002,8
080690028052016,8
081230025014051,8
081230014121015,8
080690028041020,8
081230010042002,8
080690004022036,8
081230020192003,8
080690013013010,8
081230025015015,8
081230025013094,8
081230021063009,8
080690024031212,8
080690016082034,8
080690001002012,8
080690016021005,8
081230014162004,8
081230010053000,8
080690018074004,8
081230011001013,8
081230025015036,8
080690002021023,8
081230017001022,8
081230020201011,8
080690024032005,8
080690019051090,8
080690016061006,8
080690005041013,8
080690004022030,8
080690028043022,8
080690013042021,8
080690004022020,8
081230025013092,8
080690024012032,8
081230012022002,8
080690025073025,8
080690023002021,8
081230020121036,8
080690018112013,8
080690025062000,8
081230021051044,8
081230018001138,8
080690017065024,8
081230015005025,8
080690019041001,8
081230022101051,8
081230025013097,8
080690017131047,8
081230009001013,8
080690024012087,8
080690018102011,8
080690001001011,8
080690013071034,8
080690019042008,8
081230021065046,8
081230015003019,8
080690017066024,8
081230004012007,8
080690019051109,8
081230015005050,8
081230014092001,8
080690018124031,8
081230025015113,8
080690017152077,8
081230020201014,8
080690013071014,8
080690017141011,8
080690024012075,8
081230021016094,8
081230011004005,8
080690025053045,8
080690019051002,8
081230020131020,8
080690024011222,8
080690009014008,8
080690002021032,8
080690024011206,8
081230023003033,8
080690017152089,8
080690025042011,8
080690011073000,8
080690017062001,8
081230020141021,8
081230025012052,8
080690028043053,8
081230021051087,8
080690010102022,8
081230007034025,8
080690013072038,8
080690011101008,8
081230010051025,8
080690026022104,8
080690028013010,8
081230021061004,8
080690028051019,8
081230022082023,8
081230021017018,8
081230021017028,8
081230014062008,8
080690018083024,8
081230004013012,8
081230012012004,8
080690016012022,8
080690017132012,8
080690011071009,8
081230021051009,8
080690020113000,8
080690020112013,8
080690005032006,8
080690025061018,8
080690027002001,8
080690009023012,8
081230022031031,8
080690024012073,8
080690011132015,8
081230014062020,8
080690010035007,8
081230015001012,8
081230010041019,8
081230021011009,8
081230006001021,8
081230021041000,8
080690018102005,8
080690011044005,8
080690028052017,8
081230025011001,8
081230017003001,8
081230014042033,8
080690013042002,8
080690013061045,8
081230021016021,8
080690024031267,8
080690010073007,8
081230016002083,8
080690017132000,8
080690025032020,8
081230021017023,8
081230025011050,8
081230021051157,8
081230014141019,8
080690011073005,8
080690024031077,8
080690013071045,8
080690024032023,8
081230014092006,8
080690011121011,8
080690019051025,8
081230021061012,8
081230015005035,8
080690025082018,8
081230021071013,8
080690016011025,8
081230021071000,8
081230020121040,8
081230021063016,8
081230008002004,8
080690023002000,8
080690011132003,8
081230016001029,8
080690011121001,8
081230022101026,8
080690001001008,8
080690016024011,8
081230020192035,8
081230007051014,8
080690027001018,8
080690010041000,8
081230015004015,8
080690016054011,8
081230017004029,8
080690028013020,8
080690026022061,8
081230023003004,8
080690024011024,8
080690016081018,8
080690026023045,8
080690025081060,8
081230020161006,8
080690019041024,8
080690002012037,8
081230014161023,8
081230014061020,8
080690016083024,8
081230021051153,8
081230021016098,8
081230016002018,8
080690024031233,8
080690011064010,8
080690019013018,8
080690013083020,8
080690005042002,8
081230025011065,8
080690020082010,8
081230017001011,8
081230007051011,8
081230014141020,8
080690028031016,8
080690024011210,8
081230022082122,8
080690025072038,8
080690019051018,8
081230021073017,8
081230016002025,8
081230020171003,8
081230017002038,8
080690019043036,8
080690017142007,8
081230020101009,8
081230015003055,8
080690025062030,8
080690025033028,8
081230025014007,8
081230021017009,8
081230025013067,8
081230021064013,8
080690010092017,8
080690004021011,8
080690018082006,8
081230007034015,8
080690016051003,8
081230020192004,8
081230015002010,8
081230012022010,8
080690025081020,8
081230017002011,8
081230016002024,8
081230017004042,8
081230007031006,8
080690017152103,8
080690013014004,8
080690026011034,8
080690017102019,8
080690005031011,8
081230014072021,8
081230010052001,8
081230007041013,8
080690023001016,8
080690025031002,8
080690018123003,8
081230021011000,8
081230021041058,8
081230014121014,8
081230014102016,8
080690017082006,8
080690025033078,8
080690011131000,8
081230014053009,8
080690007002029,8
081230022081068,8
081230014041001,8
080690028012011,8
080690019051092,8
080690016072009,8
081230021072022,8
080690026022002,8
080690005052004,8
080690018121027,8
081230022031079,8
080690016011012,8
080690028012031,8
080690018102019,8
080690025041015,8
081230015002027,8
081230021012011,8
081230004023013,8
080690011093012,8
080690025033017,8
081230017002004,8
081230020121037,8
080690019023014,8
080690011092011,8
081230018001051,8
080690025033038,8
081230015003072,8
081230015003040,8
080690027002008,8
080690025051030,8
081230025011005,8
081230022082057,8
080690018131011,8
080690023002003,8
080690010073013,8
080690023001044,8
081230004013017,8
081230020161055,8
080690024031289,8
080690024032010,8
080690017066005,8
081230022082059,8
080690008021016,8
080690028013000,8
080690001002033,8
081230022083005,8
080690010032003,8
081230021065003,8
080690025032011,8
080690010094000,8
081230021017000,8
080690025082008,8
080690024011019,8
080690024011233,8
081230014053024,8
080690020113006,8
080690017131077,8
081230005011010,8
080690017072009,8
081230010063020,8
080690017151002,8
080690016011029,8
080690019023011,8
081230025014118,8
081230015004009,8
080690013011000,8
081230014051014,8
081230023005021,8
081230017002002,8
080690011071007,8
081230010054005,8
080690026022045,8
081230022082118,8
081230014171016,8
081230021064025,8
081230025014039,8
080690025032002,8
080690017132046,8
080690024011009,8
081230008002028,8
081230007051006,8
080690025042017,8
081230018001024,8
080690018121021,8
081230016001014,8
080690026022083,8
080690024031234,8
081230005012005,8
080690016031012,8
080690017152048,8
080690024011003,8
080690018124034,8
080690025061021,8
080690025071044,8
081230014062021,8
080690028012036,8
080690018081011,8
080690024012061,8
081230011002014,8
080690016011000,8
081230025015009,8
080690016034001,8
081230023001062,8
081230014063012,8
080690016062001,8
081230014172003,8
080690018082042,8
080690016052012,8
081230021061034,8
080690011063013,8
081230019061006,8
080690007002038,8
081230010063004,8
081230005022014,8
080690018122010,8
080690025053013,8
080690026011065,8
080690020082018,8
081230012022007,8
081230013004011,8
081230025015088,8
080690016072001,8
080690017142081,8
081230025015149,8
080690016032007,8
081230025015161,8
080690018044009,8
081230014152012,8
081230025014138,8
081230020101031,8
080690024011112,8
080690028042021,8
081230004023014,8
081230025014146,8
080690007002000,8
081230021064046,8
080690024011186,8
080690010031005,8
081230021014021,8
080690017142022,8
081230022091084,8
081230021013057,8
080690028042013,8
081230022082154,8
081230010063017,8
081230021011006,8
081230010041003,8
081230021011018,8
081230008003010,8
080690025072044,8
081230021051025,8
081230010061001,8
081230017003045,8
080690019011029,8
081230017004002,8
081230023001035,8
081230006001033,8
081230022081003,8
081230016003009,8
081230017003042,8
080690017151013,8
081230021071022,8
080690027001017,8
081230013002012,8
080690009013013,8
080690028043056,8
080690002021048,8
080690027002013,8
081230021016070,8
080690013014017,8
081230018001045,8
080690019022015,8
080690019041038,8
081230021011002,8
080690025072009,8
080690025051040,8
080690025051077,8
080690016034003,8
080690027002002,8
080690013083034,8
081230010051017,8
081230025015099,8
080690018103043,8
081230022042007,8
080690018124016,8
080690011141014,8
080690017113007,8
081230020181004,8
080690027002050,8
081230021015015,8
080690024011204,8
081230021083038,8
080690010102010,8
080690027003023,8
081230020161033,8
081230018002066,8
081230025011003,8
080690027001002,8
080690017141012,8
080690025062047,8
081230020203004,8
080690011092004,8
080690025041035,8
080690017152025,8
081230005022030,8
080690013041013,8
081230010054001,8
080690025041028,8
080690016032000,8
081230025011042,8
081230020181002,8
080690025041011,8
080690010071011,8
080690024011119,8
081230021041085,8
080690019011003,8
080690007001034,8
081230014132000,8
080690017074017,8
081230020203021,8
080690025033104,8
080690017123013,8
080690016071002,8
081230014053000,8
081230013004017,8
080690018072028,8
081230020121039,8
081230004013000,8
080690018081012,8
080690010102020,8
080690017152109,8
080690008011005,8
080690017102005,8
081230014062031,8
081230025013065,8
080690019041000,8
081230021072001,8
080690018121023,8
081230016003006,8
080690018101008,8
080690010095004,8
081230021041091,8
081230022082025,8
081230014081017,8
081230023003036,8
080690019042025,8
081230008002010,8
081230021064002,8
080690010095018,8
080690011112003,8
081230021065042,8
080690011141025,8
080690018124002,8
081230012011004,8
081230006001006,8
080690011132010,8
080690009012005,8
080690017151010,8
081230021051020,8
081230021064037,8
081230014041005,8
080690018103014,8
081230005021034,8
080690025051007,8
080690010041001,8
080690026022082,8
081230021081040,8
080690025071014,8
081230017001054,8
080690019043004,8
081230001002013,8
081230004013001,8
081230021081018,8
081230025015014,8
080690017123023,8
080690018131003,8
081230010051010,8
080690004021007,8
081230001001013,8
080690013071043,8
080690008011002,8
080690024041063,8
081230021051032,8
080690005061003,8
080690025071051,8
080690002022009,8
080690018123051,8
080690007001027,8
080690016071011,8
081230021073045,8
081230010051000,8
081230022091015,8
081230017004039,8
080690020071044,8
080690025082030,8
081230014072016,8
081230021082035,8
080690017152068,8
081230014132008,8
080690016082049,8
081230020141041,8
080690017142040,8
080690018103012,8
080690018102024,8
081230023005010,8
080690024041058,8
081230004013021,8
080690017123002,8
081230010033014,8
081230015005057,8
081230020121001,8
080690013014033,8
080690028031001,8
081230021015017,8
081230025015028,8
081230014111003,8
081230017004045,8
080690003001028,8
081230021041071,8
081230015001006,8
081230025015034,8
080690016012027,8
080690028053032,8
080690011123002,8
080690007001031,8
080690016052023,8
080690016071033,8
080690024041001,8
080690019043040,8
080690024011171,8
080690024011105,8
080690024011042,8
080690017142029,8
080690025073003,8
081230021082018,8
081230021064018,8
080690027002045,8
081230022082070,8
081230017004013,8
080690028031002,8
080690017065020,8
080690011132005,8
080690019051006,8
081230014052015,8
081230022082091,8
081230015003041,8
080690011043000,8
080690010031013,8
081230020101026,8
081230005022016,8
080690016071023,8
080690013071042,8
080690025041017,8
080690027003034,8
080690024011190,8
081230025014120,8
081230001001007,8
081230023004030,8
081230022101038,8
080690013041004,8
080690002022035,8
081230004021003,8
081230010055011,8
081230014063011,8
081230016002094,8
080690018103035,8
080690028053019,8
080690013013013,8
081230023001023,8
081230014121011,8
080690002012052,8
080690017111010,8
081230022053017,8
080690010044003,8
081230021064057,8
080690025062012,8
080690010031014,8
080690018124030,8
080690023001021,8
080690016053015,8
080690024011180,8
080690011064004,8
080690017143021,8
081230021083004,8
080690008021014,8
081230020181031,8
080690028011007,8
080690016031018,8
080690028051001,8
081230015002011,8
080690017142070,8
081230021041093,8
080690027004030,8
080690024031128,8
081230017003086,8
081230021011014,8
080690011094006,8
081230015005036,8
081230014063014,8
080690013082011,8
080690025041027,8
080690011072000,8
081230022061026,8
080690024011027,8
080690019051022,8
080690024032021,8
080690019013026,8
080690024011010,8
081230021041010,8
080690025031003,8
081230021051140,8
080690016023002,8
081230020141051,8
081230020191069,8
080690010081002,8
080690016023012,8
080690026011008,8
081230023005034,8
081230010062006,8
081230023003021,8
080690011131009,8
080690025082055,8
081230015004024,8
081230023001046,8
080690013042027,8
081230010052013,8
081230022082075,8
080690020073013,8
081230012021002,8
080690024031220,8
080690028042012,8
080690028043021,8
080690017131089,8
080690027004001,8
080690010035000,8
081230009002007,8
081230017001050,8
081230002001017,8
080690009014024,8
081230021064036,8
080690013061032,8
081230021083014,8
081230017003028,8
081230020161040,8
081230012012008,8
081230015005047,8
081230025013008,8
080690007001041,8
081230014152001,8
080690005061031,8
081230021016080,8
081230025013087,8
081230022081038,8
080690028053025,8
081230014052012,8
080690020111014,8
080690017061016,8
081230022101020,8
080690024031175,8
081230022081006,8
080690016023016,8
080690024011134,8
080690024031082,8
081230023002049,8
080690025082063,8
080690002012050,8
081230022081054,8
081230020161031,8
080690025081039,8
081230021041072,8
080690013082013,8
081230022081035,8
080690013012001,8
080690025032032,8
081230018002054,8
080690025051042,8
081230016002073,8
080690028051004,8
080690017071003,8
080690005042020,8
080690019024019,8
080690025061054,8
080690018044016,8
080690016021002,8
080690025072013,8
080690020051017,8
080690024011076,8
081230014041017,8
081230025014063,8
080690017071001,8
080690025071045,8
080690026011021,8
080690019024011,8
081230020191028,8
080690016012014,8
080690028043061,8
080690016052030,8
081230021072021,8
080690024032002,8
081230004023003,8
081230020202008,8
080690008011019,8
081230018001026,8
081230025015055,8
080690004011008,8
080690017123039,8
081230025014000,8
081230021016025,8
080690017142078,8
080690013012013,8
081230020141014,8
080690002021042,8
080690019051008,8
080690026023062,8
080690016082052,8
080690013013008,8
080690017065015,8
080690013072030,8
081230021071024,8
081230020151029,8
080690016054005,8
080690017152113,8
080690016052017,8
081230025015006,8
081230014152024,8
080690017066008,8
081230012021008,8
081230015003104,8
080690027004011,8
081230015002014,8
080690025033041,8
080690016083026,8
081230023001042,8
080690010095003,8
080690020113002,8
080690018102000,8
081230001001003,8
080690017132034,8
081230025015078,8
080690017103010,8
081230023004040,8
080690013083058,8
081230021051151,8
080690013042011,8
081230025014026,8
080690016023008,8
081230025015091,8
080690017132060,8
081230023002013,8
081230025015098,8
081230015005052,8
081230022053004,8
080690016061019,8
081230025015027,8
080690020101006,8
080690026022079,8
080690017152016,8
081230022091011,8
081230014171021,8
080690013072002,8
080690016031010,8
081230022101031,8
080690028031044,8
080690025051085,8
081230021081037,8
080690013042006,8
081230010062010,8
080690016034004,8
080690024012043,8
080690024031167,8
081230007011012,8
081230021013020,8
081230010054007,8
080690018103003,8
080690013083051,8
081230022101013,8
080690013083057,8
080690016054021,8
080690010072008,8
081230022082053,8
080690017112030,8
080690024031059,8
081230023001038,8
081230022062014,8
080690020052003,8
081230014102005,8
081230022031095,8
081230023001047,8
081230021015016,8
080690017131006,8
081230021016067,8
081230010056012,8
080690020112021,8
081230007051033,8
080690010035014,8
080690018122005,8
080690017081029,8
080690025071063,8
080690020051002,8
080690018103020,8
081230021051041,8
080690019041060,8
081230020101005,8
080690017072006,8
080690011075011,8
080690013072019,8
080690025072048,8
080690013084022,8
080690019041039,8
080690002021013,8
080690017112019,8
080690020114035,8
081230021016007,8
081230014162002,8
080690027001027,8
080690025041026,8
080690016051004,8
081230021073038,8
081230021065026,8
081230022091083,8
080690024012001,8
081230010033004,8
080690020052019,8
080690011141009,8
080690019051104,8
081230025013129,8
081230018002027,8
081230014132001,8
080690011041003,8
080690025051075,8
080690010044000,8
080690016062002,8
080690009011025,8
080690028014002,8
081230022031082,8
081230021083006,8
080690017132066,8
080690010101009,8
080690011131007,8
080690028051010,8
080690024011116,8
081230005022011,8
081230025015066,8
080690003001010,8
080690019051081,8
080690002012020,8
081230025014110,8
081230020191059,8
081230010051030,8
081230015001017,8
081230010043017,8
081230022101011,8
080690001001000,8
081230025015083,8
081230020192036,8
081230025013044,8
080690009013021,8
081230025011056,8
081230018002040,8
081230021065035,8
080690013013012,8
080690017152057,8
081230006001009,8
081230021013010,8
081230015003068,8
081230014111014,8
080690013061040,8
080690010093003,8
080690016082011,8
080690017112021,8
080690001002025,8
080690025041021,8
081230021051034,8
081230021081004,8
080690024011223,8
080690009013015,8
081230015003091,8
081230025014097,8
080690011132018,8
080690016012002,8
081230015003048,8
080690019042012,8
081230014122010,8
080690017131004,8
081230011002012,8
080690016023011,8
081230008002005,8
080690007001004,8
081230013003019,8
081230022091080,8
080690025082016,8
081230018001117,8
080690020101054,8
080690011091002,8
080690020072019,8
080690005031003,8
081230013001003,8
080690026023018,8
081230021015006,8
081230012021004,8
081230021082027,8
081230010061000,8
081230016003024,8
081230015004051,8
080690028043029,8
080690013084006,8
080690023001032,8
081230015003087,8
080690016011014,8
081230017003052,8
081230004023016,8
080690024031095,8
081230014161016,8
081230025014047,8
080690025053048,8
081230017002061,8
080690010092001,8
080690027002027,8
080690011141011,8
081230014131002,8
080690024031061,8
081230020162005,8
080690010031021,8
081230022042005,8
080690025032044,8
081230020191004,8
080690017131016,8
081230022061002,8
081230007031026,8
081230014091014,8
081230021072035,8
080690017142055,8
081230014141022,8
080690016021007,8
081230022082155,8
080690024031157,8
080690028052018,8
081230014141000,8
081230025014035,8
080690018103044,8
081230016002055,8
080690025071000,8
081230020161005,8
081230014171013,8
081230008001013,8
081230017001066,8
081230018001022,8
081230020151011,8
080690025032029,8
080690018132002,8
080690028031043,8
080690020111018,8
081230020211017,8
081230020211021,8
080690028042019,8
081230020202003,8
080690001002021,8
080690018132023,8
080690028014001,8
081230022091021,8
080690018112021,8
081230022083037,8
081230020203006,8
081230022051008,8
081230004014018,8
081230014162032,8
081230010061031,8
081230025014018,8
080690017123028,8
080690004011005,8
080690010034010,8
080690006001006,8
080690019021016,8
080690020111000,8
080690011092008,8
080690001003008,8
080690013041009,8
080690013083008,8
081230021014009,8
080690011112014,8
080690024011032,8
081230021016062,8
080690011112010,8
081230014042005,8
081230022072018,8
080690016081005,8
080690019051065,8
080690019041045,8
080690025081027,8
081230014162025,8
081230022081033,8
081230020161035,8
081230022031097,8
080690013071035,8
080690024012017,8
080690003001038,8
080690013062028,8
080690017102022,8
080690025033091,8
080690002012022,8
081230013002008,8
080690028043055,8
080690013063011,8
080690020052016,8
080690017102031,8
080690016054015,8
080690027001014,8
081230017001074,8
081230022082088,8
080690025061002,8
080690025052000,8
080690017101003,8
080690020082015,8
080690011141008,8
081230021072015,8
080690019042016,8
080690016054002,8
081230021073010,8
081230025013080,8
080690018131005,8
080690016054003,8
081230017003059,8
080690017131050,8
081230021051113,8
081230020131019,8
081230008003016,8
081230001003010,8
081230005011001,8
080690018123005,8
080690018083033,8
081230005021033,8
080690002012045,8
080690016054012,8
081230016002046,8
080690013084027,8
080690017123008,8
081230017002001,8
080690017082017,8
080690025041030,8
080690017113001,8
081230022031000,8
080690018044024,8
080690017064017,8
081230004023022,8
080690025053038,8
080690018072016,8
080690026011015,8
081230022031049,8
081230025015104,8
081230021016029,8
080690025051013,8
081230022052015,8
081230016002056,8
080690010101005,8
081230020191003,8
081230025014125,8
080690024031181,8
080690018124001,8
081230017001007,8
080690019051098,8
080690025051049,8
080690010043006,8
080690028043040,8
080690028043002,8
081230018002014,8
080690013072029,8
081230022061020,8
080690018121002,8
081230025011059,8
080690017102014,8
080690027004017,8
080690019043057,8
080690013083045,8
081230025011019,8
080690016011003,8
081230021081012,8
080690008011043,8
080690020113010,8
081230025014015,8
080690025033012,8
081230007041015,8
081230022091041,8
080690025031000,8
081230014171012,8
080690028052038,8
081230010042014,8
081230004021011,8
080690018112027,8
080690017082015,8
080690024011187,8
081230021051093,8
080690026011003,8
080690013062014,8
080690023002016,8
081230021017032,8
081230022081008,8
080690020111004,8
080690019013013,8
081230014132015,8
080690007001017,8
081230014062000,8
080690001003029,8
081230021065045,8
081230018001110,8
081230014102013,8
081230021016022,8
080690027004018,8
081230022031019,8
080690017143025,8
080690019043061,8
080690013072041,8
080690024012021,8
081230014121002,8
081230016002060,8
080690017132004,8
081230022053023,8
081230007051073,8
080690002021021,8
081230022061008,8
080690018122009,8
080690016071036,8
080690010092022,8
081230020203020,8
080690025051001,8
081230010056010,8
081230013002019,8
081230020162006,8
080690017143017,8
081230025015021,8
081230025015105,8
081230021071050,8
080690013051014,8
081230023003034,8
081230014162001,8
081230021065019,8
080690002012004,8
081230014042048,8
081230004013020,8
080690010094010,8
081230023002011,8
080690017074007,8
081230006001053,8
080690025072047,8
080690025053028,8
080690011041002,8
080690016054050,8
080690025081055,8
080690005052003,8
081230021071044,8
080690018121036,8
080690020073023,8
081230016001006,8
081230020202015,8
080690004012023,8
081230025014083,8
081230007052026,8
080690017123015,8
080690026023006,8
080690005061026,8
080690020083012,8
080690017142047,8
080690013071033,8
080690017101007,8
080690010092006,8
081230007051004,8
080690024031192,8
081230015004022,8
081230015003057,8
080690028014037,8
080690007002008,8
080690011093004,8
081230021073028,8
081230017001053,8
081230006001019,8
080690028053005,8
080690024041064,8
080690023001002,8
080690013063006,8
080690025032024,8
080690028012042,8
080690018102016,8
081230018001054,8
080690017072007,8
080690013071003,8
081230018001073,8
080690028051028,8
081230022083004,8
080690010102023,8
080690011103000,8
080690018072009,8
081230017002003,8
080690019043006,8
081230025015073,8
080690025042000,8
081230020042001,8
081230022082033,8
081230021051091,8
081230014161010,8
080690018081006,8
081230023003015,8
080690018121007,8
080690025042027,8
081230020202017,8
080690018132000,8
080690025071041,8
080690017081011,8
080690025033035,8
081230007012006,8
081230021012032,8
080690019021002,8
081230020192005,8
080690019021006,8
081230020191060,8
080690017141028,8
080690019043023,8
080690024031087,8
080690017141021,8
081230008004002,8
081230010051026,8
080690024031065,8
081230021065044,8
080690010091005,8
080690017123037,8
080690002012051,8
081230023002009,8
081230022081018,8
080690009014025,8
080690017152078,8
080690025033085,8
081230023002044,8
080690024031099,8
080690025031009,8
080690025072015,8
081230018001011,8
080690017102020,8
080690004012009,8
080690024011088,8
080690025073036,8
080690025072003,8
081230025015087,8
081230020192028,8
080690016054010,8
081230021016086,8
080690019013022,8
080690019021003,8
080690001003012,8
080690024041037,8
080690016012023,8
081230014091006,8
081230025014076,8
081230006001042,8
080690009011027,8
081230020121018,8
081230014162050,8
080690027003003,8
081230021011021,8
080690026022005,8
080690017102027,8
080690018123036,8
080690025033008,8
080690016061016,8
081230021051139,8
080690013063019,8
081230022101021,8
081230025013021,8
080690013084009,8
080690007002039,8
081230021041105,8
080690025082022,8
081230025013014,8
080690025082061,8
081230020141002,8
080690025062017,8
081230017003055,8
081230014053003,8
080690001003015,8
080690025032040,8
081230021015011,8
081230018002031,8
081230017001039,8
080690025081023,8
080690020073035,8
080690018044037,8
081230022091053,8
081230012012010,8
080690004022033,8
080690025062038,8
080690018131001,8
080690024011044,8
081230004023025,8
081230016002016,8
081230014122013,8
080690016054053,8
081230009001021,8
080690025051082,8
081230018001145,8
080690017072013,8
081230014042030,8
080690018102014,8
081230025013051,8
081230010051020,8
080690028014023,8
081230025013064,8
080690025071077,8
080690017152008,8
080690009012004,8
081230021013052,8
081230021051076,8
080690002012027,8
081230023001039,8
080690013071026,8
080690013011013,8
080690025061058,8
080690025071012,8
081230014162035,8
081230025014052,8
080690026023009,8
080690010081014,8
080690005051005,8
080690026022022,8
081230021012017,8
081230004023005,8
081230014053007,8
080690006003001,8
080690017062012,8
080690011061003,8
081230021051056,8
080690028043019,8
081230025013002,8
080690024031066,8
081230020141001,8
080690018123043,8
081230004021017,8
081230009002018,8
080690013072005,8
081230014131006,8
081230025013098,8
081230020193015,8
081230022053009,8
081230021061013,8
080690018073032,8
080690020083006,8
080690011062012,8
081230014081002,8
080690019012006,8
081230017001036,8
081230011001015,8
080690018132027,8
081230020141032,8
081230020131021,8
080690024041067,8
081230012012025,8
081230020192032,8
081230004012006,8
081230014092008,8
080690013083017,8
080690013014000,8
080690013061036,8
080690018073020,8
080690019041050,8
081230021012024,8
080690017113016,8
080690019041011,8
081230014122015,8
080690025083023,8
080690017131021,8
080690018073037,8
081230022053016,8
081230022071003,8
081230011002005,8
081230015003034,8
081230023005057,8
081230020171008,8
080690020114009,8
081230014062016,8
081230022101014,8
080690025033011,8
081230010061027,8
081230019061007,8
080690011071000,8
080690013081001,8
081230015001008,8
080690016022015,8
081230021014013,8
081230022082058,8
081230023004039,8
081230025015118,8
080690024011126,8
081230021082015,8
081230014042041,8
081230021051112,8
081230015003089,8
080690025042023,8
081230009002015,8
081230014162041,8
081230014081037,8
080690024011168,8
081230017001051,8
081230010061019,8
081230012021007,8
080690025031005,8
080690004022007,8
081230021064052,8
080690007002024,8
081230018001114,8
081230021073059,8
081230022083020,8
080690024011170,8
080690005061025,8
080690028012006,8
080690016061009,8
081230025015022,8
080690017062009,8
080690020072016,8
080690005061027,8
081230008002017,8
081230025014106,8
081230001002014,8
080690011074008,8
081230025011028,8
080690019051089,8
080690027004022,8
080690007002002,8
081230022091063,8
080690002021039,8
080690020083001,8
081230014081036,8
080690016062007,8
080690026021002,8
080690025041034,8
081230006001008,8
080690007001018,8
080690019051023,8
080690026011016,8
080690013083006,8
080690016024004,8
080690019043035,8
081230022071052,8
080690025051009,8
080690016024013,8
080690018071000,8
080690017102011,8
081230005021016,8
080690004012006,8
080690017113024,8
081230021073007,8
080690025071023,8
080690018103009,8
081230010063025,8
080690017152065,8
081230015003000,8
081230021011044,8
080690026023058,8
080690024031036,8
080690019041013,8
081230017001037,8
080690017142060,8
080690026022000,8
080690019011013,8
081230008002000,8
081230014042000,8
080690019022009,8
081230021064011,8
080690024041042,8
080690024011124,8
081230014132012,8
081230020202011,8
081230021064051,8
081230022053026,8
080690017152024,8
081230021041030,8
080690011141013,8
081230025014113,8
080690013072024,8
081230025015130,8
081230017003053,8
080690025081012,8
080690017113010,8
080690010094016,8
080690020051007,8
081230021012009,8
080690024011041,8
080690019041012,8
080690025061017,8
081230021073006,8
080690020073005,8
081230014042045,8
081230021013004,8
081230023003007,8
081230023002035,8
081230022071009,8
081230023004004,8
080690026022095,8
081230014081000,8
080690025082032,8
080690019041056,8
081230001003007,8
080690020071024,8
080690017141006,8
081230021073048,8
081230010031010,8
081230020133017,8
081230025015129,8
081230021017030,8
080690019051047,8
080690028043005,8
081230022082067,8
081230025011057,8
080690018121018,8
081230021065025,8
080690017064004,8
081230021013023,8
080690018123044,8
080690025061070,8
080690017142020,8
080690025061027,8
080690025082025,8
080690024031246,8
080690024031286,8
080690005033006,8
080690016082040,8
081230007011002,8
080690020052006,8
081230014081019,8
080690018124037,8
081230014152027,8
080690013072049,8
081230007031000,8
081230011001005,8
080690017082008,8
080690019051071,8
081230014081009,8
081230022083025,8
081230007011005,8
081230014101021,8
081230007052075,8
080690017113012,8
080690013062020,8
080690013011003,8
080690025082000,8
080690019013023,8
081230020181009,8
080690024011075,8
080690013071031,8
081230021041014,8
081230020201004,8
080690013083026,8
081230021064007,8
080690024031103,8
080690011141026,8
081230025015067,8
081230010031009,8
080690027003013,8
081230021063000,8
080690019043002,8
080690018073023,8
081230005021018,8
080690028051024,8
081230020101087,8
080690016022018,8
080690001003023,8
080690018124013,8
081230010061007,8
081230014162006,8
081230012022011,8
081230021051007,8
080690028042020,8
081230023002028,8
081230021016035,8
081230023002018,8
081230016001019,8
080690018073030,8
081230025015162,8
080690011061002,8
080690013061019,8
080690011091001,8
080690025032025,8
080690024011225,8
081230014162044,8
080690018073005,8
080690005031015,8
081230015003023,8
081230020192024,8
081230017004040,8
081230017004009,8
081230014111037,8
081230004013013,8
081230011002003,8
080690020081007,8
080690026011018,8
080690009022007,8
080690016012010,8
081230021016057,8
080690019051004,8
081230021083032,8
081230014161025,8
080690026023017,8
081230025014117,8
080690013072003,8
081230025013120,8
081230011004002,8
080690026022034,8
081230021013047,8
080690020073020,8
080690024011224,8
081230025012176,8
081230025014089,8
080690016052000,8
080690018124038,8
081230020161042,8
080690017142025,8
081230001001001,8
080690018124032,8
081230014152009,8
080690002012002,8
080690010072001,8
081230002002004,8
081230014062005,8
080690018042007,8
080690016052001,8
081230022041001,8
081230014041024,8
081230015003036,8
081230014111004,8
081230020191015,8
080690025051021,8
080690019012003,8
080690011121004,8
081230023004005,8
081230009002002,8
081230014121003,8
081230018001129,8
080690011112009,8
080690018072007,8
080690028043008,8
081230021065016,8
081230025015112,8
081230017003079,8
080690009013005,8
080690013061002,8
081230021017035,8
081230021064009,8
080690024031024,8
081230025015037,8
080690010074000,8
080690013061028,8
080690027002052,8
080690020052017,8
080690024012036,8
081230023004003,8
080690025062020,8
080690007002045,8
080690025033088,8
080690004022004,8
080690011141038,8
081230016002059,8
080690003002005,8
080690011045002,8
081230022031120,8
080690010094015,8
080690019051084,8
080690013082008,8
081230022062018,8
081230021064026,8
080690025042007,8
080690025051043,8
081230018002041,8
080690025051058,8
080690016081025,8
081230023001021,8
080690002021049,8
080690026021017,8
081230014051000,8
080690025062033,8
081230010032006,8
080690002021012,8
080690024011035,8
080690024011095,8
081230007012014,8
081230022071023,8
080690011092009,8
080690013063001,8
080690017131010,8
080690013072013,8
081230016002095,8
080690024041040,8
081230020171001,8
081230015003059,8
080690018132017,8
081230022101048,8
080690024011121,8
080690028013012,8
080690024031051,8
080690019024001,8
080690017113019,8
081230025015003,8
081230007034017,8
080690017131048,8
080690017064010,8
081230018002008,8
080690018073022,8
080690025051060,8
081230015004028,8
080690010034007,8
081230007051065,8
081230020141024,8
080690028013004,8
080690025031001,8
080690028051021,8
081230015005049,8
081230005021005,8
080690025033075,8
081230017003070,8
080690016082050,8
081230014162034,8
081230021081027,8
080690019023009,8
080690016054006,8
080690011131010,8
081230021061015,8
080690025082041,8
080690011132004,8
080690024031146,8
080690028014042,8
081230014171020,8
080690013084017,8
081230015004044,8
080690011112017,8
081230020161028,8
080690017066002,8
080690025033095,8
081230020141019,8
080690013062025,8
081230014062032,8
080690026021031,8
080690020082014,8
081230014091002,8
080690017061003,8
081230014161008,8
081230009002012,8
080690005031014,8
081230022031032,8
081230014152029,8
080690016054043,8
081230015004032,8
080690025071072,8
080690017131045,8
080690013011002,8
081230021083017,8
080690024041022,8
081230012021003,8
080690028052039,8
080690018082036,8
080690020112008,8
081230010032005,8
081230023005006,8
080690020072006,8
080690020101041,8
080690025081056,8
080690024031048,8
081230022053010,8
080690017152020,8
080690024011065,8
080690023001049,8
080690024011139,8
080690016052003,8
081230010033002,8
080690025082028,8
080690009021005,8
080690017143015,8
081230022031073,8
080690016071025,8
080690028014024,8
080690010092024,8
080690025033074,8
080690009021003,8
081230007033004,8
081230018001111,8
080690026011062,8
081230022082038,8
080690006003004,8
080690005041002,8
081230020141053,8
080690017062002,8
080690013014018,8
080690025061005,8
080690018121014,8
081230021041042,8
080690024031104,8
080690024011111,8
080690016031003,8
081230017002024,8
081230021016056,8
080690005052012,8
081230015003095,8
081230017003005,8
081230017003087,8
080690019023010,8
080690017152070,8
081230014162024,8
081230022031026,8
080690027004032,8
080690017074000,8
081230021051040,8
081230020201003,8
081230021083019,8
080690025061066,8
080690019043042,8
080690017061023,8
080690009011019,8
080690020073024,8
081230022101007,8
080690026022081,8
081230021064043,8
080690016051006,8
080690024031016,8
081230025011007,8
080690018073035,8
080690026022068,8
081230021071008,8
081230023004000,8
080690019041026,8
081230010051007,8
080690026021037,8
081230014131019,8
081230014053020,8
080690025032043,8
080690017141029,8
080690009013006,8
081230002001000,8
080690019022002,8
081230025013031,8
081230014101017,8
080690017142039,8
081230010051036,8
080690028043016,8
081230022083053,8
080690020072001,8
081230021051099,8
081230014151009,8
081230025013048,8
080690028014003,8
080690017065003,8
081230021063002,8
080690028041012,8
080690018073034,8
081230025015132,8
080690025033059,8
080690016012000,8
081230010042015,8
081230012021000,8
080690013041002,8
080690005061002,8
081230020131013,8
080690017142026,8
080690020051006,8
080690010031018,8
080690002022019,8
080690018083032,8
081230021082036,8
080690024031085,8
080690013041010,8
080690024031079,8
080690011124001,8
081230025011018,8
080690017152009,8
081230025013125,8
081230014162022,8
080690027003027,8
081230020161017,8
080690024031058,8
080690023002035,8
081230011001010,8
081230008002012,8
081230020181035,8
080690010073000,8
080690017131038,8
081230021061036,8
081230010061014,8
081230014042024,8
080690016052031,8
080690026022092,8
081230015003116,8
080690024011147,8
081230020181036,8
081230014151015,8
081230022081011,8
081230021072024,8
081230020191056,8
080690024041021,8
080690017152034,8
080690020101004,8
080690018044031,8
080690024011158,8
080690024011207,8
081230021064044,8
081230007011020,8
081230020193000,8
081230025011062,8
080690011121000,8
081230021063014,8
081230005021031,8
080690011122009,8
080690026023029,8
080690016082037,8
081230007052065,8
081230025014081,8
080690002021005,8
080690024031083,8
080690004022011,8
080690017141010,8
081230011001006,8
080690025062024,8
080690004012000,8
080690011045001,8
081230021051005,8
080690011092015,8
080690011123007,8
080690028042001,8
081230020121008,8
081230021011013,8
081230017001060,8
081230017001033,8
081230014162018,8
081230022083026,8
080690016034014,8
080690017066012,8
081230016002037,8
081230014052005,8
080690025032009,8
081230025013036,8
080690017102004,8
080690020081014,8
081230006001016,8
081230021073049,8
080690002021043,8
081230007031036,8
081230021041083,8
080690011111007,8
080690028041001,8
080690010073015,8
081230022052011,8
080690020071043,8
080690017151030,8
080690020101018,8
081230007012000,8
080690025072028,8
081230025013105,8
080690005042016,8
080690011061009,8
081230014091012,8
081230010053015,8
081230022083006,8
080690026023012,8
080690013062022,8
080690016081007,8
081230023003027,8
080690017123035,8
080690024032001,8
081230005012003,8
080690026021025,8
080690002012047,8
080690020071017,8
081230021064001,8
080690002021022,8
081230020101052,8
080690025071042,8
081230021061009,8
080690025082033,8
081230021016052,8
080690019051069,8
081230018001078,8
081230007052086,8
080690024031277,8
080690013072009,8
080690016031014,8
080690027002030,8
080690020083009,8
081230022081056,8
080690017121002,8
081230014141026,8
081230022031086,8
081230022031054,8
081230021082019,8
080690024031232,8
080690023002030,8
081230014151013,8
080690017143022,8
080690026022093,8
080690002022017,8
081230021014019,8
081230021073036,8
080690013083043,8
081230025014071,8
080690007002047,8
080690013072040,8
080690018074006,8
081230020201015,8
081230021051137,8
081230010043012,8
080690025052013,8
081230020141007,8
080690013051001,8
080690023001062,8
080690005062007,8
081230021051156,8
081230014072034,8
081230018001157,8
081230012021016,8
081230020121007,8
080690017121007,8
080690017062005,8
081230022083008,8
080690018082028,8
080690010095019,8
080690013083011,8
080690002011007,8
081230020193006,8
080690017123043,8
081230021071034,8
080690018123046,8
081230020171006,8
081230021051024,8
080690016082033,8
080690016012029,8
081230020132003,8
081230014162048,8
081230014072020,8
080690011122019,8
080690019041053,8
081230017004035,8
080690016054026,8
081230021073008,8
081230022053022,8
081230010055013,8
081230018001148,8
081230020161037,8
081230025014020,8
080690013083027,8
080690019043053,8
080690019022008,8
080690016012016,8
080690017061022,8
080690017066004,8
080690017143006,8
080690006001004,8
081230025015090,8
080690008011033,8
080690024031268,8
080690025072008,8
080690013014020,8
081230018001077,8
081230016002053,8
081230018001153,8
081230017002039,8
080690013083030,8
081230025015156,8
080690024032007,8
080690025033037,8
080690011101018,8
080690028031017,8
081230022053003,8
081230022082009,8
081230023005047,8
080690024012096,8
081230021065010,8
080690020071046,8
080690024011023,8
081230021016069,8
081230020191065,8
081230020141030,8
081230021016053,8
080690017132056,8
081230021051037,8
081230021051122,8
081230018001003,8
080690010034009,8
081230018002005,8
080690003001036,8
080690011132002,8
080690016072000,8
081230020141022,8
080690017152000,8
081230021065053,8
080690011141037,8
080690016071039,8
080690017142023,8
080690028031048,8
081230009002004,8
080690010091004,8
081230002001004,8
081230021013031,8
080690013051012,8
080690025033042,8
080690011043008,8
080690011063006,8
081230025014135,8
081230022101001,8
081230025011017,8
080690018044000,8
080690018043013,8
080690002012003,8
081230022091029,8
080690016011033,8
080690017152096,8
080690007001016,8
081230021041038,8
081230017001025,8
080690013051008,8
080690001003005,8
081230015005028,8
081230020192014,8
081230013003010,8
081230016002066,8
080690005032001,8
081230023003010,8
080690028012016,8
080690024041019,8
081230021011011,8
081230020101039,8
081230014041029,8
081230025013023,8
081230022031033,8
080690017111011,8
081230023002033,8
080690024031300,8
080690026022084,8
080690019022020,8
080690017113000,8
080690026022017,8
080690016054033,8
080690016022011,8
081230007041008,8
080690006001002,8
081230018001131,8
080690024041036,8
080690002012041,8
080690023001006,8
080690018083029,8
080690025031004,8
080690028052044,8
080690019041003,8
080690017131074,8
080690026022046,8
081230007012005,8
080690017151000,8
081230021051038,8
080690019041010,8
081230025013043,8
081230005021006,8
080690017122006,8
080690011122018,8
080690026011048,8
080690024011020,8
081230023005050,8
081230021061018,8
080690002022028,8
081230016003029,8
081230021081010,8
080690017152101,8
081230021013059,8
081230017002055,8
081230025013018,8
081230013001016,8
081230022082100,8
080690018081001,8
080690024011118,8
081230025015153,8
080690018102022,8
080690027002033,8
080690025083032,8
080690013082010,8
080690028043020,8
081230017002015,8
080690024011057,8
081230022081080,8
081230022062023,8
081230021041035,8
080690010072003,8
080690020051010,8
080690018071004,8
081230021064008,8
081230021017034,8
080690010093011,8
080690017132013,8
081230021041034,8
081230007052051,8
081230021072018,8
080690010031012,8
081230022101033,8
081230015001023,8
080690001003024,8
081230022091002,8
081230017003073,8
080690019043003,8
081230010042021,8
080690027001022,8
080690013062003,8
080690009014001,8
081230005021011,8
080690017152075,8
080690018124014,8
080690013042012,8
080690024011051,8
080690028041010,8
081230014062012,8
080690017132063,8
080690028014021,8
081230025011008,8
080690028012044,8
081230021083045,8
080690017121000,8
080690024011221,8
080690013084018,8
080690024031170,8
080690001001001,8
081230025013033,8
081230018001092,8
081230017002028,8
080690018101019,8
080690017112016,8
080690028013017,8
081230025013101,8
081230022031053,8
081230020192027,8
081230025015119,8
080690011044003,8
080690017141003,8
081230014072006,8
081230020192037,8
080690010035001,8
081230021016087,8
081230022083047,8
080690013061012,8
080690010041008,8
081230022082013,8
080690010094014,8
080690028031042,8
081230014132019,8
081230021016061,8
080690017131032,8
081230008003011,8
080690016083009,8
080690011102003,8
080690028031024,8
081230021081017,8
080690025071055,8
081230013002002,8
081230017003089,8
081230015005003,8
081230021071051,8
081230010061024,8
080690018124024,8
080690017151019,8
080690018043007,8
080690011094007,8
080690018044002,8
081230023005064,8
081230014063005,8
081230020211027,8
080690024011199,8
080690016083029,8
081230025011063,8
080690013072020,8
080690025083030,8
081230021065024,8
081230023005031,8
080690028053003,8
081230014101019,8
081230007011021,8
081230022082003,8
080690016071016,8
080690025062046,8
081230023003039,8
080690009014014,8
080690018103005,8
081230008002022,8
081230014162037,8
081230022091024,8
080690019024008,8
080690011075009,8
081230022091058,8
081230022031023,8
081230008001017,8
081230021071015,8
080690018072025,8
081230015001024,8
081230020162004,8
080690019043022,8
080690019023007,8
080690010092005,8
080690024031026,8
080690017152001,8
080690028011022,8
080690028053030,8
080690017151016,8
081230015003085,8
081230007051009,8
080690017102029,8
081230002002009,8
081230014041028,8
080690016031005,8
080690017132019,8
081230007012028,8
081230018002032,8
080690017131023,8
081230010043029,8
081230022082092,8
081230021073027,8
080690017101030,8
081230012012023,8
080690028031037,8
080690020071008,8
080690028011014,8
080690019043065,8
081230023004014,8
081230025015140,8
080690010092009,8
081230018001102,8
081230022042004,8
080690024012088,8
080690011074004,8
081230014072024,8
080690025072020,8
080690027004034,8
081230007052087,8
081230007012025,8
081230020211020,8
081230007034016,8
080690019042024,8
080690020073037,8
080690028042016,8
081230011001007,8
080690018082030,8
080690024031019,8
080690017132045,8
080690018083034,8
081230016002088,8
081230018001107,8
080690026011017,8
080690019011022,8
081230022091043,8
080690024011099,8
081230017002007,8
080690028014006,8
080690003001013,8
080690020082011,8
081230025013090,8
080690003001002,8
080690023002007,8
080690017112009,8
080690016082002,8
080690017131027,8
080690013072050,8
081230015004046,8
080690025071020,8
081230010052010,8
080690013012002,8
080690019013034,8
080690017111019,8
080690025071049,8
080690016011021,8
080690020114006,8
080690009022008,8
081230021062002,8
080690018103038,8
081230020151031,8
080690024011209,8
081230014132016,8
080690028012025,8
080690011094002,8
081230014161019,8
080690026011059,8
081230007051060,8
081230021064014,8
080690004022029,8
081230014141016,8
081230020181021,8
081230025011048,8
080690028014005,8
080690013083067,8
080690001002020,8
081230007041010,8
081230022082071,8
080690018073004,8
081230021082013,8
080690024031195,8
080690002021026,8
080690008011011,8
081230022071035,8
081230010042009,8
081230014121006,8
081230022071046,8
080690018132014,8
080690020083008,8
080690017082000,8
080690009013020,8
080690016082017,8
081230021013022,8
081230007012002,8
081230021051042,8
080690018121001,8
080690019013010,8
080690025082019,8
081230022082146,8
081230012013004,8
080690018083023,8
080690026011025,8
081230022082147,8
080690016022010,8
080690018044032,8
080690017132024,8
080690013014008,8
081230021051066,8
080690016022017,8
080690028041030,8
080690017074001,8
080690002012021,8
081230022101044,8
080690025051057,8
081230010043026,8
080690016033008,8
081230014072010,8
081230007052079,8
081230022082019,8
080690018132010,8
080690020114022,8
080690020071010,8
080690024041038,8
081230018002004,8
080690005033001,8
080690025033055,8
080690020071027,8
080690018044013,8
080690017141031,8
080690017113026,8
080690025061048,8
080690007001019,8
080690020051025,8
080690020101055,8
080690007002015,8
081230017002027,8
081230020133029,8
081230016002008,8
081230009001015,8
080690013062002,8
081230022082040,8
080690025071013,8
080690007002054,8
081230013002014,8
080690004022042,8
080690028014034,8
081230025014160,8
080690028031009,8
080690019012010,8
081230020141020,8
080690009013012,8
081230014064000,8
081230020211022,8
080690023001031,8
081230010056008,8
081230014072013,8
081230021011033,8
080690027001021,8
080690017112022,8
080690028031028,8
080690025081037,8
081230010031006,8
080690019041051,8
080690017131005,8
080690028012026,8
080690017132052,8
080690001003001,8
080690016012035,8
081230022082064,8
080690028013011,8
081230017002029,8
081230023002010,8
080690023001041,8
081230021073060,8
081230014111015,8
081230022082016,8
080690003001031,8
080690008011010,8
081230021051097,8
081230007033009,8
081230021061039,8
081230025015008,8
080690024011183,8
081230022051002,8
080690013014014,8
081230021083046,8
081230001003019,8
080690017101028,8
081230017003050,8
080690018083001,8
080690017131001,8
080690019051036,8
081230010033010,8
081230001001025,8
081230022053006,8
081230017001021,8
080690018044006,8
080690025083018,8
081230014052022,8
080690019041022,8
080690019043068,8
080690013083048,8
080690028041031,8
081230015003007,8
080690025033086,8
080690023002025,8
080690028051027,8
080690008011012,8
081230021041112,8
081230003001000,8
080690013042025,8
080690002011000,8
080690024012005,8
080690016083011,8
080690025032013,8
080690025051048,8
080690017081020,8
080690023001025,8
080690018121016,8
080690028012003,8
080690010102006,8
080690027004019,8
080690001002038,8
080690020112010,8
080690018124029,8
080690027001000,8
081230014053010,8
081230025013107,8
080690028014036,8
081230010062009,8
081230025014017,8
080690018124026,8
081230006001043,8
080690028042018,8
080690026022030,8
080690025051081,8
080690013063018,8
080690016033005,8
081230022031011,8
080690008011028,8
081230022031076,8
080690025061037,8
080690017141019,8
080690017112012,8
080690017142011,8
080690001002006,8
080690018131014,8
080690013062001,8
081230022091018,8
080690011092007,8
081230017002033,8
081230025015114,8
080690013013005,8
080690017112004,8
080690019043064,8
080690011063014,8
081230020101012,8
081230022082049,8
080690028043070,8
080690017062004,8
081230023001036,8
081230006001030,8
081230022101043,8
080690011092013,8
080690025033034,8
080690018042011,8
080690011141020,8
081230017003004,8
081230021072036,8
080690026022098,8
080690018082015,8
081230021041049,8
080690027002017,8
080690011132013,8
081230022061018,8
081230014051009,8
081230020202007,8
081230014171015,8
081230004022007,8
081230017001069,8
081230022081088,8
080690019011015,8
080690025072043,8
081230022071049,8
081230014152028,8
081230006001022,8
080690024031155,8
080690020071047,8
081230014111009,8
081230022062005,8
081230022082112,8
081230022082101,8
080690016082012,8
081230021012001,8
081230010063019,8
080690024011089,8
081230021065027,8
080690024011228,8
080690023001015,8
081230021073047,8
081230017001043,8
081230005011002,8
081230022082020,8
080690017132016,8
080690019042003,8
080690028031030,8
080690023001020,8
080690024032018,8
080690018131006,8
081230021012042,8
080690019051105,8
081230010041016,8
080690005061009,8
080690025061074,8
081230005021022,8
080690001001016,8
081230023001053,8
080690018103011,8
080690017065018,8
081230021062000,8
080690001002024,8
081230009001020,8
080690017113021,8
081230010043005,8
080690020051009,8
080690017131042,8
080690025041018,8
080690025061056,8
081230007031007,8
080690011091007,8
080690017151022,8
081230010063008,8
080690019011030,8
081230002001010,8
081230021083037,8
080690018123048,8
081230022071048,8
080690025041006,8
081230016002047,8
081230021051150,8
081230005021000,8
080690017066028,8
081230012012009,8
081230010051023,8
081230022083039,8
080690018121025,8
080690019043043,8
081230021064005,8
081230021041023,8
081230022042001,8
080690025073011,8
080690018044014,8
081230010042007,8
080690020072020,8
081230021065050,8
080690017102006,8
080690008021010,8
080690013061044,8
081230022071057,8
080690010071001,8
081230025015116,8
080690016071024,8
080690017152004,8
081230020162013,8
081230020101057,8
081230007051026,8
080690009011023,8
081230008004003,8
081230021014010,8
081230021083010,8
080690024031309,8
081230021051100,8
080690024031211,8
080690018044018,8
080690011064006,8
081230010041008,8
080690019043055,8
081230021013053,8
080690028053007,8
080690016022004,8
080690009022014,8
081230020133016,8
081230022031035,8
081230015004034,8
080690025082035,8
081230022082138,8
080690026022031,8
081230025014088,8
081230013002018,8
080690024031123,8
080690025053011,8
081230023005023,8
081230021081008,8
080690005033008,8
081230008002001,8
081230022031041,8
081230021011052,8
081230014141010,8
080690024031272,8
080690019024013,8
081230016001030,8
081230015005038,8
080690028042002,8
080690020083014,8
080690018122006,8
080690025051031,8
081230023004042,8
081230021013000,8
080690017112007,8
080690024031060,8
080690011111000,8
080690013081000,8
080690026021038,8
080690024012082,8
080690016012006,8
081230020101013,8
081230010055009,8
080690025073016,8
081230014131026,8
081230014162021,8
080690013072017,8
080690024011141,8
080690024031252,8
080690019011016,8
080690025033002,8
080690013082001,8
081230017003008,8
081230022082024,8
080690016052007,8
080690020083002,8
080690018112014,8
080690017111012,8
080690010031016,8
080690017072020,8
081230020181018,8
081230014042051,8
080690025073012,8
080690010095001,8
081230017004006,8
080690025071052,8
080690019011011,8
081230014042039,8
081230014152013,8
080690020082009,8
081230007034003,8
080690024031293,8
080690024041008,8
080690002021051,8
080690019021008,8
081230017003067,8
080690018123057,8
081230010054008,8
080690011132019,8
081230004023000,8
080690028052014,8
081230025015030,8
081230014081016,8
081230015005019,8
080690025033097,8
080690028051008,8
081230006001034,8
081230013001006,8
081230022082095,8
081230021041086,8
080690007002027,8
080690009011018,8
080690026023025,8
080690023001061,8
081230008003008,8
081230010054002,8
081230021017033,8
081230020121031,8
080690016081029,8
081230022101040,8
081230016001008,8
080690018073040,8
081230023003029,8
080690027003005,8
080690028051002,8
081230020161016,8
080690025071004,8
080690026022109,8
080690019041002,8
081230020101036,8
081230025013132,8
081230018001074,8
080690017141014,8
080690027004007,8
081230017004026,8
080690011061000,8
080690025071050,8
080690018081005,8
081230021016010,8
081230020193007,8
081230015004048,8
081230015003101,8
080690018132025,8
080690019011007,8
080690013062021,8
080690025033019,8
081230015002006,8
080690013084040,8
080690028011021,8
080690027001020,8
080690023002026,8
081230014072026,8
080690024012019,8
081230005022008,8
080690025032008,8
081230018001004,8
081230022091039,8
081230008003015,8
081230020191032,8
081230007034001,8
081230021011017,8
081230021071048,8
081230008002002,8
081230021041089,8
080690010095011,8
080690004022041,8
080690016054038,8
081230021071002,8
080690018123050,8
080690005042015,8
080690017065012,8
081230017001006,8
081230012022006,8
080690018112028,8
081230013001022,8
080690019043008,8
081230022081000,8
080690024041034,8
080690002022027,8
080690016053018,8
080690024031253,8
081230016001003,8
081230022101042,8
081230004011000,8
080690018123002,8
080690011132000,8
080690007001046,8
081230002002000,8
080690002022014,8
081230022082152,8
081230020161019,8
080690011071015,8
081230007052069,8
080690013014011,8
081230025014103,8
080690016054020,8
080690016032004,8
080690013041008,8
080690010081000,8
080690024011166,8
081230015005041,8
081230021013051,8
080690028043014,8
081230025011066,8
081230004022017,8
081230014152011,8
081230005021012,8
081230011002000,8
080690028051009,8
080690017064006,8
081230022061009,8
081230015005024,8
081230010041002,8
080690025051084,8
080690017132003,8
081230009002008,8
080690020051013,8
081230025011031,8
081230021065008,8
080690024031217,8
080690017151005,8
081230014062014,8
080690018132024,8
080690019043010,8
081230021065028,8
081230016001007,8
080690017103015,8
080690011141003,8
080690025062025,8
080690010033001,8
081230018001075,8
080690017063009,8
081230022031056,8
080690017141030,8
080690026022019,8
081230021013019,8
081230022072011,8
080690028031039,8
080690025082004,8
080690018072010,8
080690020052005,8
080690006002000,8
081230025014082,8
080690016023014,8
080690002011026,8
080690016011007,8
080690017152094,8
081230020133018,8
081230021051138,8
080690008011022,8
080690028012013,8
080690017101041,8
080690016052025,8
081230010033005,8
081230021013042,8
080690002021031,8
081230008001014,8
081230022031084,8
080690025081017,8
081230010062007,8
081230012012022,8
080690025053016,8
080690024011002,8
081230010052006,8
080690019043026,8
080690007001022,8
080690017074018,8
080690018132036,8
080690025081053,8
081230020202001,8
080690025051064,8
080690013083039,8
081230014052013,8
081230014041042,8
080690013072053,8
081230014122012,8
081230014061008,8
080690024031265,8
081230021011049,8
080690025042009,8
080690019051062,8
080690019012012,8
080690010034004,8
081230018001164,8
080690025033092,8
080690013082007,8
080690024041057,8
081230020141048,8
080690025053037,8
080690017081023,8
081230010051009,8
081230018002044,8
080690028052004,8
081230015002022,8
080690010033002,8
081230021011035,8
081230022051015,8
080690011062008,8
080690020081019,8
080690002021052,8
081230010061012,8
080690017142063,8
081230014102006,8
081230023002025,8
080690018102008,8
080690019051078,8
080690024031064,8
080690013061029,8
081230007041006,8
081230021051010,8
080690010102004,8
081230021061024,8
081230014101004,8
081230018002063,8
081230017003030,8
081230015003003,8
081230020133021,8
080690020051015,8
081230010053007,8
080690005031008,8
081230021051058,8
080690017112017,8
080690017141002,8
081230014101006,8
080690016062011,8
081230021041011,8
081230014081015,8
081230014172004,8
081230021064023,8
081230014162000,8
081230014111032,8
081230020171019,8
080690025071036,8
080690013061023,8
080690017151015,8
080690018123001,8
081230025014050,8
081230020191051,8
080690027003030,8
080690016083001,8
081230014051011,8
081230020131017,8
081230018001048,8
081230004023023,8
080690028031023,8
081230022081027,8
081230020191025,8
080690016081008,8
081230023001043,8
081230020162012,8
080690019051041,8
081230023003000,8
081230023001034,8
080690019024015,8
080690016012018,8
081230022081086,8
081230023003031,8
080690005041000,8
081230020171007,8
081230025012049,8
081230021061003,8
080690024011086,8
080690011131002,8
080690010095008,8
081230007031038,8
080690001002005,8
081230022031096,8
080690019024009,8
080690024031001,8
081230022031050,8
080690018123012,8
081230023002017,8
080690027004021,8
081230020101042,8
081230023001059,8
081230014042019,8
080690011101030,8
080690024031190,8
081230004012002,8
080690028052000,8
081230021041103,8
080690023001004,8
080690020113001,8
080690025073031,8
081230008001016,8
081230012012001,8
081230020202018,8
080690026023015,8
081230015003045,8
080690017101004,8
080690017061008,8
080690025083029,8
081230017001019,8
081230014152015,8
080690010091002,8
081230016002093,8
080690024031266,8
080690028042009,8
080690018124028,8
080690019011019,8
080690028011000,8
081230007052084,8
081230007051010,8
080690024012037,8
080690024031312,8
080690018111004,8
080690010102012,8
080690007002007,8
080690007001003,8
081230020181007,8
080690013051003,8
081230022053001,8
080690025061049,8
081230012012021,8
080690027002012,8
081230014111021,8
080690016034002,8
081230022091046,8
081230005021001,8
081230022031126,8
081230015004002,8
081230025012171,8
080690028041018,8
080690025062040,8
081230013004014,8
081230023005058,8
081230021083039,8
081230020193005,8
080690016072004,8
081230025015056,8
080690016054019,8
080690013072036,8
080690016082009,8
081230014161002,8
081230007031023,8
080690017131033,8
080690002012033,8
080690018102020,8
080690005061019,8
081230021083012,8
080690013012008,8
080690002012038,8
080690011124004,8
081230007034013,8
080690017111014,8
080690017123011,8
081230004021023,8
080690020051012,8
080690020082020,8
081230021051089,8
081230025015094,8
081230015004008,8
080690016081022,8
081230007051056,8
081230021081009,8
080690026021010,8
080690025082066,8
080690003002001,8
080690018121013,8
080690026023026,8
080690020081017,8
081230007034008,8
081230018001127,8
080690019051017,8
081230023001004,8
080690018122003,8
081230017002023,8
080690024011188,8
080690024031130,8
080690013083059,8
080690002011025,8
081230025014043,8
080690005052011,8
081230015003109,8
080690011141028,8
080690020114024,8
080690009013009,8
080690020083016,8
081230021041039,8
080690024011191,8
081230015004030,8
081230021012007,8
080690011112007,8
081230025013009,8
081230025013052,8
081230022053014,8
080690017142052,8
081230015003079,8
080690019051095,8
080690024031223,8
080690011073002,8
080690025081015,8
081230012022005,8
080690024011012,8
080690018124015,8
081230012012011,8
080690013071007,8
081230021016012,8
080690020073016,8
081230020121021,8
080690020114016,8
081230014161007,8
080690016082019,8
080690013051028,8
081230009002001,8
081230004014020,8
080690018082050,8
081230011001012,8
080690020071032,8
080690011121009,8
080690016062006,8
080690025073004,8
081230020101049,8
080690016021003,8
081230022091062,8
080690013083063,8
081230010053011,8
081230014162027,8
081230022082079,8
080690010043010,8
080690025053027,8
080690016053022,8
080690020114017,8
081230018001163,8
081230007052028,8
080690025061028,8
080690018101007,8
080690002012035,8
080690024032000,8
080690016032011,8
081230015005032,8
080690017063006,8
080690002011018,8
081230023002050,8
081230025014102,8
081230022031098,8
081230020181005,8
080690018112003,8
081230018002036,8
080690011063004,8
080690018132035,8
080690024041007,8
081230018001112,8
080690018044001,8
081230015002012,8
081230023004013,8
080690018072026,8
080690018083007,8
081230014151000,8
080690005061021,8
081230021017025,8
081230014064005,8
081230012022000,8
080690024032016,8
080690007001038,8
080690028043017,8
080690019024003,8
080690016061010,8
080690025033064,8
080690028014015,8
080690019051044,8
081230004023002,8
080690028031035,8
081230016001013,8
081230014111039,8
080690013061022,8
080690028041028,8
081230013001010,8
081230014041003,8
080690024012092,8
081230015003092,8
080690020051022,8
080690026021006,8
081230021011041,8
081230020161020,8
080690009011007,8
080690017132047,8
081230007051013,8
081230007031028,8
080690024011150,8
081230007033006,8
080690013071012,8
080690011092010,8
080690028031038,8
081230015001031,8
080690019043020,8
080690025033024,8
081230008001012,8
081230010051037,8
080690008011041,8
080690018073025,8
081230020131012,8
080690019021007,8
080690011042000,8
081230016002081,8
080690017132055,8
080690019051054,8
080690016052026,8
080690011102006,8
081230016002041,8
081230023005001,8
081230025014100,8
081230022081050,8
080690024041005,8
081230021072005,8
081230023005020,8
080690025033077,8
080690008011006,8
081230014132003,8
080690020111009,8
080690011045009,8
081230023002005,8
081230014141005,8
080690005062004,8
080690019013008,8
080690028041026,8
080690001003019,8
080690010081003,8
080690017062013,8
080690026022071,8
080690027004015,8
080690017142010,8
081230012021015,8
080690018082032,8
080690020112018,8
080690010031022,8
080690024031191,8
081230015005012,8
080690011042008,8
080690002011003,8
081230020192033,8
081230022081010,8
081230020192018,8
080690017103019,8
080690001001015,8
080690026023019,8
081230021082039,8
081230021041057,8
080690013052005,8
080690019041044,8
081230014072027,8
081230016002058,8
080690025051026,8
081230004014004,8
081230022071037,8
081230007041004,8
080690025033000,8
080690018102010,8
081230022061006,8
081230010043018,8
080690017081002,8
081230020133026,8
080690009011024,8
080690011132023,8
080690004012024,8
080690017072027,8
081230023005013,8
080690024012072,8
081230022031042,8
081230014151006,8
081230022031085,8
080690001002058,8
080690028031029,8
080690025061000,8
081230021041088,8
080690020101044,8
080690018103029,8
081230014141002,8
080690017072012,8
080690010071000,8
080690010042003,8
081230017004017,8
080690017074015,8
080690013063016,8
081230025013126,8
080690017081019,8
080690024031045,8
080690007002014,8
080690024031056,8
080690017081025,8
080690013083041,8
081230020201002,8
081230010055007,8
081230007051015,8
081230023003001,8
080690025081048,8
080690020112004,8
080690013062036,8
080690017065007,8
081230012021009,8
080690024011212,8
080690017142072,8
080690017112010,8
080690025081010,8
081230020202012,8
080690013052004,8
080690001002022,8
081230021082030,8
080690010094021,8
080690016012031,8
080690017131051,8
080690025033082,8
080690010092007,8
081230020101045,8
080690017142036,8
081230022052009,8
080690016023009,8
081230007012019,8
080690010102011,8
080690011102005,8
081230007011029,8
080690028051015,8
080690024012039,8
080690017074009,8
081230021051063,8
081230010042011,8
081230014141027,8
080690018123011,8
080690017122007,8
080690026011064,8
080690017101036,8
080690026021011,8
081230007012012,8
080690025041022,8
080690024011064,8
080690011122016,8
080690011121005,8
081230020101007,8
081230015002016,8
080690018071008,8
080690017101015,8
081230021011001,8
080690026022114,8
080690017066027,8
081230010031007,8
080690027002026,8
081230020121014,8
080690006004005,8
080690011121015,8
081230007032003,8
081230021012014,8
081230020133015,8
081230020191057,8
081230010061011,8
081230025012048,8
080690017066015,8
081230020161039,8
081230015005020,8
080690028012002,8
080690013082005,8
080690017123010,8
080690017066019,8
080690025052008,8
080690011124007,8
080690008021004,8
081230017004044,8
080690026011027,8
080690026021005,8
081230010052012,8
081230017004023,8
080690003001018,8
081230025011000,8
080690018132022,8
081230022082045,8
080690019051066,8
080690018042001,8
081230014091005,8
080690018072000,8
080690010094001,8
080690017142027,8
080690020073006,8
081230005021017,8
080690017102017,8
080690011062007,8
081230021081042,8
080690001002041,8
081230020203008,8
081230021041013,8
081230001002001,8
081230023001003,8
081230014152008,8
080690028014044,8
080690017113013,8
080690028041019,8
080690008021023,8
081230014041037,8
081230025011032,8
081230021051069,8
081230021012026,8
081230025011002,8
080690028041009,8
080690013063027,8
081230021065020,8
080690016081033,8
081230021013043,8
080690016024010,8
081230022083016,8
081230020181030,8
081230022031121,8
080690027004023,8
080690028031045,8
080690005052006,8
081230014091017,8
081230021061006,8
081230021082021,8
080690013071010,8
081230014162008,8
080690013072016,8
081230013001001,8
081230021017003,8
080690016054051,8
081230017003074,8
080690002012044,8
080690013083002,8
081230004023011,8
081230016001002,8
080690025053012,8
081230022083031,8
080690026011005,8
080690016024000,8
081230008003013,8
080690018082005,8
081230017001030,8
080690026011054,8
081230021011054,8
081230014161032,8
080690025072039,8
081230018002029,8
080690025072042,8
080690017081005,8
080690020111029,8
081230025014133,8
080690020082012,8
080690007002042,8
080690024012028,8
080690025051068,8
080690001002019,8
080690003001000,8
080690006001016,8
080690024011145,8
080690025051063,8
080690002012006,8
080690024031047,8
081230007052022,8
081230021041067,8
080690002022010,8
080690009014007,8
081230012012030,8
081230014072014,8
080690010034006,8
080690023001029,8
081230025014057,8
081230014071001,8
081230022091032,8
080690025041029,8
081230021014028,8
081230022101000,8
081230014062038,8
081230015001015,8
081230016002072,8
081230017001052,8
081230014061018,8
081230023002016,8
081230014111006,8
081230007051019,8
080690016081027,8
081230018001037,8
080690020072013,8
080690013014002,8
081230021073002,8
080690023002033,8
080690011074005,8
080690017142016,8
080690025081057,8
080690025033079,8
081230020161049,8
080690011093009,8
080690002021050,8
081230010055002,8
080690019051073,8
080690016031019,8
080690024031165,8
081230014171018,8
080690016061018,8
080690010092011,8
080690010043003,8
080690019012000,8
080690017152063,8
080690020111005,8
080690019043007,8
080690005062008,8
081230020133013,8
080690017064014,8
080690018123052,8
081230023002031,8
081230013001002,8
080690018072005,8
081230010055022,8
081230012021005,8
081230022082021,8
080690028014018,8
080690026011039,8
080690009013000,8
081230014101020,8
080690020101032,8
080690001003032,8
081230022071042,8
081230018002002,8
080690001002035,8
081230017002056,8
081230018001052,8
080690024031236,8
080690026022103,8
080690019022010,8
080690006001008,8
080690025051054,8
080690018132034,8
080690024011029,8
081230007012023,8
080690025071066,8
080690019043045,8
081230010032009,8
080690005042013,8
081230014141028,8
081230020141009,8
081230007011007,8
080690017131079,8
081230018001012,8
080690017074012,8
081230007012003,8
080690025071047,8
080690023001035,8
081230014162047,8
080690026023039,8
081230021016043,8
080690010091000,8
081230022101004,8
081230021071018,8
080690023001001,8
081230010063003,8
081230025015160,8
081230011002006,8
080690026022036,8
080690025081004,8
080690017131072,8
081230025015148,8
080690025082042,8
081230022031020,8
080690017131055,8
080690017102015,8
080690024011176,8
081230007051032,8
081230021073034,8
081230021064040,8
081230016002085,8
080690013082006,8
080690013062015,8
080690016082035,8
081230025013045,8
080690006002001,8
081230018001120,8
081230015003051,8
081230023001054,8
080690028011024,8
081230015003096,8
081230020191034,8
080690024031314,8
080690020101019,8
081230014051017,8
081230010043004,8
080690025051027,8
081230021016054,8
080690027003035,8
081230022061001,8
080690016053026,8
080690025081002,8
080690004021002,8
081230010055010,8
080690018132011,8
081230015004004,8
081230021012012,8
080690028031025,8
081230017002047,8
081230006001017,8
080690010071004,8
080690017131093,8
080690016081012,8
081230021063011,8
081230022042003,8
080690011124003,8
081230021016036,8
081230022062011,8
080690011071008,8
080690017065005,8
080690007001045,8
081230021065015,8
080690017061013,8
080690025033068,8
080690019051033,8
081230016002028,8
080690028053001,8
080690025072035,8
081230022031108,8
081230021051117,8
080690020101045,8
081230020161018,8
081230014042026,8
080690017152071,8
080690008021001,8
080690026011037,8
080690017066009,8
081230023005053,8
080690028013005,8
080690010092003,8
080690018042010,8
080690025083006,8
080690018112015,8
080690027002049,8
080690016083030,8
080690028014004,8
081230010056007,8
081230017002010,8
081230025013102,8
080690024011211,8
080690018044008,8
081230021041021,8
081230022031067,8
080690017143000,8
081230014131011,8
081230025011058,8
080690024031302,8
080690005061007,8
081230014072001,8
081230022082062,8
081230025015092,8
080690024031028,8
081230004021002,8
080690024011059,8
080690028014030,8
081230001001005,8
080690024031027,8
080690013083009,8
081230014111035,8
080690016083012,8
080690026022117,8
080690018082021,8
081230014062017,8
081230014062028,8
081230020191041,8
080690009011003,8
080690007001036,8
081230016001009,8
080690025081031,8
081230025014044,8
081230010041013,8
080690026021020,8
081230021041044,8
080690011101013,8
080690016023015,8
080690016061005,8
081230015003061,8
080690018102021,8
080690025071064,8
080690024011043,8
080690018083015,8
080690025071028,8
081230007034022,8
080690026022073,8
080690025042025,8
080690013083023,8
081230022091059,8
080690016082058,8
081230021017013,8
081230021017010,8
080690024041011,8
080690026022078,8
080690026011029,8
081230021013027,8
080690017131065,8
081230010042029,8
080690019042013,8
080690024031053,8
080690017063001,8
081230021011005,8
080690020114000,8
081230022031016,8
081230021072016,8
080690016054031,8
081230021051118,8
080690025051002,8
081230020191050,8
080690007002036,8
081230016003021,8
080690018073031,8
080690027003004,8
081230021064021,8
081230014161012,8
080690018082017,8
081230014041015,8
081230021081041,8
080690019043052,8
080690013012006,8
080690010094018,8
081230002001009,8
080690028013007,8
081230020161011,8
081230017002030,8
080690018121000,8
080690013062038,8
081230011004001,8
080690017072005,8
080690028011023,8
080690024031068,8
081230002001006,8
081230014052009,8
080690025051016,8
080690024032015,8
081230001003014,8
080690025053046,8
081230022082139,8
081230001001032,8
081230021083040,8
080690016022002,8
081230022031091,8
081230020161054,8
081230021073041,8
081230002001014,8
081230021051125,8
080690017152091,8
081230021051026,8
080690017142084,8
080690027002019,8
081230007052012,8
081230017001047,8
081230020121019,8
081230012012012,8
081230016002052,8
080690020073045,8
081230022062016,8
080690010041004,8
081230021072010,8
080690009013008,8
080690018121011,8
080690011061004,8
081230014062040,8
080690017123042,8
080690025033071,8
080690004012002,8
080690018043011,8
081230022081077,8
080690016081020,8
081230021014001,8
081230020133002,8
081230020151013,8
080690013012016,8
081230014132013,8
081230016002051,8
081230018001044,8
081230014162019,8
081230001003001,8
081230020162011,8
080690018103022,8
080690019043000,8
081230007051017,8
081230011001014,8
080690016083010,8
080690017142014,8
081230025012043,8
081230018001136,8
080690023001068,8
080690028052002,8
081230007051046,8
081230023003030,8
080690011141016,8
081230018001151,8
080690020114021,8
081230006001028,8
080690013083013,8
080690025033010,8
080690020072018,8
081230008003014,8
081230021081030,8
081230021073019,8
081230014161018,8
081230022052002,8
080690001001012,8
080690016071022,8
081230021081035,8
081230016003010,8
081230023001026,8
081230014162015,8
080690013084021,8
080690024012086,8
080690005041011,8
080690017062000,8
081230017003007,8
080690024031282,8
081230020191055,8
080690024031021,8
081230021065022,8
080690011112006,8
081230010063024,8
080690018121022,8
081230022031099,8
081230009001001,8
081230016003072,8
080690016052024,8
080690020111024,8
080690028012015,8
080690017152051,8
081230020191038,8
081230023001029,8
080690013062007,8
080690009022015,8
080690013084029,8
080690024031174,8
081230010052009,8
081230008002015,8
081230022051012,8
080690024031173,8
081230014141012,8
081230018001050,8
081230010041004,8
081230017004041,8
081230001002007,8
080690009011029,8
080690027004012,8
080690020071037,8
080690024031295,8
080690018122000,8
080690007002005,8
080690025081062,8
080690026023060,8
080690024032008,8
081230021051084,8
080690017122011,8
081230014091013,8
081230022082090,8
080690016072010,8
080690011101019,8
081230015005007,8
080690024012079,8
081230011001009,8
080690016081004,8
081230021061032,8
080690024011001,8
081230014171001,8
081230021011034,8
080690016061013,8
081230022083044,8
080690004022026,8
080690027003016,8
080690017121012,8
081230010063000,8
080690017131058,8
081230020192002,8
081230020192026,8
080690018123024,8
081230025015039,8
081230010063013,8
081230010051013,8
080690028011011,8
081230004023010,8
080690009011022,8
080690028052037,8
080690016011005,8
080690005061030,8
080690025083022,8
080690002022006,8
080690017141015,8
081230004013010,8
080690024011198,8
081230015005013,8
081230017001059,8
081230017001008,8
080690004022032,8
080690026022091,8
080690028014014,8
081230022062008,8
080690005041003,8
081230021063004,8
080690016083021,8
081230007012013,8
080690017152015,8
080690024012057,8
081230022062021,8
081230007052025,8
080690028031054,8
080690011141012,8
081230021073058,8
081230025012044,8
081230014063016,8
081230011003002,8
081230025015025,8
081230007052000,8
080690017152072,8
081230008002024,8
081230023002012,8
081230016003013,8
080690023001007,8
080690009022010,8
080690017101043,8
080690020082008,8
080690025073009,8
080690020073022,8
080690007001030,8
081230022081039,8
080690007002020,8
081230007051003,8
080690013084026,8
080690016032008,8
080690017101024,8
080690020101051,8
080690019013024,8
080690010094008,8
080690001002030,8
081230001002012,8
081230023002006,8
081230021081031,8
080690025061015,8
081230025013007,8
081230001002015,8
081230025015029,8
081230022081066,8
080690019041048,8
081230014162003,8
081230023002014,8
080690028051030,8
080690017123045,8
081230025013027,8
080690013042004,8
080690019051053,8
081230023003038,8
081230022053011,8
080690024031183,8
080690018102025,8
081230015001030,8
081230021011016,8
080690016033009,8
081230004014002,8
081230021051047,8
080690020073002,8
080690017121003,8
080690017113020,8
081230021011056,8
080690010102019,8
080690028043003,8
080690017102008,8
080690024012004,8
081230010063006,8
081230022061023,8
080690010032002,8
081230015005039,8
080690017065013,8
080690011043013,8
081230017001067,8
081230025014006,8
080690018042006,8
080690013014029,8
081230013001023,8
080690013072033,8
081230021051126,8
081230022091054,8
080690007002051,8
080690028012038,8
080690005031001,8
081230016001024,8
081230018001118,8
080690017131013,8
080690010073010,8
080690018083005,8
081230021015000,8
081230020132002,8
080690018043005,8
081230022031115,8
081230021065021,8
081230021011045,8
081230007034014,8
080690018123015,8
081230014081004,8
081230014072031,8
080690011075010,8
080690017143009,8
080690017143016,8
081230014062027,8
080690010102014,8
080690028042010,8
081230018001030,8
080690028052026,8
080690028012018,8
080690017072019,8
080690011121006,8
081230018001113,8
080690018102004,8
080690016054024,8
081230022061010,8
080690006001003,8
080690025061046,8
081230018001041,8
080690005031002,8
080690020051001,8
081230020181003,8
080690026022085,8
081230014042047,8
081230014152026,8
080690020101013,8
081230021062006,8
081230022101037,8
080690028014010,8
080690027003045,8
080690025033044,8
081230022091045,8
080690013061018,8
081230021011036,8
080690026011051,8
081230018001165,8
080690024011078,8
080690027001007,8
081230017002020,8
081230022081004,8
081230014061014,8
081230018001132,8
080690013051016,8
080690028013003,8
080690024031116,8
080690028052025,8
081230020201012,8
080690028043001,8
081230020151028,8
080690013062024,8
081230016002032,8
081230014132004,8
080690023002037,8
081230025013119,8
080690010102025,8
080690025051078,8
080690017121004,8
080690027002041,8
081230025013019,8
081230021081033,8
080690017151028,8
081230022081045,8
081230021064042,8
080690017081026,8
081230011002004,8
080690017082016,8
081230021063010,8
080690011112005,8
081230021051146,8
081230025014064,8
080690013011009,8
080690023002014,8
081230007052024,8
080690005042022,8
080690028011031,8
080690017121016,8
080690011071006,8
081230021016065,8
080690008011007,8
081230022101036,8
081230015004031,8
081230010043015,8
080690025033047,8
081230021041054,8
080690017081017,8
080690025062052,8
080690018043009,8
080690008021015,8
080690019043062,8
081230021014026,8
080690024031226,8
081230018001169,8
080690027001009,8
081230018002019,8
081230014092010,8
081230018001035,8
080690013062004,8
081230021073035,8
080690024031158,8
081230014062029,8
081230004021015,8
080690025033090,8
081230022082133,8
080690026023043,8
080690016022000,8
080690018102013,8
081230023001022,8
080690013012021,8
080690007002034,8
080690013063021,8
081230021061020,8
081230023004006,8
081230022071011,8
080690019051032,8
081230021051129,8
081230014122017,8
081230014091000,8
080690019022001,8
080690027002015,8
080690017102033,8
081230022091071,8
081230025015100,8
080690025061034,8
081230025014041,8
080690026022003,8
080690028041023,8
081230014101015,8
081230022083040,8
080690025033009,8
081230023003005,8
081230010032004,8
080690024012083,8
080690010094005,8
081230022082144,8
080690006003002,8
080690018112005,8
081230021014003,8
081230012022013,8
080690025033058,8
081230004023008,8
081230025014157,8
081230021064019,8
081230004023019,8
080690028011003,8
080690010092010,8
080690025041000,8
080690018132009,8
080690011093010,8
081230021041090,8
080690024031276,8
080690017132062,8
081230021016074,8
081230022031028,8
081230025011045,8
080690018111009,8
080690001003035,8
081230020171000,8
080690009023013,8
081230025015085,8
081230023001052,8
081230010062004,8
080690025062005,8
080690024041035,8
080690013071023,8
080690017066011,8
080690025061029,8
081230017002051,8
081230023004031,8
080690004012008,8
080690010031011,8
080690003002012,8
081230022101049,8
081230020211019,8
081230021012037,8
080690017131078,8
080690017141001,8
080690024011173,8
081230025014108,8
080690025053006,8
080690025061043,8
081230021082044,8
080690016033010,8
081230014161028,8
080690026011041,8
080690025061060,8
080690017063005,8
080690004021000,8
081230021014022,8
080690016081030,8
081230018002009,8
080690024031209,8
081230021014007,8
081230015003083,8
081230014141015,8
081230021073015,8
080690020071033,8
080690024031101,8
081230020121035,8
081230021017019,8
081230021073004,8
081230022101025,8
081230022053007,8
080690018041001,8
080690018124000,8
081230022071053,8
080690028043059,8
080690010081009,8
080690020111002,8
081230022091014,8
080690019043060,8
080690025033036,8
081230016003011,8
080690017073008,8
081230022083014,8
081230025012053,8
081230013004004,8
080690008011000,8
081230018001139,8
080690025081042,8
081230013002003,8
081230021016100,8
081230017002005,8
081230007052076,8
080690013041000,8
080690020113011,8
081230017001032,8
080690019051074,8
081230013004015,8
081230020141029,8
080690026023063,8
081230007034005,8
081230010032008,8
081230014062026,8
081230014061013,8
080690009013004,8
080690017132040,8
081230007031012,8
081230021013021,8
081230016002067,8
080690018101003,8
081230010053014,8
080690028012007,8
081230004011001,8
081230022081016,8
081230021065049,8
081230023004018,8
080690024011017,8
080690025072006,8
081230014072036,8
081230013003013,8
080690019042018,8
080690025032010,8
080690002011021,8
081230021073042,8
080690001002056,8
080690017152076,8
081230025011064,8
081230020161014,8
080690020072000,8
081230021016015,8
080690018112011,8
081230002001011,8
081230022042010,8
081230021051106,8
081230020203009,8
080690025061040,8
080690017123041,8
080690027001025,8
080690024031261,8
080690016012008,8
080690016012025,8
081230006001029,8
080690024011055,8
081230004013002,8
081230022082015,8
080690023002019,8
081230021016024,8
080690026021016,8
081230021073065,8
080690011101002,8
080690025083021,8
081230016002049,8
081230025014152,8
080690011045005,8
081230021012013,8
081230018001089,8
080690008011031,8
081230016003018,8
081230025014048,8
081230013004019,8
080690017152061,8
080690024041004,8
080690026022094,8
081230018002042,8
080690013041006,8
081230020211025,8
081230021063006,8
081230014041018,8
081230011004007,8
080690017065000,8
081230014122000,8
080690020101020,8
080690026022026,8
081230010041006,8
080690024031010,8
081230014041012,8
080690011121016,8
081230021064022,8
080690016054054,8
080690006003005,8
081230021073055,8
081230022053021,8
080690011132009,8
080690017111020,8
081230021081006,8
081230020192006,8
081230022083045,8
081230018002012,8
081230020181001,8
080690013071022,8
081230010061015,8
081230021061002,8
081230020141018,8
080690019012002,8
081230025015096,8
081230022062003,8
081230016003017,8
080690017121009,8
081230014042031,8
081230021064055,8
081230021011022,8
080690019024004,8
080690017103000,8
080690028031049,8
080690019051007,8
080690003001004,8
081230020101035,8
080690016083017,8
080690011092005,8
080690025051069,8
080690025061075,8
081230001001000,8
080690002021017,8
081230021017029,8
081230021013015,8
080690018124022,8
080690002022012,8
081230022091047,8
081230015003047,8
081230018001034,8
081230025011036,8
080690020083005,8
080690002011005,8
081230020121013,8
081230004013007,8
080690019051075,8
080690024011080,8
080690019043024,8
080690020101037,8
081230011001011,8
080690025033081,8
081230022082014,8
080690010101004,8
081230021013041,8
081230004013008,8
080690017121010,8
081230017003032,8
080690028041007,8
080690024011194,8
081230021063005,8
080690023001014,8
080690016061014,8
080690013082015,8
080690013062008,8
081230014102015,8
080690028012045,8
081230020121033,8
080690018111011,8
081230021051103,8
081230025015128,8
080690025073021,8
080690017151014,8
081230007033001,8
080690018131009,8
081230022082078,8
081230004022012,8
081230021064049,8
080690004011001,8
080690011111006,8
080690024012065,8
081230008004007,8
081230021041002,8
080690016023005,8
081230015002028,8
080690010035011,8
080690013071004,8
081230020133000,8
081230011003005,8
081230018002025,8
080690011121018,8
081230022101024,8
080690025052002,8
080690024041012,8
081230021071005,8
081230007012004,8
080690017123018,8
080690017072026,8
081230012021012,8
080690017131054,8
080690011101007,8
080690019051055,8
080690018123018,8
081230007052033,8
081230021016064,8
080690018073039,8
080690018121020,8
080690024031221,8
081230014141014,8
081230025015131,8
081230006001032,8
081230014131014,8
081230014091011,8
080690011063002,8
081230021051130,8
080690028042008,8
081230014092013,8
081230005021002,8
080690027002036,8
081230022042008,8
080690013041015,8
080690017132057,8
080690001002026,8
081230025013012,8
080690013013004,8
080690013083024,8
080690025051037,8
080690011121002,8
081230014101025,8
080690024011109,8
080690027004036,8
080690025041024,8
081230018002068,8
080690024012081,8
080690024011031,8
080690005061014,8
081230014041023,8
081230022081009,8
081230014102023,8
081230014042052,8
080690020073009,8
081230021051057,8
081230020203002,8
080690010081006,8
080690017141017,8
080690018112009,8
080690017152064,8
080690017111004,8
080690024041030,8
080690025083008,8
081230021083016,8
080690016071034,8
080690011042002,8
081230010062000,8
080690016022014,8
080690017131025,8
080690013012019,8
081230004012005,8
080690011042004,8
081230010043030,8
080690007001039,8
080690005032002,8
080690013061026,8
081230007051037,8
081230017001038,8
080690019041016,8
080690013072001,8
081230025013058,8
081230021065051,8
081230013003018,8
080690010043012,8
080690016052034,8
080690020083015,8
081230015004007,8
081230021014014,8
081230022071004,8
080690008021021,8
081230025015040,8
081230014092005,8
080690013013015,8
080690013061006,8
080690017101008,8
080690028043015,8
080690024011135,8
080690002012008,8
080690016081023,8
080690025033004,8
081230017003002,8
080690003001023,8
081230013004006,8
081230023002029,8
080690019051049,8
080690001002037,8
080690025032035,8
081230018001101,8
080690018082018,8
081230022091025,8
081230015004014,8
080690011093006,8
080690011123000,8
080690028014017,8
080690017151003,8
080690013063000,8
080690016023003,8
080690013051000,8
080690019041006,8
080690024031071,8
081230014081039,8
081230015003046,8
080690028051000,8
081230017001012,8
081230018002038,8
081230007031015,8
080690020113005,8
080690013072028,8
080690018072017,8
081230021013003,8
080690025071026,8
080690025033056,8
080690025061069,8
081230015003011,8
081230014171009,8
081230015005044,8
080690018041002,8
080690028011012,8
081230013003015,8
080690007002011,8
080690024011092,8
080690016034009,8
081230020211000,8
080690028052034,8
081230021016042,8
080690024032025,8
081230010033008,8
081230016002057,8
080690026011033,8
080690026011050,8
080690013061031,8
080690028053013,8
081230021041082,8
081230015004010,8
080690024011214,8
081230021082028,8
080690025072018,8
080690025062003,8
081230016002036,8
081230015003017,8
080690016082036,8
080690024011048,8
081230004021019,8
080690023002004,8
080690003002004,8
080690013084015,8
081230021014029,8
081230001003018,8
081230023002030,8
081230007011013,8
081230021083041,8
080690010101011,8
081230025013029,8
081230006001046,8
080690013042022,8
080690017123009,8
081230017004020,8
081230022083024,8
081230021061000,8
081230006001020,8
081230020042016,8
080690009014004,8
081230022083034,8
080690024032009,8
081230021051135,8
080690010095006,8
080690025061012,8
081230014102004,8
080690011122004,8
080690011044001,8
081230023001001,8
080690003001009,8
080690025032001,8
081230015003113,8
080690019041020,8
080690025032037,8
081230025014149,8
080690005041004,8
081230014081040,8
081230007031022,8
080690011123003,8
081230014041008,8
080690017101013,8
080690009023007,8
080690027004029,8
081230007052030,8
080690017101035,8
080690028014035,8
081230020161025,8
081230010052005,8
080690024011015,8
080690018082027,8
080690016052021,8
081230020133005,8
081230021051147,8
081230014111041,8
081230007052043,8
081230022031075,8
080690018132030,8
081230025014130,8
081230006001027,8
080690017066010,8
081230022091035,8
080690024031114,8
080690016054045,8
080690025051088,8
081230014122016,8
081230014151011,8
081230012013003,8
080690025081016,8
081230020211003,8
081230007052041,8
081230023001014,8
080690025051079,8
081230016001004,8
080690013013001,8
081230014053019,8
081230023002043,8
080690017152099,8
081230025015133,8
081230020192011,8
081230014102019,8
081230021041060,8
080690017132048,8
081230004022006,8
080690009014026,8
080690027003006,8
081230022031092,8
080690025032026,8
080690005041009,8
080690025042005,8
080690018123026,8
080690010092019,8
080690019051058,8
081230021064056,8
080690013071046,8
080690018072004,8
080690011062011,8
081230014131025,8
081230018001081,8
081230020191070,8
080690010081015,8
081230014162045,8
081230022081028,8
080690026011000,8
080690001003014,8
080690017103021,8
081230007051001,8
080690019022018,8
081230023002024,8
081230014062030,8
080690016071008,8
081230022091056,8
081230025014021,8
080690024012015,8
080690017103014,8
081230007051058,8
081230021051023,8
080690025073013,8
080690025053014,8
081230020192012,8
080690024031094,8
080690003002008,8
081230022082104,8
081230020202000,8
081230015002019,8
081230021016032,8
081230005021025,8
081230015003029,8
080690005061034,8
080690005051009,8
081230015003005,8
080690025061072,8
080690025071075,8
080690028013019,8
081230020202020,8
080690028041013,8
080690011071003,8
080690018083004,8
081230010061033,8
080690027002053,8
081230010063002,8
080690020112003,8
080690025081024,8
080690024011077,8
081230022051001,8
080690028014008,8
081230020211013,8
080690019043033,8
081230013004010,8
081230007034019,8
080690018082037,8
080690018123042,8
080690025051003,8
080690013062033,8
081230014052003,8
081230022031089,8
080690025033099,8
081230025015005,8
080690003002019,8
080690018112019,8
080690011122015,8
080690007002026,8
080690001002023,8
081230022083017,8
080690024031035,8
080690024031318,8
081230014063006,8
080690002021018,8
081230016002075,8
080690003002009,8
080690011061010,8
080690028051013,8
081230021064015,8
081230021063020,8
081230015001026,8
081230007052083,8
081230020191045,8
080690024031297,8
080690025051020,8
081230014062013,8
080690017066022,8
081230015005053,8
081230015001020,8
080690020081001,8
080690007002041,8
081230021072032,8
081230021071040,8
081230025013078,8
080690025071029,8
081230011001000,8
081230022071038,8
080690025032045,8
081230014171017,8
081230022081048,8
080690013062030,8
080690001001014,8
081230010032007,8
081230005022026,8
081230021015002,8
080690025072031,8
080690013072047,8
081230010051003,8
081230021061035,8
081230023004017,8
080690025051051,8
081230020192008,8
081230008003005,8
081230016002013,8
080690026022072,8
081230021051004,8
081230017001068,8
080690017141027,8
081230008003020,8
080690027003025,8
080690006003000,8
080690016031017,8
080690018132032,8
080690002022033,8
080690024041056,8
080690019013007,8
081230008004009,8
081230025013037,8
080690017066018,8
081230021051022,8
080690016012011,8
080690023002002,8
080690016033003,8
081230020151008,8
081230023002038,8
080690019043066,8
080690028012019,8
081230005012009,8
081230025015049,8
080690016053010,8
080690009022003,8
081230020161032,8
080690024031140,8
081230014161020,8
081230010051014,8
080690011092000,8
080690019043012,8
080690026023013,8
080690013061005,8
081230021062010,8
080690026022007,8
080690020051021,8
080690024031250,8
080690018082038,8
080690020052001,8
081230017001029,8
080690025082047,8
081230020191053,8
081230021012034,8
080690008021007,8
080690018132026,8
081230023005035,8
080690016061004,8
081230020191010,8
081230025014127,8
080690011045004,8
081230020151010,8
081230017004032,8
081230008001009,8
081230021073039,8
081230008003019,8
081230020133025,8
080690017072002,8
080690017102023,8
081230021013033,8
081230021051088,8
081230025014001,8
080690013063004,8
081230022083003,8
080690025033016,8
081230005022019,8
081230014171008,8
080690017073001,8
080690025051047,8
080690011071001,8
081230025011027,8
081230005012006,8
081230005022021,8
080690024031109,8
080690017111009,8
081230020211011,8
080690018101011,8
081230022081070,8
081230023001060,8
080690019013021,8
081230021083009,8
081230010061009,8
080690016082051,8
080690024031256,8
080690025071048,8
080690003001037,8
081230025015071,8
081230023001050,8
081230025013039,8
080690011075007,8
080690024031278,8
080690025071011,8
080690018101017,8
080690028053000,8
080690024011107,8
081230021041111,8
080690027002022,8
080690007001025,8
080690009013014,8
080690024041000,8
080690025033021,8
081230014131008,8
080690013062009,8
080690018083013,8
081230020171012,8
081230021073037,8
080690019024018,8
080690020101008,8
081230010043023,8
080690024041028,8
080690016082022,8
081230005021008,8
081230020131000,8
080690018073011,8
080690010032001,8
081230016002097,8
080690017081015,8
081230018002018,8
081230018002000,8
080690008011042,8
081230025015123,8
080690009011028,8
080690025081050,8
080690028041006,8
081230014162042,8
080690013051031,8
080690016081028,8
080690023002022,8
080690017112005,8
080690018072011,8
081230007052007,8
080690003001014,8
080690017143001,8
080690007002032,8
080690025053029,8
080690024011018,8
081230022042012,8
081230021041036,8
081230022052003,8
080690018102003,8
080690018132001,8
080690020071035,8
081230021013016,8
080690018082009,8
081230022083036,8
080690026021013,8
081230022031045,8
080690024031050,8
081230025015051,8
080690020101017,8
080690018121008,8
080690018121003,8
080690024011049,8
080690007002013,8
081230015005021,8
080690017102009,8
080690018103010,8
081230014122019,8
080690007001021,8
080690009021002,8
080690005041014,8
080690026022008,8
080690016052033,8
080690013083037,8
080690024011085,8
080690005051010,8
080690024041032,8
080690024031185,8
080690020101012,8
080690025083000,8
081230021017020,8
081230025015059,8
081230022081084,8
080690024011021,8
080690025032022,8
081230021082033,8
081230025013081,8
080690009011001,8
080690011042006,8
081230010042031,8
080690018073041,8
080690011132017,8
081230022082097,8
080690016072003,8
081230017001031,8
080690026021032,8
080690013012004,8
081230025014058,8
080690018082001,8
081230008003022,8
080690011103004,8
080690025081063,8
080690007001015,8
080690002012023,8
081230014102018,8
080690013084010,8
080690017152105,8
081230015004016,8
081230014072015,8
080690028011036,8
080690005061016,8
080690027003021,8
080690018073036,8
080690018074001,8
080690013071028,8
080690025041009,8
081230025015047,8
080690018074002,8
081230021064047,8
081230018001130,8
081230020161057,8
080690018121031,8
080690017152053,8
081230020171027,8
080690025033029,8
081230010041022,8
080690017132018,8
081230021065037,8
081230021064050,8
081230022091033,8
081230005022005,8
080690017064009,8
081230017003080,8
080690024031215,8
080690025032038,8
081230020171028,8
080690024031308,8
081230014053005,8
081230008002008,8
081230025014126,8
080690025081006,8
080690024031034,8
081230023002019,8
080690017131003,8
081230022082060,8
080690011064001,8
081230021083043,8
080690011132014,8
080690017141007,8
080690016054013,8
080690017101031,8
080690020073042,8
080690017061005,8
080690024012014,8
081230021016019,8
081230007033000,8
081230010051022,8
081230008003007,8
081230020101025,8
081230021065034,8
081230020203011,8
081230021011032,8
080690002012030,8
081230014081012,8
080690024011016,8
080690002012032,8
081230022042015,8
081230022031070,8
081230021051051,8
080690013082017,8
081230021051001,8
081230010055014,8
081230014161031,8
080690016082055,8
081230014171002,8
080690019041004,8
080690013084028,8
081230016002011,8
080690028031012,8
080690010041003,8
081230020162008,8
080690002021041,8
080690007001002,8
081230006001038,8
080690016082018,8
080690018123000,8
081230025014005,8
080690028053011,8
080690018123016,8
080690025083020,8
081230022031083,8
080690004012018,8
080690020072007,8
080690013063028,8
080690009011016,8
081230012012029,8
081230021014024,8
080690024041050,8
081230016003007,8
080690024041048,8
080690017061015,8
080690024031023,8
080690028051031,8
080690018083030,8
080690017131020,8
080690010092015,8
081230023001027,8
081230020133010,8
080690013083005,8
080690019043015,8
080690011101011,8
081230021082040,8
081230015005010,8
081230002002002,8
080690024031121,8
080690018082026,8
081230014042010,8
081230007051023,8
081230020131011,8
081230021051148,8
080690020101035,8
080690025081007,8
080690013083044,8
081230023003037,8
080690004022044,8
080690025052009,8
081230022081061,8
080690024041014,8
080690020112002,8
080690009011026,8
080690016072002,8
080690001002013,8
080690008011024,8
081230021012040,8
081230020131002,8
080690020071007,8
081230020161015,8
080690001001002,8
081230014042009,8
081230007051029,8
080690011101022,8
080690019023004,8
080690025031010,8
081230017003016,8
080690017152028,8
081230007052059,8
080690017066021,8
081230010043027,8
080690010102017,8
080690026022044,8
081230020191017,8
081230014101011,8
081230021013006,8
080690027003001,8
081230025013123,8
080690018101022,8
080690025062016,8
080690016012001,8
081230021016079,8
080690016071013,8
081230010041005,8
080690008011036,8
080690025062048,8
080690026011009,8
081230014072011,8
081230022081073,8
080690020073043,8
080690018073009,8
081230021041073,8
081230020211004,8
080690018073016,8
081230022062026,8
080690019041014,8
080690026011019,8
080690024012009,8
080690016061011,8
081230014062043,8
080690018111007,8
081230014111028,8
081230011003004,8
080690016083013,8
081230017003065,8
081230021015008,8
080690010034003,8
081230018001033,8
080690011064002,8
080690026022004,8
080690016082000,8
080690018112007,8
080690011043001,8
081230010055000,8
080690020052026,8
081230007051059,8
080690017132074,8
080690016083006,8
080690020101023,8
081230007033016,8
080690013083053,8
080690016061007,8
080690025061016,8
080690024031229,8
080690011132024,8
080690007001006,8
080690017123025,8
080690024031204,8
080690025082006,8
080690020112005,8
081230021016068,8
080690017141008,8
081230004013016,8
080690024031078,8
080690018103002,8
080690017103016,8
081230020101006,8
080690010071005,8
081230008003004,8
080690024031090,8
080690020052010,8
080690010031019,8
080690026022110,8
081230025015159,8
080690018111002,8
080690005061015,8
081230022083011,8
081230023004007,8
080690013051025,8
080690017073009,8
081230025015122,8
080690025042026,8
080690011141001,8
081230020161023,8
081230015004053,8
080690020112014,8
081230022101045,8
080690008021003,8
081230008003021,8
081230021081024,8
080690024012090,8
081230022081031,8
081230025015146,8
080690018132033,8
081230014092003,8
080690024011056,8
080690023002013,8
081230020141005,8
080690024012027,8
081230017002037,8
080690026022001,8
080690024011148,8
080690023001064,8
080690008011001,8
081230022091022,8
081230014051012,8
080690013071040,8
080690020083017,8
081230025013038,8
081230016002035,8
080690016082048,8
081230016001017,8
080690020071025,8
081230022041006,8
080690024012085,8
080690023001036,8
081230002001013,8
080690013072045,8
081230023004015,8
081230014052018,8
080690011041001,8
080690018071003,8
081230010063015,8
081230022082046,8
080690025033015,8
081230002001008,8
081230021062007,8
080690017123044,8
081230010042016,8
080690025072001,8
080690017074002,8
080690024011063,8
081230022042014,8
080690024041051,8
080690016053021,8
081230014053001,8
081230025013005,8
080690019011017,8
080690023001040,8
080690017142013,8
080690016083031,8
080690024031041,8
080690024011054,8
080690018121015,8
081230014161027,8
080690025062042,8
080690025061071,8
080690025072040,8
080690024031132,8
080690024011007,8
081230018001146,8
081230018001020,8
080690028011008,8
081230020042000,8
081230007052044,8
080690028043041,8
081230025013112,8
080690017081008,8
080690018083012,8
080690017151011,8
080690011132021,8
081230022082143,8
081230004013015,8
080690018102026,8
080690024031037,8
080690026011040,8
080690013072022,8
080690017081009,8
080690028043006,8
081230016003028,8
080690013014016,8
080690017131011,8
080690018123049,8
081230021041056,8
081230010041014,8
081230010055003,8
081230017002016,8
080690013082019,8
081230021041074,8
081230022071013,8
080690028014031,8
081230007031017,8
080690024031222,8
080690016011002,8
081230021041029,8
080690024031164,8
080690008021008,8
080690025082001,8
080690009014012,8
080690028043038,8
080690019024005,8
080690010043002,8
080690019024006,8
081230010062005,8
080690020101046,8
081230020191058,8
080690025061052,8
080690025062039,8
081230016001022,8
081230025013006,8
080690028012034,8
081230023003018,8
081230022101029,8
080690028012035,8
081230021082037,8
081230020191030,8
080690010081012,8
080690011121012,8
081230021071011,8
080690010092014,8
080690010091001,8
081230022101019,8
080690013071032,8
081230021064032,8
080690002021016,8
080690018124023,8
081230020101086,8
080690027004013,8
081230021014015,8
080690002021000,8
080690023002027,8
080690027004027,8
080690011141023,8
081230004021014,8
080690017152056,8
080690026011058,8
080690019051028,8
081230016002026,8
080690011043007,8
080690018082049,8
081230018001137,8
080690001003010,8
081230010033003,8
081230004022019,8
081230020171014,8
080690020072005,8
080690020101026,8
081230014051008,8
080690011061001,8
081230017004050,8
080690016054028,8
080690019023005,8
081230023001010,8
081230015004050,8
080690011141006,8
080690018082041,8
080690017072010,8
081230007051028,8
080690018123023,8
081230021014006,8
080690017151031,8
080690020071021,8
081230021016095,8
080690009023011,8
080690025052011,8
080690010092012,8
081230022083038,8
081230022083012,8
081230017004022,8
081230020131016,8
080690018132005,8
081230021017005,8
081230025015068,8
081230017001016,8
081230021051062,8
080690028052020,8
080690011141019,8
081230004014006,8
080690016034008,8
081230015003025,8
080690016012013,8
080690019011000,8
081230014072035,8
081230007052020,8
080690002022013,8
080690002012005,8
080690027002004,8
081230015005055,8
080690013084007,8
081230014121007,8
080690023002006,8
080690017142073,8
081230015001022,8
080690017152087,8
081230022053000,8
081230022091068,8
080690028051012,8
080690017101011,8
080690018121006,8
080690016082024,8
081230021013001,8
081230010042017,8
080690024011103,8
081230022071022,8
081230014071005,8
080690025052004,8
080690016011010,8
080690010071003,8
080690020101039,8
081230005021037,8
080690019043025,8
081230016003016,8
080690011124000,8
080690017123020,8
081230022071019,8
080690025081045,8
081230025014119,8
080690013063026,8
080690020073019,8
080690018044004,8
080690019043050,8
081230020191063,8
081230020191046,8
080690025041016,8
080690026023022,8
081230010051028,8
081230014052017,8
081230020132000,8
081230017002044,8
081230025013086,8
080690017062016,8
081230025013073,8
081230015003044,8
080690028051022,8
080690017123017,8
080690013061010,8
081230021051064,8
080690025051087,8
080690016082005,8
081230018002021,8
080690028043034,8
080690020112019,8
081230021012008,8
080690017101009,8
081230022081071,8
081230017002032,8
081230022081012,8
080690017081030,8
081230014062033,8
081230023001017,8
081230018001072,8
080690017132036,8
081230021051079,8
081230020141052,8
081230010043025,8
080690011063007,8
080690026011022,8
081230021083036,8
080690016031016,8
081230021016089,8
080690018073019,8
081230007052060,8
081230025013047,8
080690028043023,8
080690017143014,8
080690011141039,8
080690020071000,8
080690016081031,8
081230014102003,8
081230022083015,8
081230017003013,8
081230021083030,8
080690011141015,8
080690018082022,8
080690017061011,8
081230021071016,8
081230021051054,8
080690019013014,8
080690025053023,8
081230014152022,8
081230005022024,8
080690007002050,8
081230016001018,8
081230021083044,8
080690020073004,8
080690024041054,8
080690018082025,8
081230018001027,8
080690009013017,8
081230016002079,8
081230021041075,8
080690018082013,8
081230020181008,8
080690004021003,8
081230010056001,8
081230023001048,8
080690017101026,8
081230021016031,8
080690007001042,8
081230025015065,8
080690002022022,8
081230017001017,8
080690028043036,8
080690017061019,8
081230022082141,8
081230025011023,8
081230021016017,8
081230016002062,8
081230021041003,8
080690025082010,8
081230007052066,8
080690024011167,8
080690016053005,8
080690025072032,8
080690007002044,8
080690024012045,8
080690024031281,8
080690006004002,8
080690025082005,8
081230018002026,8
080690024011159,8
081230001001031,8
080690018124009,8
080690025033103,8
081230010061003,8
081230010052003,8
080690016023001,8
080690011112000,8
080690018123041,8
080690018121028,8
080690028012009,8
081230021051149,8
081230014041041,8
080690008021022,8
081230015004001,8
080690025051039,8
080690016052009,8
080690025051015,8
080690016054022,8
080690003001026,8
080690018073021,8
080690016082028,8
080690026022048,8
081230021073022,8
080690005061006,8
080690011093011,8
080690005062006,8
080690025033052,8
080690026023050,8
081230014072007,8
081230022082002,8
080690023001038,8
080690018111012,8
080690016081024,8
081230021051102,8
081230021016082,8
081230018001016,8
081230004023018,8
080690016053020,8
080690017066006,8
080690008021006,8
080690013042028,8
081230021051101,8
080690020083018,8
081230014152025,8
081230023002041,8
081230022072012,8
081230023004024,8
080690016011024,8
080690010072004,8
080690016012015,8
080690017113011,8
080690020071005,8
080690005041010,8
080690005061013,8
080690011112004,8
080690017131040,8
081230017001041,8
080690025033101,8
081230020161044,8
081230022082119,8
081230021015004,8
080690017072025,8
081230005021030,8
081230021013034,8
080690028011019,8
081230022031114,8
080690010071008,8
080690018103037,8
080690024031304,8
081230014042004,8
080690025033066,8
081230004022023,8
081230021041028,8
081230021051052,8
080690011141010,8
081230025014159,8
080690017143003,8
081230014061005,8
080690016022003,8
081230013002007,8
081230025013095,8
081230017003057,8
081230021082029,8
081230004014011,8
080690018083011,8
081230023001025,8
081230021082017,8
080690013084008,8
080690017141009,8
080690006001014,8
081230022031124,8
081230025013050,8
080690025072004,8
080690028043035,8
081230021051050,8
080690010092027,8
081230014081032,8
081230014071002,8
080690017131086,8
081230014053023,8
080690028011013,8
080690013014024,8
080690016083005,8
081230022072008,8
080690025073005,8
080690025071043,8
081230021082026,8
081230020192013,8
081230017003043,8
080690026022100,8
080690019043059,8
080690002022037,8
081230007052018,8
080690025033100,8
080690018043008,8
080690016071014,8
080690013061035,8
081230020203007,8
081230023001002,8
081230004012012,8
080690027004010,8
080690017101020,8
081230020191061,8
081230021083048,8
080690018132007,8
081230014161024,8
081230022082083,8
081230017003039,8
080690017112015,8
081230025015061,8
080690027004024,8
081230022082150,8
080690013072027,8
080690017131091,8
080690017132026,8
080690023002005,8
081230015003077,8
081230022082099,8
081230020131014,8
081230008002016,8
080690001003033,8
080690028043060,8
081230013001009,8
080690024011174,8
081230016002014,8
081230014062018,8
080690025082038,8
080690027003038,8
081230022071016,8
081230014161033,8
081230014092012,8
080690011071013,8
080690024031032,8
081230021064030,8
080690024011133,8
080690020082021,8
081230005021020,8
080690001003002,8
080690004022028,8
081230022082076,8
080690025033032,8
080690026011044,8
081230022041004,8
081230020141037,8
081230017002022,8
081230022031078,8
081230018001049,8
081230022101008,8
080690009012009,8
081230015004049,8
081230022081043,8
081230010061021,8
080690024031075,8
080690018102023,8
080690001002054,8
080690028043066,8
081230020202006,8
080690017151029,8
081230014042006,8
081230020101088,8
081230021073025,8
081230021015009,8
080690010092002,8
081230021071007,8
080690024011067,8
081230014091001,8
081230015004047,8
081230004011003,8
080690005052010,8
081230021012027,8
080690020112009,8
080690011131005,8
080690025033001,8
081230015005048,8
080690025073000,8
081230014072022,8
080690020052021,8
081230015003105,8
080690024032019,8
080690026011066,8
080690017065017,8
080690011132022,8
080690011101025,8
081230021011004,8
081230025015032,8
080690002021045,8
081230015005030,8
081230020161034,8
081230017002009,8
081230021041046,8
080690026022042,8
080690020114032,8
081230021083033,8
081230023001064,8
080690028053028,8
080690011121003,8
081230004021000,8
081230014161005,8
080690018072024,8
080690017152043,8
080690028013006,8
081230025013076,8
080690028014020,8
081230008001010,8
080690017103018,8
080690001001003,8
081230022041000,8
080690028043069,8
080690017121015,8
081230025014095,8
081230022052010,8
081230010051005,8
080690020111015,8
081230017001071,8
081230017002045,8
080690018044020,8
080690025072002,8
081230013004003,8
080690017082021,8
081230014111023,8
081230018001000,8
080690020114015,8
081230025015031,8
081230008002018,8
081230014061010,8
080690019041058,8
081230017003085,8
080690024011156,8
081230022061013,8
080690018082010,8
080690009013010,8
081230025014136,8
081230014121000,8
080690018103040,8
081230014042008,8
080690025053031,8
081230014131000,8
080690004022023,8
081230020101021,8
080690019011027,8
081230014131015,8
081230025013075,8
080690003001019,8
080690020101056,8
081230014051015,8
080690026023002,8
081230007052032,8
080690018081009,8
080690017066014,8
080690018101002,8
080690019042000,8
081230015005045,8
080690009011014,8
081230014042050,8
080690019041023,8
081230021051110,8
080690009014017,8
080690025061044,8
080690020071031,8
080690024031224,8
081230004013004,8
080690017113027,8
080690018083019,8
081230022091052,8
081230012022001,8
081230007052064,8
081230007052074,8
080690004022040,8
081230025011047,8
080690009011010,8
081230022081076,8
080690005032003,8
081230015003071,8
080690025083027,8
080690011074006,8
081230010061023,8
081230020191026,8
080690018043010,8
081230020192007,8
081230014161013,8
081230021072027,8
081230014101026,8
080690017103004,8
081230023001056,8
080690017082007,8
080690011075004,8
080690018083026,8
080690017082002,8
080690019042023,8
080690013084014,8
080690028043045,8
080690001002011,8
081230022081021,8
080690028041015,8
080690003002007,8
080690026023031,8
081230007011004,8
081230020133024,8
081230022081023,8
080690025051005,8
080690001003011,8
080690016024008,8
080690024011072,8
080690017113006,8
080690028043052,8
080690016034000,8
080690024011037,8
080690013013003,8
080690025033030,8
080690025082009,8
081230023005040,8
080690024031274,8
081230014131009,8
081230022101009,8
081230020121027,8
081230014052025,8
080690013051024,8
080690017152069,8
080690018123028,8
080690007002016,8
080690019041017,8
081230021083023,8
081230004022000,8
081230015005015,8
081230025014080,8
080690026023055,8
080690018083003,8
081230021051131,8
081230010033001,8
080690025073001,8
080690024031040,8
081230014041021,8
080690028011041,8
081230002002007,8
081230021016063,8
080690020071036,8
080690019042014,8
081230025015042,8
081230008001008,8
080690028014016,8
081230022101012,8
080690019024012,8
080690013083021,8
081230010051039,8
081230020191037,8
080690020052008,8
080690013011001,8
081230021064034,8
081230025014114,8
080690017064001,8
081230023001007,8
081230021063003,8
081230022031127,8
080690017132058,8
081230022052001,8
080690002012000,8
080690018071006,8
081230023004035,8
080690025071062,8
080690013071041,8
081230021041081,8
080690020073017,8
080690025033054,8
081230021051060,8
081230025013071,8
081230018002045,8
081230008004006,8
080690010031010,8
080690024032011,8
081230012021011,8
080690002021007,8
080690005031005,8
081230020193010,8
081230014092004,8
081230021083051,8
081230007051064,8
081230020192039,8
080690019021013,8
080690016083027,8
080690028051026,8
081230018001086,8
080690010092000,8
081230015003030,8
080690020111011,8
081230009002016,8
080690026021019,8
081230021061019,8
081230022031123,8
080690024031264,8
080690020101038,8
081230010042010,8
080690017132051,8
080690016071026,8
081230022091070,8
080690025071057,8
081230022062010,8
081230014041044,8
081230022062019,8
081230009002013,8
080690025051028,8
081230021073046,8
081230002002010,8
080690017121013,8
080690024011033,8
081230010054004,8
081230014081038,8
081230008001001,8
080690018103032,8
081230007052063,8
081230011004006,8
081230025014036,8
081230022082039,8
080690011094000,8
081230007011014,8
081230004013009,8
080690017072022,8
080690018132018,8
080690017151007,8
081230004021004,8
080690018111008,8
081230022053015,8
081230025013104,8
081230021082002,8
080690017152014,8
080690019051097,8
080690013061030,8
080690017151006,8
080690026022033,8
081230021016051,8
080690016054055,8
080690013013011,8
080690028041008,8
080690028052019,8
080690011141007,8
080690017132010,8
081230010052007,8
080690013061039,8
080690028042007,8
081230022081067,8
080690001003040,8
080690004022039,8
080690018121009,8
080690025053047,8
081230009002003,8
080690016032009,8
081230021051014,8
081230021016020,8
081230014121001,8
081230011002007,8
080690018111013,8
081230023004041,8
081230022071050,8
080690013052003,8
081230017003072,8
081230007011022,8
081230025015095,8
080690019013036,8
080690026022038,8
080690025033063,8
080690020101043,8
080690025071030,8
081230014064003,8
080690026021030,8
080690023001011,8
081230016002090,8
080690017131000,8
081230010053006,8
080690024011083,8
080690025041012,8
081230004014000,8
081230015003080,8
081230014062010,8
081230025012047,8
080690025082040,8
080690020071019,8
081230002001001,8
081230021072031,8
080690011075000,8
080690010044001,8
080690018112023,8
080690017103009,8
081230014122018,8
081230007011009,8
080690018072014,8
080690026022080,8
080690028052010,8
080690023001024,8
081230010056005,8
080690020072011,8
081230014101001,8
081230022081065,8
081230015005043,8
081230007033003,8
080690027002046,8
080690013014032,8
080690026023003,8
080690019011020,8
080690018103004,8
081230007052054,8
081230007034021,8
081230022091034,8
080690016031000,8
080690018123010,8
080690013013014,8
080690011073008,8
081230010031004,8
080690025072011,8
080690020052009,8
080690026023033,8
080690017103006,8
081230010051008,8
081230021062008,8
081230022051010,8
081230007011027,8
080690013014025,8
080690017061017,8
081230020181033,8
080690018103024,8
080690018131008,8
080690016062010,8
080690028031011,8
080690005061022,8
081230018001025,8
080690013062026,8
080690017131024,8
080690025071015,8
080690020052018,8
080690011062006,8
081230011004003,8
080690024012007,8
080690027003008,8
081230023001057,8
081230017001065,8
080690006001018,8
080690017102000,8
080690017113005,8
081230025014094,8
080690018072013,8
080690018043001,8
080690024031247,8
080690009012001,8
080690025061031,8
081230014051001,8
080690017142079,8
080690018072022,8
080690025033003,8
080690010101003,8
080690024031106,8
081230001003003,8
080690024031015,8
080690010043009,8
081230007052071,8
081230013001021,8
081230010041011,8
080690017112008,8
080690017061012,8
081230021011027,8
080690020081004,8
081230020131006,8
080690017111015,8
081230021073040,8
080690019043018,8
081230025015143,8
081230022082103,8
081230017001013,8
080690017131014,8
080690016023007,8
080690028043018,8
081230007011030,8
081230021041109,8
080690013011014,8
081230007031029,8
080690013014022,8
080690026011006,8
081230021013018,8
081230025011037,8
080690026021008,8
080690013061037,8
080690025051045,8
080690017142018,8
081230005022017,8
081230014141030,8
081230001001020,8
081230021011028,8
081230025014025,8
081230021041108,8
081230020171005,8
081230010032003,8
080690025061073,8
081230025013103,8
080690007002028,8
080690025042028,8
081230023001006,8
080690028031013,8
080690017142004,8
081230020171018,8
081230020101055,8
080690020114030,8
080690002022016,8
081230010042020,8
080690025062021,8
080690017132020,8
081230020101018,8
081230006001047,8
081230010031000,8
081230022031066,8
080690006004007,8
080690016024012,8
081230008001018,8
080690024011175,8
081230021051033,8
080690010035009,8
081230025015145,8
080690020083019,8
080690011091008,8
080690019013025,8
080690017142008,8
080690003001003,8
081230014132007,8
080690025033080,8
080690026022032,8
081230022083010,8
080690026011061,8
081230014121018,8
081230010042032,8
080690017151025,8
080690004021006,8
081230014053018,8
080690024031144,8
080690017066000,8
080690010031000,8
080690023002017,8
080690017062017,8
081230011002008,8
080690013071024,8
080690017152033,8
081230018002007,8
080690025062050,8
081230021072014,8
080690013063010,8
080690027001010,8
080690016023004,8
080690016031011,8
080690024031067,8
081230025011061,8
081230014091015,8
080690024031081,8
081230021041065,8
080690025033049,8
081230023005044,8
081230007012008,8
081230020191047,8
080690019043044,8
080690024031097,8
080690018101005,8
080690025062009,8
080690018103015,8
080690001003006,8
080690017074005,8
080690028052027,8
081230018002053,8
080690011141022,8
080690017122003,8
080690025032033,8
080690023001022,8
081230025013049,8
080690011131011,8
081230023005018,8
080690027004033,8
081230022083033,8
081230021011025,8
080690025062041,8
081230007041009,8
081230021064004,8
080690025071003,8
081230020162007,8
081230020192022,8
081230018001009,8
080690025071059,8
081230020101024,8
080690017123001,8
080690024031112,8
081230025015050,8
081230010056000,8
081230001001022,8
081230014141007,8
080690024031069,8
080690016011023,8
081230017004047,8
080690025062037,8
080690017132030,8
080690026023024,8
081230022062029,8
081230012012020,8
080690024031122,8
081230023004028,8
080690010031015,8
080690017101029,8
080690017103012,8
081230015002017,8
080690013051022,8
081230022091067,8
081230020211012,8
080690011141005,8
080690028041002,8
080690009014019,8
080690027003020,8
080690025033026,8
080690024011200,8
080690020071012,8
081230025013131,8
080690011071002,8
080690019022017,8
080690026023052,8
081230017002049,8
081230021063008,8
081230021041026,8
080690011101009,8
081230018002030,8
080690026011038,8
080690017111005,8
081230015004036,8
081230021017022,8
081230014171004,8
080690025073010,8
080690018042000,8
081230007052070,8
080690019043054,8
080690024011090,8
080690013011011,8
080690017081018,8
081230018001133,8
080690019051000,8
080690018124010,8
081230001003012,8
081230004021005,8
080690010095020,8
080690024031162,8
080690018083006,8
081230009001005,8
081230022053012,8
081230018002058,8
081230023001011,8
080690024012069,8
081230020101003,8
080690026023036,8
080690017132050,8
080690025033094,8
081230018001013,8
081230020171002,8
080690019013012,8
080690024041059,8
080690020101028,8
080690018132004,8
080690002011020,8
080690016081010,8
081230012013007,8
081230021072017,8
081230014102011,8
080690013052002,8
081230020161007,8
081230021016059,8
081230007051068,8
080690019051037,8
080690017132025,8
080690011075005,8
080690027004003,8
080690017142067,8
080690017072001,8
080690016071037,8
081230010061005,8
081230007052002,8
081230001002002,8
080690017063002,8
080690028013009,8
081230021051144,8
081230025014145,8
080690024011104,8
081230023005014,8
080690019051014,8
080690027004035,8
080690013042024,8
080690020071003,8
081230021063021,8
080690026022058,8
081230025015024,8
080690018074003,8
080690005042001,8
080690024031317,8
080690018101013,8
081230022082093,8
081230015003067,8
081230014161003,8
081230014042020,8
080690024031136,8
080690028012029,8
081230018001031,8
080690017111018,8
080690017152042,8
080690016071003,8
081230021073018,8
081230004011009,8
080690018072012,8
080690018121029,8
080690019051009,8
080690017065019,8
081230022031001,8
081230021071042,8
080690024031017,8
081230004014017,8
081230025014069,8
081230021071030,8
080690020101050,8
080690024031177,8
080690017063011,8
081230021051006,8
081230021041017,8
081230018001167,8
080690026022018,8
081230025015141,8
080690025061020,8
080690017131092,8
080690025053010,8
081230021065043,8
080690023001023,8
081230007052023,8
080690017142057,8
080690017142062,8
081230014061011,8
080690004022024,8
080690016082001,8
081230014063008,8
080690016012033,8
080690027004041,8
080690026011057,8
080690025082036,8
080690016071012,8
081230010043000,8
080690001002017,8
080690025033048,8
081230004023001,8
080690018124025,8
081230004013014,8
081230022082127,8
080690020073018,8
081230020203016,8
080690026021003,8
081230021065018,8
080690019012011,8
080690028042015,8
081230021083052,8
081230021051021,8
081230022053002,8
081230017002063,8
081230022031017,8
080690025051083,8
080690028051006,8
080690017152090,8
081230014081042,8
081230021041055,8
080690025041007,8
080690027002021,8
080690017061001,8
081230022082136,8
081230015005018,8
081230025015033,8
080690013041014,8
080690026011020,8
081230018001007,8
080690011073006,8
081230022101030,8
080690024031208,8
080690017072024,8
080690010102001,8
080690027003024,8
080690017152037,8
081230004011008,8
081230020211009,8
081230007033011,8
080690025062026,8
081230017001014,8
081230014081023,8
080690020051000,8
081230022082055,8
080690010094020,8
080690025051089,8
081230022091004,8
080690023001055,8
080690023001054,8
080690019041037,8
080690026021007,8
081230020141045,8
080690024011230,8
080690028043027,8
080690013051017,8
081230008003012,8
081230025015152,8
081230022091086,8
081230023004025,8
080690013062010,8
081230017003015,8
081230021051114,8
080690024031260,8
080690018074009,8
081230008001005,8
081230018001121,8
080690020101024,8
080690002011010,8
080690028014022,8
080690013083025,8
080690016053009,8
081230014041025,8
080690007001008,8
081230010051033,8
081230023004032,8
081230015003081,8
081230025015001,8
080690007001014,8
080690010094013,8
080690024031301,8
080690018123004,8
081230025014031,8
081230025015043,8
080690028052009,8
081230021012028,8
080690013062035,8
081230009001006,8
080690019013016,8
080690019022013,8
080690017101018,8
080690017142028,8
081230014151001,8
081230020131001,8
080690024031062,8
081230007052027,8
080690013062005,8
080690010093010,8
080690010034002,8
080690009014005,8
081230025013056,8
081230015004013,8
080690017073007,8
081230022101017,8
081230022082041,8
081230025014014,8
081230007051063,8
081230021051012,8
081230022031081,8
081230015003020,8
081230004022005,8
080690016054027,8
081230014072033,8
081230025014074,8
080690016011019,8
080690028043025,8
081230022053025,8
081230008001011,8
080690025041037,8
080690025053033,8
081230021016030,8
081230014042042,8
080690002022005,8
080690001003016,8
081230022082066,8
081230002002011,8
081230025013070,8
081230021012039,8
080690017066020,8
080690025061014,8
080690018124018,8
080690004022037,8
081230021016076,8
080690018074008,8
080690016012030,8
081230021051127,8
081230014102009,8
081230016002082,8
080690010094003,8
080690025081022,8
080690024032024,8
080690017112006,8
080690018103007,8
080690004022016,8
081230025012054,8
080690013072034,8
081230001001002,8
080690011101028,8
081230014081031,8
081230005021003,8
080690016053011,8
081230001002006,8
081230021064016,8
081230004023024,8
080690018044005,8
080690003001015,8
081230007052072,8
081230021041098,8
081230021051067,8
080690028053033,8
080690024031228,8
080690024041003,8
081230015002002,8
080690019043019,8
080690018083008,8
081230011001002,8
081230020121011,8
080690024031310,8
081230022031002,8
080690002012034,8
080690024031004,8
081230021011046,8
080690024012002,8
080690018081010,8
081230021051145,8
081230014051005,8
081230020101046,8
081230021051013,8
080690025041036,8
080690010072007,8
080690020072008,8
081230022083035,8
080690020114008,8
081230015003103,8
081230016001016,8
080690001002008,8
081230014162029,8
080690028042022,8
081230017003021,8
080690020081009,8
081230009001018,8
080690011131004,8
081230007052040,8
080690028043067,8
081230017002042,8
080690005041015,8
081230020181029,8
081230001003016,8
080690010093000,8
081230017002050,8
080690017081010,8
081230025013062,8
080690019024010,8
081230022031006,8
080690001002059,8
080690002021024,8
080690016032005,8
081230023004023,8
081230020101041,8
080690019051106,8
080690003001012,8
081230022082054,8
080690017123024,8
081230007012026,8
080690003001032,8
080690026022076,8
080690024011161,8
080690017112003,8
080690018101009,8
081230018002050,8
081230007011018,8
081230018002017,8
081230007052055,8
081230015004038,8
080690016022016,8
081230016002020,8
081230014053021,8
080690018082007,8
081230022091028,8
081230014061003,8
081230025013082,8
081230014042023,8
080690017122004,8
080690017131073,8
080690026023023,8
080690016083003,8
080690023001018,8
080690002022008,8
080690025083026,8
080690013052008,8
081230021041006,8
080690011103001,8
081230025015054,8
081230014072025,8
080690024012058,8
080690013061016,8
081230020101002,8
080690009014003,8
080690016082044,8
081230021011023,8
081230016001020,8
081230021016016,8
080690008011015,8
080690016012004,8
081230021072029,8
080690016083019,8
081230017003029,8
081230012021006,8
080690028053014,8
081230006001013,8
080690026011004,8
080690027003041,8
081230021016034,8
081230010061029,8
080690010043011,8
081230014092000,8
080690001001005,8
081230007012010,8
081230009002010,8
080690024011140,8
081230021071026,8
081230022082028,8
080690018132008,8
080690025032030,8
080690017143007,8
081230004013018,8
080690018123027,8
080690008011020,8
080690025081025,8
081230018001032,8
081230021041064,8
081230022052007,8
080690016032002,8
080690027004020,8
080690017121001,8
080690024011235,8
080690005062000,8
081230014161030,8
080690010094019,8
080690018124003,8
080690026023040,8
080690024011226,8
081230025013025,8
081230014152023,8
080690008011034,8
081230021082004,8
080690019051024,8
081230022061003,8
081230021061010,8
081230006001007,8
081230021083022,8
081230017001064,8
080690002022032,8
080690005061001,8
081230021082010,8
080690025033027,8
080690017064015,8
080690023001010,8
080690017111002,8
080690027001003,8
080690028011018,8
081230013004018,8
080690028012024,8
080690025053036,8
081230025013069,8
081230021051086,8
080690028043065,8
081230001001024,8
081230023003014,8
081230016001015,8
080690024011066,8
081230021061029,8
081230021071043,8
080690017123000,8
080690026021015,8
080690020101053,8
081230016002048,8
080690023001063,8
081230007051005,8
081230025013034,8
081230016001005,8
080690028041022,8
081230014042038,8
080690016082026,8
081230021011042,8
081230013003000,8
080690024012080,8
081230010031002,8
080690011071005,8
080690016012036,8
081230017003017,8
080690025082049,8
080690013061000,8
080690017071002,8
080690028041029,8
081230014052020,8
081230021051107,8
080690025053003,8
080690017152049,8
081230008003000,8
081230022081015,8
081230023001033,8
080690019041043,8
081230022082000,8
080690027002029,8
081230022091006,8
080690004022034,8
080690016031006,8
081230022051000,8
080690027004005,8
080690016082010,8
080690011131012,8
080690028053006,8
080690013071009,8
081230025014134,8
081230025013016,8
080690028052022,8
080690011063005,8
080690025081041,8
081230014161001,8
080690018072019,8
081230014072012,8
081230010052004,8
081230007052036,8
081230020121005,8
080690019051099,8
080690019022003,8
080690024011179,8
081230014161029,8
080690013083000,8
081230021051031,8
081230022072013,8
080690025053017,8
080690017131046,8
081230017001056,8
081230025014098,8
080690025032012,8
081230014101008,8
080690017073000,8
081230004013011,8
080690002022023,8
080690025061045,8
081230025011016,8
081230021073011,8
081230020171017,8
080690025073034,8
080690016031008,8
080690013011010,8
080690024012074,8
081230005022027,8
080690020051011,8
080690011063012,8
081230025011046,8
080690016062008,8
081230020203001,8
081230020161051,8
080690024031248,8
081230022082072,8
081230021082032,8
080690017066007,8
081230022062032,8
080690020072012,8
081230014162016,8
081230018001021,8
080690010031001,8
081230020193003,8
081230014092018,8
081230020211001,8
080690024031014,8
080690023002029,8
080690002012018,8
081230021073001,8
080690007002009,8
081230015004039,8
080690011094001,8
080690007002046,8
081230007052042,8
081230014042001,8
080690011132028,8
080690017131043,8
081230022072005,8
081230021081034,8
081230022101041,8
081230016003014,8
081230008001003,8
080690017132041,8
081230021051078,8
080690020071013,8
081230021041076,8
080690024031305,8
080690016011018,8
080690010073018,8
081230014161021,8
081230021061021,8
080690002011032,8
080690026011012,8
081230020201007,8
080690010094002,8
080690024011011,8
081230023004037,8
081230007051048,8
081230009001002,8
080690020081002,8
080690016011017,8
080690011122013,8
080690026023028,8
081230023003026,8
080690004022012,8
080690009023003,8
080690017113002,8
081230017003035,8
081230020141012,8
081230020161009,8
080690016053004,8
080690016082056,8
081230023003017,8
080690020101010,8
080690019051020,8
081230021011031,8
080690001002052,8
080690017081004,8
080690013014009,8
080690026022010,8
081230014061012,8
080690020101058,8
081230014062002,8
081230021016001,8
080690017131067,8
081230020141031,8
081230010051040,8
081230008002013,8
081230021013009,8
080690007002004,8
080690016012019,8
081230021051039,8
081230021013049,8
081230025014011,8
080690024012056,8
080690002021040,8
081230016003022,8
080690010091003,8
081230017003019,8
081230012012007,8
081230020202004,8
081230021051141,8
081230022082050,8
080690010034001,8
081230025014023,8
081230007034024,8
080690013084013,8
080690024011097,8
081230021041061,8
080690017072021,8
080690025082011,8
080690019023006,8
080690028031010,8
081230023005043,8
081230022031030,8
081230014041039,8
081230007051054,8
081230022041002,8
081230020193012,8
081230014152017,8
081230015004005,8
081230002002006,8
080690016034006,8
081230023005032,8
081230016002027,8
081230007051042,8
080690017066017,8
081230025013122,8
080690017064003,8
080690026022086,8
080690028011004,8
081230014063013,8
080690027004031,8
081230014111013,8
081230023005012,8
080690016053000,8
080690005042018,8
081230021082014,8
081230014063010,8
081230022081013,8
080690017082001,8
080690016021006,8
080690016034005,8
081230022091003,8
080690020071014,8
081230022091078,8
080690020073008,8
080690013051011,8
080690013014026,8
080690018131020,8
080690025062011,8
080690023001057,8
080690019043067,8
081230021051092,8
081230014092016,8
080690003001011,8
081230022062024,8
081230015003013,8
081230020191020,8
081230015003065,8
080690028052046,8
080690018073000,8
080690011092016,8
081230021041100,8
081230005022018,8
081230007052011,8
080690013071019,8
080690017113004,8
081230021061008,8
080690027002032,8
080690018082024,8
080690025081000,8
081230007011011,8
081230021082007,8
080690011071011,8
080690011064005,8
081230015005054,8
081230015005000,8
081230021062001,8
081230010042001,8
080690004012020,8
081230013003012,8
080690027003040,8
080690025071067,8
080690017111007,8
081230025013121,8
081230017003084,8
080690018073038,8
081230014091003,8
080690025053020,8
080690019041040,8
081230014131017,8
081230021041078,8
081230010031008,8
081230013001007,8
081230025014129,8
081230006001031,8
081230010061025,8
080690024041017,8
081230021041045,8
080690025071001,8
081230015001028,8
081230021014027,8
080690017101021,8
081230015002023,8
081230010056011,8
081230022091027,8
081230022031113,8
081230025015023,8
080690020082013,8
080690005062001,8
081230020121009,8
081230015005026,8
080690013082009,8
081230022082140,8
080690011064008,8
081230022082042,8
081230017002064,8
080690020114012,8
080690024031161,8
080690016082008,8
080690016012026,8
080690024011142,8
081230007032002,8
080690011112002,8
080690018101015,8
080690016034013,8
080690004021008,8
080690010035012,8
080690017132017,8
081230018001018,8
080690017152050,8
080690013051030,8
080690028043068,8
080690018123039,8
081230020121030,8
080690017102001,8
080690028043063,8
080690016081009,8
081230022031022,8
080690019051063,8
081230018001096,8
081230010061008,8
080690002021008,8
080690007002023,8
080690017112000,8
080690025053000,8
080690017152017,8
081230014101014,8
080690017082009,8
081230022082114,8
081230001003017,8
080690018122001,8
080690013014034,8
080690016061015,8
081230021073063,8
080690024011149,8
081230025014066,8
080690009023000,8
080690017121005,8
081230007051027,8
081230022082110,8
081230020133003,8
080690009013002,8
080690028014039,8
081230015003001,8
080690005042014,8
081230023002047,8
080690024041041,8
081230021081023,8
081230004011007,8
080690026022088,8
081230022062031,8
081230008004008,8
080690002021038,8
081230022082017,8
081230018001116,8
081230020101089,8
080690019021009,8
080690013071016,8
080690028043031,8
080690024011050,8
081230014064001,8
080690010092023,8
081230022031051,8
080690011042001,8
081230010063010,8
080690028053023,8
080690005042003,8
080690024011189,8
081230014152018,8
080690025032006,8
080690009021004,8
080690011141021,8
081230004022013,8
081230006001026,8
081230012011008,8
080690016081003,8
080690016082053,8
081230015002024,8
080690025061003,8
081230015001018,8
080690028052041,8
081230021071039,8
081230020131018,8
080690020071048,8
080690013042014,8
080690005052000,8
080690013052009,8
080690016083002,8
081230020192038,8
080690010095013,8
080690019021015,8
080690027001012,8
080690013083046,8
081230021064053,8
080690017152111,8
080690010095005,8
080690002022003,8
081230021065000,8
081230020193013,8
080690028031004,8
080690018102018,8
080690017082013,8
080690010093007,8
081230007051016,8
081230020192009,8
080690004012016,8
080690013071027,8
080690011043004,8
081230004011014,8
081230022082065,8
081230023005039,8
080690016061000,8
080690016082046,8
080690011094008,8
080690024012008,8
080690025081018,8
081230023005052,8
080690020073001,8
080690016011004,8
081230004011011,8
081230014152020,8
081230025014003,8
080690016081019,8
080690020101003,8
080690013083019,8
080690009011009,8
080690025042013,8
081230018002024,8
080690017061018,8
081230010055017,8
080690009011030,8
080690024011069,8
081230022083032,8
080690018123006,8
081230020191013,8
080690020112016,8
080690024031152,8
080690024031119,8
081230022082116,8
080690020114014,8
081230021015013,8
081230021041033,8
081230018001057,8
081230004014019,8
081230004022021,8
080690020114018,8
081230007051024,8
081230021064038,8
080690017152082,8
080690020052012,8
080690008011003,8
080690010081004,8
080690017152074,8
080690025081046,8
080690026022115,8
081230001001019,8
080690016083014,8
080690028043009,8
081230001003004,8
080690017131088,8
080690019013030,8
081230016002069,8
081230025013100,8
081230009002000,8
080690016034011,8
080690028031047,8
080690016052022,8
081230021013017,8
081230020192019,8
080690020111001,8
080690011093000,8
081230014042049,8
080690011064003,8
080690013084020,8
080690017123026,8
080690026021012,8
080690017123016,8
080690024011178,8
080690016054048,8
080690023001026,8
081230020181028,8
080690010102013,8
080690025082013,8
081230025014155,8
080690009014002,8
081230025015079,8
081230014042035,8
080690024041018,8
081230025015016,8
081230016001027,8
081230022051016,8
080690026022023,8
081230021013058,8
080690020073040,8
080690025062043,8
081230021072012,8
081230007052006,8
080690025053035,8
081230014151008,8
080690019043047,8
080690025062027,8
081230014152006,8
080690019041015,8
081230021015010,8
080690024011132,8
080690024031120,8
081230005021004,8
080690025051070,8
080690017151017,8
080690017142064,8
080690017142044,8
080690011064007,8
080690018123025,8
080690013084000,8
080690028043048,8
080690017065010,8
081230022031012,8
080690024012070,8
081230014161015,8
080690009022013,8
080690013083055,8
081230017004007,8
081230022062012,8
081230003001001,8
080690028012030,8
080690007002022,8
080690004022005,8
080690017143002,8
080690024031219,8
080690016052006,8
081230022091065,8
080690028043043,8
081230021051098,8
080690025082026,8
080690013014013,8
080690025042019,8
080690017152045,8
081230021065014,8
080690018081002,8
081230025015106,8
080690025083025,8
081230020141013,8
080690025081058,8
081230015005008,8
